2.548381 0.851190 0.750000
0.908026 0.851190 0.750000
0.774118 0.815476 0.750000
0.788943 0.904762 0.800000
0.604484 0.922619 0.850000
0.432862 0.922619 0.800000
0.411636 0.904762 0.850000
0.395638 0.934524 0.700000
0.290954 0.934524 0.800000
0.431671 0.910714 0.800000
0.419748 0.928571 0.800000
0.491178 0.922619 0.800000
0.372056 0.916667 0.750000
0.350562 0.928571 0.800000
0.217771 0.863095 0.750000
0.273108 0.928571 0.700000
0.214200 0.904762 0.750000
0.242831 0.910714 0.750000
0.179106 0.958333 0.750000
0.197561 0.940476 0.750000
0.168692 0.958333 0.800000
0.202218 0.851190 0.750000
0.248727 0.952381 0.800000
0.237723 0.970238 0.750000
0.202880 0.940476 0.750000
0.215322 0.892857 0.800000
0.195262 0.964286 0.700000
0.130533 0.964286 0.750000
0.171090 0.958333 0.750000
0.168554 0.934524 0.750000
0.195976 0.952381 0.750000
0.156583 0.946429 0.750000
0.142666 0.904762 0.800000
0.144331 0.982143 0.800000
0.101557 0.946429 0.750000
0.214300 0.886905 0.750000
0.146659 0.952381 0.750000
0.172714 0.767857 0.850000
0.194731 0.940476 0.750000
0.155944 0.922619 0.750000
0.160642 0.958333 0.750000
0.131855 0.958333 0.750000
0.148045 0.946429 0.800000
0.213304 0.922619 0.750000
0.133415 0.976190 0.850000
0.120283 0.964286 0.800000
0.167959 0.928571 0.800000
0.152603 0.886905 0.750000
0.101451 0.958333 0.850000
0.086342 0.976190 0.750000
0.096988 0.976190 0.750000
0.071684 0.976190 0.750000
0.093205 0.976190 0.800000
0.095351 0.982143 0.750000
0.100287 0.970238 0.750000
0.102460 0.994048 0.700000
0.082592 0.970238 0.800000
0.075932 0.982143 0.800000
0.093203 0.970238 0.800000
0.079093 0.982143 0.800000
0.050617 0.994048 0.750000
0.071644 0.994048 0.750000
0.051469 0.982143 0.700000
0.053328 1.000000 0.750000
0.056692 1.000000 0.750000
0.060943 0.988095 0.700000
0.088983 0.988095 0.800000
0.071925 0.970238 0.750000
0.065516 0.970238 0.700000
0.052683 0.994048 0.700000
0.043111 1.000000 0.750000
0.143050 0.934524 0.800000
0.108885 0.988095 0.800000
0.071357 0.994048 0.750000
0.077973 0.994048 0.750000
0.101459 0.976190 0.850000
0.079657 1.000000 0.800000
0.071842 1.000000 0.750000
0.052903 1.000000 0.750000
0.034757 1.000000 0.750000
0.071229 0.982143 0.800000
0.089982 0.976190 0.800000
0.113155 0.982143 0.800000
0.056677 0.970238 0.800000
0.037943 1.000000 0.800000
0.053255 0.982143 0.750000
0.057945 1.000000 0.850000
0.051121 1.000000 0.800000
0.050708 1.000000 0.800000
0.122254 0.952381 0.800000
0.097461 0.994048 0.850000
0.058310 0.982143 0.800000
0.062895 1.000000 0.800000
0.063534 0.976190 0.800000
0.075439 0.982143 0.800000
0.095949 0.988095 0.800000
0.069720 0.988095 0.700000
0.044328 1.000000 0.700000
0.147773 0.970238 0.800000
0.098888 0.994048 0.750000
0.051076 1.000000 0.800000
0.042901 0.994048 0.800000
0.044481 0.994048 0.800000
0.027318 1.000000 0.800000
0.017963 1.000000 0.800000
0.027471 1.000000 0.800000
0.031333 1.000000 0.800000
0.027708 1.000000 0.800000
0.021093 1.000000 0.800000
0.026370 1.000000 0.800000
0.029968 1.000000 0.800000
0.022096 1.000000 0.800000
0.025759 1.000000 0.800000
0.022856 1.000000 0.800000
0.049265 0.994048 0.800000
0.055471 0.994048 0.700000
0.165024 0.994048 0.800000
0.045252 0.994048 0.700000
0.031524 1.000000 0.750000
0.029597 1.000000 0.750000
0.028081 1.000000 0.700000
0.034375 1.000000 0.800000
0.027472 1.000000 0.750000
0.023822 1.000000 0.800000
0.042599 1.000000 0.700000
0.035601 1.000000 0.700000
0.029906 1.000000 0.700000
0.030520 1.000000 0.700000
0.024340 1.000000 0.700000
0.028691 1.000000 0.750000
0.019705 1.000000 0.700000
0.030004 1.000000 0.700000
0.020962 1.000000 0.700000
0.032147 1.000000 0.800000
0.050981 0.988095 0.750000
0.039131 1.000000 0.800000
0.029333 1.000000 0.750000
0.023215 1.000000 0.750000
0.024090 1.000000 0.750000
0.029493 1.000000 0.800000
0.037108 1.000000 0.750000
0.023327 1.000000 0.750000
0.018046 1.000000 0.750000
0.019734 1.000000 0.750000
0.025419 1.000000 0.750000
0.024155 1.000000 0.800000
0.019414 1.000000 0.700000
0.017246 1.000000 0.700000
0.031076 1.000000 0.750000
0.016963 1.000000 0.700000
0.027972 1.000000 0.700000
0.020279 1.000000 0.750000
0.015603 1.000000 0.750000
0.020083 1.000000 0.700000
0.016238 1.000000 0.800000
0.023016 1.000000 0.750000
0.028263 1.000000 0.700000
0.025762 1.000000 0.750000
0.021131 1.000000 0.700000
0.021147 1.000000 0.700000
0.022066 1.000000 0.700000
0.016127 1.000000 0.750000
0.021794 1.000000 0.700000
0.011608 1.000000 0.750000
0.013460 1.000000 0.700000
0.015852 1.000000 0.700000
0.016108 1.000000 0.700000
0.023111 1.000000 0.700000
0.024172 1.000000 0.700000
0.019908 1.000000 0.700000
0.016970 1.000000 0.700000
0.020253 1.000000 0.750000
0.015922 1.000000 0.750000
0.017137 1.000000 0.700000
0.020181 1.000000 0.700000
0.021287 1.000000 0.750000
0.018483 1.000000 0.700000
0.019967 1.000000 0.700000
0.013848 1.000000 0.700000
0.014954 1.000000 0.750000
0.016292 1.000000 0.750000
0.024477 1.000000 0.750000
0.021037 1.000000 0.700000
0.023554 1.000000 0.700000
0.064226 1.000000 0.750000
0.030250 1.000000 0.750000
0.018107 1.000000 0.750000
0.017129 1.000000 0.750000
0.024611 1.000000 0.750000
0.014682 1.000000 0.750000
0.017657 1.000000 0.750000
0.015961 1.000000 0.750000
0.016180 1.000000 0.750000
0.014061 1.000000 0.750000
0.018499 1.000000 0.750000
0.015147 1.000000 0.750000
0.010294 1.000000 0.750000
0.013697 1.000000 0.750000
0.019683 1.000000 0.750000
0.018024 1.000000 0.750000
0.018014 1.000000 0.750000
0.017415 1.000000 0.750000
0.016071 1.000000 0.750000
0.014486 1.000000 0.750000
0.015996 1.000000 0.750000
0.012164 1.000000 0.750000
0.014716 1.000000 0.750000
0.017962 1.000000 0.750000
0.015332 1.000000 0.750000
0.015030 1.000000 0.750000
0.012544 1.000000 0.750000
0.016447 1.000000 0.750000
0.018376 1.000000 0.750000
0.012707 1.000000 0.750000
0.013556 1.000000 0.750000
0.015370 1.000000 0.750000
0.011721 1.000000 0.750000
0.013087 1.000000 0.750000
0.010505 1.000000 0.750000
0.015893 1.000000 0.750000
0.024529 1.000000 0.700000
0.012050 1.000000 0.700000
0.019375 1.000000 0.700000
0.067943 1.000000 0.750000
0.013993 1.000000 0.750000
0.020389 1.000000 0.750000
0.018524 1.000000 0.750000
0.010826 1.000000 0.750000
0.013534 1.000000 0.750000
0.017442 1.000000 0.750000
0.014356 1.000000 0.750000
0.014389 1.000000 0.750000
0.012844 1.000000 0.750000
0.010418 1.000000 0.750000
0.013302 1.000000 0.750000
0.013960 1.000000 0.750000
0.016471 1.000000 0.750000
0.014517 1.000000 0.750000
0.013419 1.000000 0.750000
0.017727 1.000000 0.750000
0.018532 1.000000 0.750000
0.011881 1.000000 0.750000
0.017701 1.000000 0.750000
0.016301 1.000000 0.750000
0.008504 1.000000 0.750000
0.014276 1.000000 0.750000
0.011391 1.000000 0.750000
0.016596 1.000000 0.750000
0.021438 1.000000 0.750000
0.016378 1.000000 0.750000
0.017044 1.000000 0.750000
0.011376 1.000000 0.750000
0.011771 1.000000 0.750000
0.010284 1.000000 0.800000
0.011796 1.000000 0.750000
0.018562 1.000000 0.750000
0.011460 1.000000 0.750000
0.013138 1.000000 0.750000
0.013293 1.000000 0.750000
0.013807 1.000000 0.750000
0.016171 1.000000 0.750000
0.024184 1.000000 0.750000
0.011945 1.000000 0.800000
0.014877 1.000000 0.700000
0.013090 1.000000 0.750000
0.011448 1.000000 0.750000
0.012860 1.000000 0.750000
0.014994 1.000000 0.750000
0.013838 1.000000 0.750000
0.013212 1.000000 0.700000
0.013304 1.000000 0.800000
0.012864 1.000000 0.750000
0.011616 1.000000 0.750000
0.010836 1.000000 0.750000
0.012977 1.000000 0.750000
0.014793 1.000000 0.800000
0.013585 1.000000 0.750000
0.012439 1.000000 0.750000
0.054958 1.000000 0.700000
0.011561 1.000000 0.750000
0.012029 1.000000 0.750000
0.013277 1.000000 0.750000
0.013462 1.000000 0.750000
0.011378 1.000000 0.750000
0.012534 1.000000 0.750000
0.014575 1.000000 0.750000
0.012617 1.000000 0.800000
0.013777 1.000000 0.700000
0.014181 1.000000 0.750000
0.014154 1.000000 0.750000
0.009900 1.000000 0.800000
0.015294 1.000000 0.800000
0.012393 1.000000 0.800000
0.011496 1.000000 0.700000
0.013005 1.000000 0.800000
0.014903 1.000000 0.750000
0.014231 1.000000 0.800000
0.011656 1.000000 0.800000
0.008806 1.000000 0.800000
0.011262 1.000000 0.750000
0.009344 1.000000 0.800000
0.009976 1.000000 0.700000
0.012791 1.000000 0.750000
0.010637 1.000000 0.800000
0.018641 1.000000 0.800000
0.014367 1.000000 0.750000
0.010854 1.000000 0.700000
0.012839 1.000000 0.800000
0.013692 1.000000 0.800000
0.008525 1.000000 0.800000
0.013090 1.000000 0.800000
0.020337 1.000000 0.800000
0.018160 1.000000 0.750000
0.011007 1.000000 0.800000
0.010195 1.000000 0.800000
0.009782 1.000000 0.800000
0.011139 1.000000 0.750000
0.010733 1.000000 0.700000
0.014203 1.000000 0.750000
0.011782 1.000000 0.800000
0.010269 1.000000 0.800000
0.012888 1.000000 0.800000
0.011019 1.000000 0.700000
0.013208 1.000000 0.800000
0.015026 1.000000 0.750000
0.008364 1.000000 0.800000
0.011706 1.000000 0.800000
0.014157 1.000000 0.800000
0.012986 1.000000 0.750000
0.014178 1.000000 0.750000
0.011983 1.000000 0.800000
0.017783 1.000000 0.800000
0.013245 1.000000 0.700000
0.008987 1.000000 0.800000
0.010035 1.000000 0.800000
0.010219 1.000000 0.750000
0.011876 1.000000 0.750000
0.014711 1.000000 0.750000
0.011807 1.000000 0.750000
0.013738 1.000000 0.750000
0.013197 1.000000 0.800000
0.008559 1.000000 0.800000
0.008907 1.000000 0.800000
0.012709 1.000000 0.800000
0.015969 1.000000 0.800000
0.010943 1.000000 0.800000
0.017739 1.000000 0.750000
0.015577 1.000000 0.800000
0.015017 1.000000 0.750000
0.015033 1.000000 0.750000
