4.281351 0.726190 0.700000
1.637353 0.738095 0.750000
1.386258 0.761905 0.700000
1.537802 0.791667 0.700000
1.409270 0.714286 0.650000
0.972154 0.845238 0.800000
0.777631 0.845238 0.800000
0.596950 0.785714 0.650000
0.480906 0.809524 0.750000
0.467764 0.845238 0.800000
0.567176 0.863095 0.800000
0.448547 0.880952 0.800000
0.428265 0.863095 0.750000
0.463931 0.470238 0.450000
0.440897 0.875000 0.800000
0.464065 0.869048 0.800000
0.402932 0.869048 0.750000
0.526193 0.761905 0.650000
0.410492 0.642857 0.650000
0.353790 0.880952 0.800000
0.299097 0.880952 0.750000
0.402409 0.886905 0.800000
0.412694 0.785714 0.750000
0.437498 0.809524 0.850000
0.418809 0.892857 0.800000
0.344672 0.815476 0.700000
0.349895 0.916667 0.750000
0.347148 0.892857 0.800000
0.334551 0.851190 0.750000
0.335898 0.529762 0.500000
0.363236 0.869048 0.750000
0.359253 0.886905 0.700000
0.348480 0.898810 0.850000
0.301175 0.904762 0.750000
0.304497 0.880952 0.700000
0.317573 0.738095 0.650000
0.290223 0.880952 0.750000
0.365490 0.886905 0.750000
0.276049 0.916667 0.800000
0.318672 0.815476 0.750000
0.305479 0.869048 0.800000
0.279287 0.880952 0.800000
0.268395 0.898810 0.750000
0.311546 0.845238 0.750000
0.352337 0.875000 0.750000
0.269362 0.880952 0.750000
0.291846 0.815476 0.800000
0.289014 0.851190 0.650000
0.240655 0.863095 0.750000
0.247875 0.928571 0.700000
0.246956 0.898810 0.750000
0.219001 0.946429 0.750000
0.234221 0.904762 0.750000
0.239884 0.934524 0.750000
0.242945 0.922619 0.800000
0.258908 0.886905 0.750000
0.223240 0.886905 0.800000
0.234564 0.898810 0.750000
0.248699 0.857143 0.750000
0.255752 0.886905 0.650000
0.212111 0.910714 0.750000
0.230206 0.898810 0.750000
0.262215 0.875000 0.650000
0.265015 0.928571 0.750000
0.248969 0.916667 0.750000
0.215186 0.898810 0.800000
0.224480 0.934524 0.750000
0.242169 0.910714 0.750000
0.259406 0.857143 0.700000
0.286781 0.797619 0.750000
0.320325 0.875000 0.750000
0.262678 0.863095 0.700000
0.228940 0.940476 0.750000
0.220761 0.934524 0.750000
0.244925 0.898810 0.850000
0.263553 0.928571 0.650000
0.247305 0.898810 0.750000
0.225424 0.904762 0.800000
0.218453 0.910714 0.800000
0.225319 0.886905 0.700000
0.236140 0.934524 0.800000
0.229193 0.946429 0.800000
0.214531 0.928571 0.700000
0.215885 0.916667 0.650000
0.250081 0.857143 0.700000
0.240417 0.892857 0.750000
0.243218 0.880952 0.750000
0.227254 0.922619 0.750000
0.249506 0.886905 0.850000
0.228362 0.892857 0.750000
0.234540 0.952381 0.700000
0.218512 0.803571 0.700000
0.212604 0.904762 0.750000
0.213221 0.880952 0.750000
0.227618 0.892857 0.700000
0.244020 0.928571 0.750000
0.207223 0.904762 0.650000
0.227307 0.845238 0.650000
0.262902 0.922619 0.750000
0.227551 0.916667 0.750000
0.205827 0.928571 0.750000
0.203000 0.916667 0.700000
0.218424 0.898810 0.700000
0.190850 0.946429 0.800000
0.201819 0.928571 0.750000
0.185095 0.916667 0.750000
0.208541 0.922619 0.750000
0.210637 0.940476 0.800000
0.203655 0.922619 0.750000
0.191834 0.910714 0.750000
0.200013 0.904762 0.800000
0.177200 0.940476 0.800000
0.217770 0.922619 0.750000
0.214144 0.922619 0.850000
0.186261 0.904762 0.800000
0.209763 0.898810 0.800000
0.192129 0.910714 0.750000
0.197828 0.916667 0.700000
0.205154 0.898810 0.800000
0.208732 0.922619 0.800000
0.194077 0.916667 0.800000
0.216163 0.910714 0.800000
0.193132 0.952381 0.750000
0.202997 0.940476 0.800000
0.198047 0.916667 0.800000
0.201539 0.821429 0.700000
0.195707 0.910714 0.800000
0.198679 0.904762 0.800000
0.207156 0.910714 0.800000
0.209167 0.821429 0.750000
0.206216 0.910714 0.800000
0.212347 0.910714 0.800000
0.211109 0.928571 0.800000
0.198176 0.904762 0.750000
0.201353 0.922619 0.750000
0.209018 0.934524 0.750000
0.205091 0.952381 0.700000
0.202106 0.910714 0.750000
0.200053 0.910714 0.750000
0.215779 0.916667 0.750000
0.206534 0.904762 0.750000
0.193492 0.940476 0.750000
0.190069 0.910714 0.750000
0.211017 0.934524 0.800000
0.199269 0.904762 0.800000
0.204608 0.946429 0.750000
0.194187 0.916667 0.700000
0.208372 0.904762 0.750000
0.268472 0.815476 0.750000
0.250055 0.940476 0.750000
0.224557 0.940476 0.700000
0.200942 0.898810 0.750000
0.210716 0.952381 0.750000
0.202025 0.934524 0.750000
0.182003 0.922619 0.750000
0.200281 0.910714 0.750000
0.196791 0.940476 0.800000
0.204837 0.934524 0.800000
0.197142 0.910714 0.800000
0.215847 0.910714 0.800000
0.181470 0.922619 0.750000
0.193201 0.934524 0.800000
0.198470 0.910714 0.800000
0.181552 0.934524 0.750000
0.192680 0.910714 0.800000
0.198121 0.904762 0.750000
0.187612 0.904762 0.800000
0.176357 0.904762 0.800000
0.190548 0.934524 0.750000
0.195743 0.916667 0.750000
0.180191 0.910714 0.700000
0.203819 0.940476 0.800000
0.189979 0.946429 0.750000
0.196106 0.916667 0.750000
0.210562 0.916667 0.750000
0.193573 0.934524 0.750000
0.183385 0.910714 0.750000
0.179273 0.928571 0.800000
0.180697 0.898810 0.800000
0.202474 0.934524 0.700000
0.205573 0.922619 0.750000
0.184709 0.910714 0.750000
0.215894 0.952381 0.750000
0.209376 0.934524 0.800000
0.186957 0.946429 0.750000
0.188791 0.916667 0.750000
0.176073 0.940476 0.700000
0.190353 0.952381 0.800000
0.215830 0.910714 0.750000
0.182912 0.916667 0.800000
0.189430 0.916667 0.750000
0.186918 0.910714 0.800000
0.195220 0.916667 0.800000
0.180176 0.910714 0.800000
0.199957 0.952381 0.750000
0.178986 0.922619 0.800000
0.178708 0.940476 0.850000
0.164615 0.910714 0.750000
0.193425 0.916667 0.800000
0.189591 0.946429 0.750000
0.205561 0.940476 0.800000
0.181885 0.916667 0.800000
0.204650 0.940476 0.750000
0.184047 0.922619 0.800000
0.201712 0.946429 0.750000
0.164338 0.916667 0.700000
0.176093 0.940476 0.750000
0.195825 0.922619 0.750000
0.178321 0.916667 0.750000
0.173954 0.910714 0.750000
0.194217 0.922619 0.750000
0.176887 0.922619 0.750000
0.173157 0.928571 0.700000
0.176490 0.934524 0.700000
0.196828 0.916667 0.700000
0.197191 0.922619 0.750000
0.177115 0.922619 0.800000
0.173994 0.922619 0.750000
0.182455 0.922619 0.750000
0.183921 0.910714 0.750000
0.176972 0.910714 0.750000
0.179188 0.916667 0.750000
0.191469 0.904762 0.750000
0.161171 0.916667 0.750000
0.158883 0.922619 0.750000
0.177860 0.928571 0.800000
0.195010 0.922619 0.800000
0.174753 0.922619 0.800000
0.183860 0.922619 0.750000
0.172003 0.922619 0.750000
0.191937 0.922619 0.750000
0.180773 0.922619 0.750000
0.188183 0.910714 0.750000
0.169454 0.916667 0.750000
0.170757 0.910714 0.750000
0.158828 0.922619 0.750000
0.186014 0.922619 0.750000
0.179681 0.898810 0.750000
0.166379 0.922619 0.750000
0.166961 0.946429 0.750000
0.201898 0.946429 0.750000
0.186821 0.922619 0.800000
0.189703 0.922619 0.800000
0.185334 0.928571 0.750000
0.181724 0.934524 0.800000
0.181612 0.916667 0.750000
0.178154 0.934524 0.750000
0.184686 0.922619 0.750000
0.181155 0.922619 0.750000
0.177201 0.922619 0.750000
0.179365 0.922619 0.750000
0.180354 0.922619 0.750000
0.179438 0.916667 0.750000
0.166048 0.922619 0.750000
0.194679 0.922619 0.750000
0.176158 0.934524 0.750000
0.174994 0.922619 0.750000
0.170726 0.916667 0.750000
0.184280 0.916667 0.750000
0.175935 0.922619 0.750000
0.178938 0.916667 0.750000
0.170916 0.922619 0.750000
0.184569 0.934524 0.750000
0.165078 0.916667 0.750000
0.171775 0.940476 0.750000
0.173026 0.928571 0.700000
0.177265 0.928571 0.750000
0.185159 0.916667 0.750000
0.176533 0.928571 0.700000
0.174127 0.928571 0.750000
0.171573 0.922619 0.750000
0.172357 0.928571 0.750000
0.177911 0.946429 0.750000
0.166803 0.922619 0.750000
0.178694 0.916667 0.750000
0.156984 0.928571 0.750000
0.180528 0.946429 0.750000
0.177538 0.922619 0.750000
0.187551 0.922619 0.750000
0.186140 0.922619 0.750000
0.176323 0.922619 0.750000
0.187985 0.922619 0.750000
0.189061 0.916667 0.750000
0.188769 0.928571 0.750000
0.175695 0.922619 0.750000
0.199382 0.928571 0.750000
0.191782 0.904762 0.750000
0.181464 0.922619 0.750000
0.186998 0.922619 0.750000
0.176232 0.922619 0.750000
0.175017 0.922619 0.750000
0.182068 0.922619 0.750000
0.163890 0.916667 0.750000
0.172994 0.922619 0.750000
0.172858 0.922619 0.750000
0.183142 0.922619 0.750000
0.179567 0.922619 0.750000
0.174825 0.922619 0.750000
0.178532 0.922619 0.750000
0.196885 0.922619 0.750000
0.201223 0.934524 0.750000
0.184777 0.916667 0.750000
0.168572 0.922619 0.750000
0.160910 0.922619 0.750000
0.182983 0.922619 0.750000
0.172056 0.922619 0.750000
0.178625 0.922619 0.750000
0.177672 0.922619 0.750000
0.176121 0.922619 0.750000
0.168957 0.922619 0.750000
0.175581 0.928571 0.750000
0.197821 0.922619 0.750000
0.171567 0.922619 0.750000
0.167889 0.922619 0.750000
0.183826 0.928571 0.750000
0.168274 0.922619 0.750000
0.187982 0.922619 0.750000
0.193791 0.928571 0.750000
0.178452 0.940476 0.750000
0.172612 0.922619 0.750000
0.172030 0.916667 0.750000
0.168760 0.922619 0.750000
0.167991 0.928571 0.750000
0.184936 0.928571 0.750000
0.173014 0.928571 0.750000
0.169581 0.916667 0.750000
0.176204 0.928571 0.750000
0.169051 0.922619 0.750000
0.192093 0.928571 0.750000
0.163052 0.928571 0.750000
0.172655 0.922619 0.750000
0.166189 0.922619 0.750000
0.186635 0.922619 0.750000
0.182337 0.922619 0.750000
0.194517 0.922619 0.750000
0.184506 0.922619 0.750000
0.159984 0.922619 0.750000
0.184690 0.922619 0.750000
0.175698 0.922619 0.750000
0.190000 0.922619 0.750000
0.166753 0.922619 0.750000
0.165194 0.922619 0.750000
0.197070 0.916667 0.750000
0.178554 0.922619 0.750000
0.185970 0.922619 0.750000
0.169401 0.922619 0.750000
0.170718 0.922619 0.750000
0.163558 0.922619 0.750000
0.171195 0.922619 0.750000
0.181403 0.922619 0.750000
