1.465603 0.791667 0.800000
0.589918 0.892857 0.800000
0.455672 0.779762 0.750000
0.612138 0.833333 0.750000
0.444280 0.910714 0.800000
0.425448 0.904762 0.750000
0.261859 0.910714 0.750000
0.254661 0.922619 0.800000
0.189835 0.928571 0.800000
0.221976 0.916667 0.800000
0.276591 0.886905 0.750000
0.219088 0.952381 0.750000
0.230819 0.904762 0.800000
0.374544 0.898810 0.800000
0.239082 0.916667 0.750000
0.238092 0.928571 0.800000
0.177476 0.958333 0.750000
0.232906 0.928571 0.750000
0.162311 0.952381 0.800000
0.182899 0.946429 0.750000
0.186978 0.964286 0.750000
0.217629 0.952381 0.750000
0.203899 0.910714 0.800000
0.176147 0.964286 0.800000
0.154323 0.970238 0.800000
0.153818 0.928571 0.800000
0.185802 0.928571 0.800000
0.108852 0.916667 0.750000
0.168728 0.970238 0.800000
0.124936 0.970238 0.800000
0.139143 0.970238 0.750000
0.139564 0.964286 0.800000
0.134155 0.809524 0.700000
0.102693 0.982143 0.800000
0.076917 0.952381 0.800000
0.093060 0.952381 0.800000
0.135682 0.958333 0.800000
0.110506 0.970238 0.750000
0.124723 0.964286 0.800000
0.103302 0.970238 0.800000
0.124959 0.946429 0.800000
0.147065 0.910714 0.800000
0.184983 0.970238 0.800000
0.188339 0.755952 0.600000
0.167588 0.970238 0.800000
0.123629 0.982143 0.800000
0.134629 0.946429 0.750000
0.082027 0.994048 0.800000
0.072883 0.982143 0.800000
0.060386 0.982143 0.850000
0.060564 1.000000 0.800000
0.039642 1.000000 0.800000
0.059189 0.988095 0.800000
0.042589 1.000000 0.800000
0.069909 0.988095 0.800000
0.064724 1.000000 0.750000
0.049246 1.000000 0.800000
0.063283 0.970238 0.750000
0.058486 0.952381 0.800000
0.061645 0.988095 0.800000
0.036183 0.994048 0.800000
0.046401 1.000000 0.800000
0.033654 0.994048 0.800000
0.039299 1.000000 0.800000
0.036343 1.000000 0.800000
0.055738 0.910714 0.750000
0.110132 0.898810 0.800000
0.118527 0.964286 0.800000
0.059865 1.000000 0.800000
0.043666 1.000000 0.800000
0.034553 1.000000 0.800000
0.046587 1.000000 0.800000
0.095710 0.892857 0.750000
0.110649 0.970238 0.800000
0.119244 0.982143 0.800000
0.081136 0.982143 0.800000
0.053945 1.000000 0.800000
0.058602 0.994048 0.800000
0.035959 0.964286 0.800000
0.043514 1.000000 0.800000
0.050548 0.982143 0.850000
0.046377 0.994048 0.800000
0.084885 0.982143 0.800000
0.080005 0.988095 0.850000
0.054407 0.994048 0.850000
0.074269 0.976190 0.800000
0.049905 0.952381 0.800000
0.033346 0.994048 0.750000
0.038017 1.000000 0.800000
0.044066 1.000000 0.800000
0.039547 1.000000 0.800000
0.040969 1.000000 0.850000
0.039432 1.000000 0.850000
0.025506 1.000000 0.850000
0.035427 1.000000 0.850000
0.027929 1.000000 0.850000
0.026083 1.000000 0.850000
0.022567 1.000000 0.850000
0.073621 0.976190 0.750000
0.037655 1.000000 0.800000
0.023606 1.000000 0.800000
0.021352 1.000000 0.800000
0.029146 1.000000 0.800000
0.029196 1.000000 0.800000
0.013149 1.000000 0.800000
0.018697 1.000000 0.800000
0.020511 1.000000 0.800000
0.013569 1.000000 0.800000
0.011846 1.000000 0.800000
0.023222 1.000000 0.800000
0.039370 0.875000 0.750000
0.035116 0.988095 0.800000
0.024615 1.000000 0.800000
0.018865 1.000000 0.800000
0.029821 0.994048 0.850000
0.054855 1.000000 0.800000
0.066476 0.910714 0.800000
0.025708 1.000000 0.850000
0.020546 1.000000 0.800000
0.020801 1.000000 0.800000
0.013365 1.000000 0.800000
0.021144 1.000000 0.850000
0.016320 1.000000 0.800000
0.012834 1.000000 0.850000
0.015150 1.000000 0.800000
0.019042 1.000000 0.800000
0.014531 1.000000 0.800000
0.016630 1.000000 0.800000
0.018694 1.000000 0.800000
0.021751 1.000000 0.850000
0.013816 1.000000 0.800000
0.017507 1.000000 0.800000
0.013513 1.000000 0.800000
0.016592 1.000000 0.800000
0.019058 1.000000 0.800000
0.010988 1.000000 0.850000
0.016509 1.000000 0.800000
0.014470 1.000000 0.800000
0.012904 1.000000 0.800000
0.016461 1.000000 0.800000
0.019985 1.000000 0.800000
0.013966 1.000000 0.800000
0.017157 1.000000 0.800000
0.011936 1.000000 0.800000
0.016078 1.000000 0.850000
0.012575 1.000000 0.800000
0.009704 1.000000 0.800000
0.011737 1.000000 0.800000
0.024130 0.988095 0.800000
0.013314 1.000000 0.800000
0.026062 1.000000 0.800000
0.015521 1.000000 0.800000
0.009605 1.000000 0.800000
0.014538 1.000000 0.800000
0.016317 1.000000 0.800000
0.012944 1.000000 0.800000
0.017827 1.000000 0.800000
0.016440 1.000000 0.800000
0.017312 1.000000 0.800000
0.016805 1.000000 0.800000
0.015008 1.000000 0.800000
0.011180 1.000000 0.800000
0.016803 1.000000 0.800000
0.007393 1.000000 0.800000
0.010022 1.000000 0.800000
0.023940 1.000000 0.800000
0.016046 1.000000 0.800000
0.021669 1.000000 0.800000
0.021304 0.952381 0.850000
0.019874 1.000000 0.800000
0.015208 1.000000 0.800000
0.017502 1.000000 0.800000
0.010081 1.000000 0.800000
0.021288 1.000000 0.800000
0.019607 1.000000 0.850000
0.015912 1.000000 0.800000
0.015101 1.000000 0.800000
0.015876 1.000000 0.800000
0.010965 1.000000 0.800000
0.012837 1.000000 0.800000
0.010297 1.000000 0.800000
0.018999 1.000000 0.800000
0.013010 1.000000 0.800000
0.021954 1.000000 0.800000
0.020882 1.000000 0.800000
0.010688 1.000000 0.800000
0.008776 1.000000 0.800000
0.010660 1.000000 0.800000
0.011664 1.000000 0.800000
0.009122 1.000000 0.800000
0.010870 1.000000 0.800000
0.013219 1.000000 0.800000
0.010063 1.000000 0.800000
0.008579 1.000000 0.800000
0.013945 1.000000 0.800000
0.012725 1.000000 0.800000
0.010458 1.000000 0.800000
0.012849 1.000000 0.800000
0.017646 0.982143 0.800000
0.019273 1.000000 0.800000
0.012897 1.000000 0.800000
0.013082 1.000000 0.800000
0.010704 1.000000 0.800000
0.020829 1.000000 0.800000
0.014015 1.000000 0.800000
0.010509 1.000000 0.800000
0.011549 1.000000 0.800000
0.012208 1.000000 0.800000
0.013071 1.000000 0.800000
0.012852 1.000000 0.800000
0.007381 1.000000 0.800000
0.013696 1.000000 0.800000
0.016507 1.000000 0.800000
0.009593 1.000000 0.800000
0.008416 1.000000 0.800000
0.012281 1.000000 0.800000
0.008627 1.000000 0.800000
0.010428 1.000000 0.800000
0.007566 1.000000 0.800000
0.011368 1.000000 0.800000
0.012734 1.000000 0.800000
0.010000 1.000000 0.800000
0.013713 1.000000 0.800000
0.010516 1.000000 0.800000
0.008091 1.000000 0.800000
0.015322 1.000000 0.750000
0.014504 1.000000 0.800000
0.008111 1.000000 0.800000
0.009842 1.000000 0.800000
0.011511 1.000000 0.800000
0.012985 1.000000 0.800000
0.011585 1.000000 0.800000
0.009687 1.000000 0.800000
0.006620 1.000000 0.800000
0.007466 1.000000 0.800000
0.011340 1.000000 0.800000
0.013275 1.000000 0.800000
0.010713 1.000000 0.800000
0.008599 1.000000 0.800000
0.015089 1.000000 0.800000
0.014387 1.000000 0.800000
0.008798 1.000000 0.800000
0.016161 1.000000 0.800000
0.014437 1.000000 0.800000
0.005952 1.000000 0.800000
0.014626 1.000000 0.800000
0.008312 1.000000 0.800000
0.013170 1.000000 0.800000
0.014545 0.994048 0.800000
0.012685 1.000000 0.800000
0.014076 1.000000 0.800000
0.009235 1.000000 0.800000
0.008108 1.000000 0.800000
0.007162 1.000000 0.800000
0.008097 1.000000 0.800000
0.015923 1.000000 0.800000
0.008864 1.000000 0.800000
0.037175 1.000000 0.800000
0.011820 1.000000 0.800000
0.013179 1.000000 0.800000
0.012346 1.000000 0.800000
0.016127 1.000000 0.800000
0.009157 1.000000 0.800000
0.009862 1.000000 0.800000
0.011295 1.000000 0.800000
0.010276 1.000000 0.800000
0.010021 1.000000 0.800000
0.013010 1.000000 0.800000
0.010509 1.000000 0.800000
0.010025 1.000000 0.800000
0.008699 1.000000 0.800000
0.009510 1.000000 0.800000
0.010116 1.000000 0.800000
0.007325 1.000000 0.800000
0.009667 1.000000 0.800000
0.012224 1.000000 0.800000
0.009166 1.000000 0.800000
0.008692 1.000000 0.800000
0.013818 1.000000 0.800000
0.009364 1.000000 0.800000
0.008552 1.000000 0.800000
0.011535 1.000000 0.800000
0.010263 1.000000 0.800000
0.007652 1.000000 0.800000
0.008986 1.000000 0.800000
0.009074 1.000000 0.800000
0.010720 1.000000 0.800000
0.009788 1.000000 0.800000
0.010220 1.000000 0.800000
0.009016 1.000000 0.800000
0.007048 1.000000 0.800000
0.010229 1.000000 0.800000
0.009627 1.000000 0.850000
0.008644 1.000000 0.800000
0.010447 1.000000 0.850000
0.011052 1.000000 0.800000
0.011207 1.000000 0.800000
0.007416 1.000000 0.800000
0.005536 1.000000 0.800000
0.008899 1.000000 0.800000
0.006693 1.000000 0.800000
0.006193 1.000000 0.800000
0.010769 1.000000 0.800000
0.009031 1.000000 0.800000
0.010557 1.000000 0.850000
0.010378 1.000000 0.800000
0.006331 1.000000 0.800000
0.008855 1.000000 0.850000
0.010116 1.000000 0.850000
0.006143 1.000000 0.850000
0.010388 1.000000 0.850000
0.012633 1.000000 0.850000
0.015192 1.000000 0.800000
0.006826 1.000000 0.850000
0.008313 1.000000 0.850000
0.006548 1.000000 0.800000
0.006639 1.000000 0.850000
0.005974 1.000000 0.800000
0.012713 1.000000 0.800000
0.011072 1.000000 0.850000
0.007638 1.000000 0.800000
0.010517 1.000000 0.850000
0.008259 1.000000 0.800000
0.011913 1.000000 0.850000
0.011294 1.000000 0.850000
0.005448 1.000000 0.850000
0.008952 1.000000 0.850000
0.009514 1.000000 0.850000
0.009241 1.000000 0.800000
0.010449 1.000000 0.800000
0.009065 1.000000 0.850000
0.017362 1.000000 0.850000
0.013343 1.000000 0.800000
0.006691 1.000000 0.850000
0.007699 1.000000 0.800000
0.005678 1.000000 0.800000
0.006453 1.000000 0.800000
0.010609 1.000000 0.800000
0.009128 1.000000 0.850000
0.010894 1.000000 0.800000
0.010805 1.000000 0.850000
0.005010 1.000000 0.850000
0.006550 1.000000 0.850000
0.009549 1.000000 0.850000
0.011427 1.000000 0.850000
0.011834 1.000000 0.850000
0.014255 1.000000 0.850000
0.013834 1.000000 0.850000
0.011788 1.000000 0.850000
0.009873 1.000000 0.800000
1.357091 0.779762 0.700000
0.444516 0.898810 0.750000
0.385769 0.875000 0.800000
0.450185 0.916667 0.850000
0.330392 0.845238 0.700000
0.389020 0.922619 0.850000
0.269126 0.922619 0.900000
0.232650 0.934524 0.750000
0.209252 0.940476 0.750000
0.226435 0.892857 0.800000
0.268270 0.934524 0.750000
0.267393 0.934524 0.750000
0.271524 0.940476 0.700000
0.464888 0.922619 0.750000
0.215286 0.940476 0.750000
0.180759 0.892857 0.800000
0.184820 0.845238 0.750000
0.214008 0.946429 0.800000
0.141374 0.964286 0.900000
0.179864 0.886905 0.750000
0.202220 0.904762 0.850000
0.201279 0.898810 0.800000
0.192706 0.964286 0.800000
0.131741 0.976190 0.800000
0.199167 0.744048 0.800000
0.244415 0.934524 0.850000
0.189368 0.964286 0.850000
0.202880 0.946429 0.850000
0.122852 0.964286 0.850000
0.137398 0.934524 0.800000
0.108186 0.958333 0.850000
0.127213 0.940476 0.800000
0.175836 0.940476 0.850000
0.135772 0.964286 0.850000
0.125601 0.964286 0.800000
0.140068 0.952381 0.850000
0.105724 0.964286 0.850000
0.215598 0.952381 0.900000
0.099771 0.970238 0.850000
0.117998 0.946429 0.750000
0.120325 0.982143 0.850000
0.082181 0.994048 0.800000
0.115128 0.964286 0.800000
0.148910 0.946429 0.850000
0.139775 0.940476 0.800000
0.150988 0.964286 0.850000
0.101025 0.976190 0.900000
0.082650 0.958333 0.850000
0.089757 0.994048 0.850000
0.043436 1.000000 0.850000
0.043566 1.000000 0.850000
0.034121 1.000000 0.850000
0.047012 1.000000 0.850000
0.041737 1.000000 0.850000
0.042851 1.000000 0.850000
0.081780 0.976190 0.850000
0.064162 0.994048 0.850000
0.049314 1.000000 0.850000
0.051274 0.994048 0.850000
0.069517 1.000000 0.850000
0.039220 0.994048 0.850000
0.034837 1.000000 0.850000
0.041363 0.994048 0.850000
0.064911 1.000000 0.850000
0.030727 1.000000 0.850000
0.033338 1.000000 0.850000
0.030855 1.000000 0.850000
0.029302 1.000000 0.850000
0.028360 1.000000 0.850000
0.030929 1.000000 0.850000
0.021361 0.988095 0.850000
0.113841 0.976190 0.850000
0.102655 0.982143 0.850000
0.037085 1.000000 0.850000
0.036446 1.000000 0.850000
0.032800 0.988095 0.850000
0.034228 1.000000 0.850000
0.039617 1.000000 0.850000
0.039127 1.000000 0.850000
0.023150 1.000000 0.850000
0.031087 1.000000 0.850000
0.024959 1.000000 0.850000
0.020340 1.000000 0.850000
0.029837 1.000000 0.850000
0.052875 0.988095 0.850000
0.197967 0.934524 0.850000
0.106518 0.994048 0.850000
0.052406 1.000000 0.850000
0.043556 1.000000 0.850000
0.039397 1.000000 0.850000
0.029752 1.000000 0.850000
0.026160 1.000000 0.850000
0.037764 0.982143 0.850000
0.072898 0.994048 0.850000
0.056773 0.994048 0.850000
0.050659 1.000000 0.850000
0.025996 1.000000 0.850000
0.030292 1.000000 0.850000
0.060351 0.988095 0.850000
0.038505 1.000000 0.850000
0.031973 1.000000 0.850000
0.021614 1.000000 0.850000
0.025317 1.000000 0.850000
0.020543 1.000000 0.850000
0.012697 1.000000 0.850000
0.021043 1.000000 0.850000
0.023433 1.000000 0.850000
0.014124 1.000000 0.850000
0.015313 1.000000 0.850000
0.019896 1.000000 0.850000
0.030347 1.000000 0.850000
0.022592 1.000000 0.850000
0.021470 1.000000 0.850000
0.016269 1.000000 0.850000
0.016986 1.000000 0.850000
0.022623 1.000000 0.850000
0.033523 1.000000 0.850000
0.018757 1.000000 0.850000
0.017350 1.000000 0.850000
0.019118 1.000000 0.850000
0.013115 1.000000 0.850000
0.024429 1.000000 0.850000
0.017759 1.000000 0.850000
0.014473 1.000000 0.850000
0.015202 1.000000 0.850000
0.019680 1.000000 0.850000
0.016413 1.000000 0.850000
0.015326 1.000000 0.850000
0.015707 1.000000 0.850000
0.020938 1.000000 0.850000
0.014574 1.000000 0.850000
0.023042 1.000000 0.850000
0.034784 1.000000 0.850000
0.088838 0.970238 0.800000
0.089814 1.000000 0.850000
0.017974 1.000000 0.850000
0.017853 1.000000 0.850000
0.018418 1.000000 0.850000
0.019087 1.000000 0.850000
0.044396 1.000000 0.850000
0.071489 0.994048 0.850000
0.027798 1.000000 0.850000
0.020277 1.000000 0.850000
0.017085 1.000000 0.850000
0.021882 1.000000 0.850000
0.017011 1.000000 0.850000
0.013460 1.000000 0.850000
0.013855 1.000000 0.850000
0.020628 1.000000 0.850000
0.017843 1.000000 0.850000
0.021207 1.000000 0.850000
0.017486 1.000000 0.850000
0.012719 1.000000 0.850000
0.016155 1.000000 0.850000
0.015579 1.000000 0.850000
0.015498 1.000000 0.850000
0.017039 1.000000 0.850000
0.017529 1.000000 0.850000
0.014841 1.000000 0.850000
0.019224 1.000000 0.850000
0.018255 1.000000 0.850000
0.013468 1.000000 0.850000
0.020439 1.000000 0.850000
0.010665 1.000000 0.850000
0.011852 1.000000 0.850000
0.020420 1.000000 0.850000
0.011367 1.000000 0.850000
0.015431 1.000000 0.850000
0.021545 1.000000 0.850000
0.018559 1.000000 0.850000
0.015174 1.000000 0.850000
0.016533 1.000000 0.850000
0.013031 1.000000 0.850000
0.014758 1.000000 0.850000
0.013008 1.000000 0.850000
0.017468 1.000000 0.850000
0.015032 1.000000 0.850000
0.020670 1.000000 0.850000
0.012598 1.000000 0.850000
0.015570 1.000000 0.850000
0.015224 1.000000 0.850000
0.020570 1.000000 0.850000
0.020469 1.000000 0.850000
0.021633 1.000000 0.850000
0.021415 1.000000 0.850000
0.013591 1.000000 0.850000
0.012481 1.000000 0.850000
0.014687 1.000000 0.850000
0.018817 1.000000 0.850000
0.009449 1.000000 0.850000
0.015371 1.000000 0.850000
0.013537 1.000000 0.850000
0.011677 1.000000 0.850000
0.011397 1.000000 0.850000
0.018330 1.000000 0.850000
0.013787 1.000000 0.850000
0.008658 1.000000 0.850000
0.013177 1.000000 0.850000
0.018224 1.000000 0.850000
0.017016 1.000000 0.850000
0.017189 1.000000 0.850000
0.015038 1.000000 0.850000
0.011378 1.000000 0.850000
0.013935 1.000000 0.850000
0.014738 1.000000 0.850000
0.010777 1.000000 0.850000
0.012945 1.000000 0.850000
0.014403 1.000000 0.850000
0.014588 1.000000 0.850000
0.015043 1.000000 0.850000
0.008633 1.000000 0.850000
0.015289 1.000000 0.850000
0.017288 1.000000 0.850000
0.011625 1.000000 0.850000
0.011561 1.000000 0.850000
0.013777 1.000000 0.850000
0.009839 1.000000 0.850000
0.011741 1.000000 0.850000
0.009322 1.000000 0.850000
0.013993 1.000000 0.850000
0.027966 1.000000 0.850000
0.026003 1.000000 0.850000
0.017998 1.000000 0.850000
0.064394 1.000000 0.850000
0.009842 1.000000 0.850000
0.013877 1.000000 0.850000
0.015113 1.000000 0.850000
0.009595 1.000000 0.850000
0.012715 1.000000 0.850000
0.014392 1.000000 0.850000
0.014612 1.000000 0.850000
0.011510 1.000000 0.850000
0.012297 1.000000 0.850000
0.010049 1.000000 0.850000
0.010564 1.000000 0.850000
0.013207 1.000000 0.850000
0.014715 1.000000 0.850000
0.013315 1.000000 0.850000
0.011751 1.000000 0.850000
0.018681 1.000000 0.850000
0.017890 1.000000 0.850000
0.010351 1.000000 0.850000
0.019774 1.000000 0.850000
0.017257 1.000000 0.850000
0.006663 1.000000 0.850000
0.015767 1.000000 0.850000
0.010502 1.000000 0.850000
0.015974 1.000000 0.850000
0.017110 1.000000 0.850000
0.011359 1.000000 0.850000
0.015306 1.000000 0.850000
0.011286 1.000000 0.850000
0.010580 1.000000 0.850000
0.008922 1.000000 0.850000
0.010698 1.000000 0.850000
0.018380 1.000000 0.850000
0.010232 1.000000 0.850000
0.013948 1.000000 0.850000
0.010647 1.000000 0.850000
0.014670 1.000000 0.850000
0.016143 1.000000 0.850000
0.012828 1.000000 0.850000
0.008349 1.000000 0.850000
0.013406 1.000000 0.850000
0.013682 1.000000 0.850000
0.011594 1.000000 0.850000
0.012773 1.000000 0.850000
0.015807 1.000000 0.850000
0.011248 1.000000 0.850000
0.013813 1.000000 0.850000
0.010626 1.000000 0.850000
0.011178 1.000000 0.850000
0.011301 1.000000 0.850000
0.008504 1.000000 0.850000
0.013147 1.000000 0.850000
0.013853 1.000000 0.850000
0.012049 1.000000 0.850000
0.009913 1.000000 0.850000
0.018227 1.000000 0.850000
0.009651 1.000000 0.850000
0.010242 1.000000 0.850000
0.012341 1.000000 0.850000
0.011559 1.000000 0.850000
0.010366 1.000000 0.850000
0.011608 1.000000 0.850000
0.012717 1.000000 0.850000
0.011587 1.000000 0.850000
0.010612 1.000000 0.850000
0.013106 1.000000 0.850000
0.010859 1.000000 0.850000
0.010302 1.000000 0.850000
0.013982 1.000000 0.850000
0.012628 1.000000 0.850000
0.009706 1.000000 0.850000
0.011641 1.000000 0.850000
0.012679 1.000000 0.850000
0.014441 1.000000 0.850000
0.011468 1.000000 0.850000
0.007520 1.000000 0.850000
0.009605 1.000000 0.850000
0.008896 1.000000 0.850000
0.009146 1.000000 0.850000
0.012964 1.000000 0.850000
0.010094 1.000000 0.850000
0.010554 1.000000 0.850000
0.013579 1.000000 0.850000
0.008524 1.000000 0.850000
0.010995 1.000000 0.850000
0.012758 1.000000 0.850000
0.008419 1.000000 0.850000
0.011645 1.000000 0.850000
0.014243 1.000000 0.850000
0.017910 1.000000 0.850000
0.011447 1.000000 0.850000
0.010134 1.000000 0.850000
0.008526 1.000000 0.850000
0.008625 1.000000 0.850000
0.008310 1.000000 0.850000
0.013902 1.000000 0.850000
0.013495 1.000000 0.850000
0.010075 1.000000 0.850000
0.012247 1.000000 0.850000
0.010058 1.000000 0.850000
0.013299 1.000000 0.850000
0.013724 1.000000 0.850000
0.006404 1.000000 0.850000
0.011579 1.000000 0.850000
0.012851 1.000000 0.850000
0.011484 1.000000 0.850000
0.013477 1.000000 0.850000
0.009881 1.000000 0.850000
0.019584 1.000000 0.850000
0.013580 1.000000 0.850000
0.008788 1.000000 0.850000
0.008986 1.000000 0.850000
0.006787 1.000000 0.850000
0.009108 1.000000 0.850000
0.014914 1.000000 0.850000
0.011172 1.000000 0.850000
0.013225 1.000000 0.850000
0.011617 1.000000 0.850000
0.007034 1.000000 0.850000
0.007816 1.000000 0.850000
0.010395 1.000000 0.850000
0.013067 1.000000 0.850000
0.012303 1.000000 0.850000
0.019071 1.000000 0.850000
0.015909 1.000000 0.850000
0.013416 1.000000 0.850000
0.012396 1.000000 0.850000
