3.494150 0.702381 0.700000
1.560764 0.738095 0.750000
1.558297 0.726190 0.700000
1.307282 0.821429 0.700000
1.286055 0.827381 0.800000
0.955715 0.821429 0.800000
0.707153 0.839286 0.800000
0.658527 0.857143 0.800000
0.511707 0.773810 0.750000
0.744405 0.696429 0.600000
0.587359 0.886905 0.750000
0.453055 0.857143 0.800000
0.504424 0.827381 0.750000
0.604995 0.630952 0.550000
0.520396 0.863095 0.850000
0.420706 0.845238 0.800000
0.388225 0.857143 0.750000
0.527064 0.869048 0.700000
0.451969 0.875000 0.700000
0.401421 0.875000 0.800000
0.356423 0.857143 0.800000
0.453752 0.886905 0.800000
0.413861 0.839286 0.700000
0.418782 0.904762 0.800000
0.364774 0.863095 0.750000
0.340032 0.898810 0.750000
0.356695 0.875000 0.750000
0.348806 0.869048 0.750000
0.343411 0.827381 0.650000
0.394152 0.869048 0.750000
0.386102 0.869048 0.750000
0.368708 0.869048 0.750000
0.346668 0.904762 0.800000
0.342453 0.898810 0.900000
0.320845 0.875000 0.850000
0.351383 0.892857 0.750000
0.335264 0.785714 0.650000
0.363701 0.898810 0.700000
0.280809 0.880952 0.700000
0.321228 0.880952 0.850000
0.317250 0.869048 0.750000
0.301901 0.898810 0.800000
0.260751 0.875000 0.750000
0.364588 0.898810 0.850000
0.339656 0.875000 0.800000
0.275287 0.857143 0.750000
0.293970 0.875000 0.800000
0.302795 0.892857 0.850000
0.245781 0.898810 0.800000
0.267720 0.940476 0.800000
0.255310 0.928571 0.850000
0.229560 0.934524 0.800000
0.256971 0.892857 0.850000
0.272956 0.880952 0.800000
0.283374 0.916667 0.850000
0.283915 0.928571 0.800000
0.248395 0.928571 0.800000
0.264253 0.904762 0.800000
0.279961 0.916667 0.800000
0.239331 0.940476 0.800000
0.212510 0.916667 0.800000
0.233620 0.892857 0.750000
0.234506 0.875000 0.800000
0.259950 0.934524 0.850000
0.258810 0.886905 0.850000
0.226244 0.892857 0.850000
0.232473 0.922619 0.850000
0.248400 0.892857 0.850000
0.271809 0.934524 0.800000
0.241584 0.916667 0.750000
0.256501 0.898810 0.850000
0.253406 0.886905 0.700000
0.225716 0.922619 0.800000
0.232284 0.910714 0.750000
0.262912 0.922619 0.850000
0.257758 0.910714 0.700000
0.243975 0.940476 0.750000
0.240665 0.922619 0.800000
0.220597 0.910714 0.700000
0.236094 0.922619 0.850000
0.241500 0.767857 0.650000
0.255035 0.892857 0.750000
0.253191 0.809524 0.650000
0.239527 0.904762 0.800000
0.252786 0.928571 0.800000
0.245219 0.886905 0.700000
0.248541 0.916667 0.750000
0.222497 0.934524 0.750000
0.239975 0.928571 0.800000
0.222972 0.934524 0.750000
0.238926 0.934524 0.750000
0.239657 0.910714 0.750000
0.231978 0.880952 0.800000
0.215761 0.934524 0.800000
0.234619 0.904762 0.750000
0.248656 0.892857 0.800000
0.241318 0.922619 0.800000
0.239575 0.910714 0.700000
0.257177 0.904762 0.800000
0.231958 0.898810 0.800000
0.213553 0.922619 0.800000
0.206367 0.904762 0.800000
0.226775 0.898810 0.800000
0.197253 0.934524 0.800000
0.196452 0.898810 0.800000
0.192557 0.904762 0.800000
0.219954 0.898810 0.800000
0.222204 0.940476 0.800000
0.213172 0.928571 0.800000
0.200192 0.910714 0.800000
0.220342 0.904762 0.800000
0.208037 0.916667 0.800000
0.224192 0.940476 0.800000
0.215740 0.934524 0.800000
0.203706 0.898810 0.800000
0.214737 0.904762 0.800000
0.193604 0.940476 0.800000
0.210749 0.934524 0.750000
0.210309 0.940476 0.750000
0.219135 0.910714 0.800000
0.203942 0.916667 0.800000
0.220793 0.898810 0.800000
0.196318 0.940476 0.800000
0.203856 0.940476 0.800000
0.198728 0.916667 0.800000
0.206878 0.916667 0.800000
0.198446 0.934524 0.750000
0.201768 0.904762 0.750000
0.211090 0.904762 0.750000
0.215107 0.910714 0.800000
0.216510 0.910714 0.800000
0.219447 0.898810 0.800000
0.221000 0.904762 0.800000
0.204557 0.898810 0.800000
0.213525 0.940476 0.750000
0.215838 0.916667 0.800000
0.213892 0.940476 0.800000
0.209347 0.904762 0.800000
0.204660 0.904762 0.800000
0.225153 0.922619 0.800000
0.215844 0.916667 0.800000
0.199295 0.940476 0.800000
0.202548 0.898810 0.800000
0.219367 0.922619 0.800000
0.208268 0.946429 0.750000
0.207802 0.940476 0.750000
0.194400 0.922619 0.750000
0.183651 0.916667 0.800000
0.194104 0.958333 0.750000
0.213432 0.946429 0.750000
0.219579 0.934524 0.750000
0.191342 0.898810 0.750000
0.199291 0.946429 0.750000
0.199329 0.934524 0.750000
0.182450 0.910714 0.750000
0.196215 0.916667 0.750000
0.191207 0.934524 0.750000
0.203677 0.934524 0.750000
0.195584 0.910714 0.750000
0.214561 0.904762 0.750000
0.180911 0.940476 0.750000
0.192650 0.910714 0.750000
0.198507 0.910714 0.750000
0.184641 0.916667 0.750000
0.191657 0.922619 0.750000
0.189580 0.916667 0.750000
0.186862 0.940476 0.750000
0.177383 0.916667 0.750000
0.195420 0.934524 0.750000
0.194223 0.910714 0.750000
0.183118 0.916667 0.750000
0.202585 0.934524 0.750000
0.190746 0.952381 0.750000
0.192157 0.916667 0.750000
0.211106 0.904762 0.750000
0.196045 0.922619 0.750000
0.184988 0.910714 0.750000
0.182096 0.928571 0.750000
0.180195 0.916667 0.750000
0.204620 0.910714 0.750000
0.213326 0.940476 0.750000
0.187060 0.910714 0.750000
0.222902 0.940476 0.800000
0.211755 0.940476 0.750000
0.191160 0.946429 0.750000
0.190681 0.904762 0.750000
0.180287 0.946429 0.750000
0.194895 0.928571 0.800000
0.216101 0.910714 0.750000
0.183010 0.916667 0.750000
0.195058 0.934524 0.750000
0.184619 0.910714 0.750000
0.197344 0.922619 0.750000
0.185514 0.916667 0.750000
0.199251 0.952381 0.750000
0.179377 0.916667 0.750000
0.177748 0.922619 0.750000
0.164957 0.922619 0.750000
0.191781 0.928571 0.750000
0.186033 0.940476 0.750000
0.209403 0.934524 0.750000
0.178432 0.910714 0.750000
0.204769 0.934524 0.750000
0.185004 0.922619 0.750000
0.202681 0.934524 0.750000
0.160800 0.910714 0.750000
0.178268 0.922619 0.700000
0.198205 0.910714 0.700000
0.180469 0.898810 0.700000
0.176240 0.904762 0.700000
0.190410 0.940476 0.700000
0.177035 0.922619 0.700000
0.169910 0.940476 0.700000
0.176838 0.934524 0.700000
0.193170 0.940476 0.750000
0.195395 0.940476 0.750000
0.173388 0.922619 0.750000
0.173997 0.922619 0.750000
0.184586 0.916667 0.750000
0.183807 0.910714 0.750000
0.177509 0.922619 0.750000
0.181806 0.916667 0.800000
0.193352 0.898810 0.700000
0.160231 0.922619 0.800000
0.159981 0.940476 0.750000
0.180593 0.916667 0.750000
0.194973 0.922619 0.800000
0.174872 0.952381 0.700000
0.183391 0.928571 0.700000
0.169343 0.922619 0.750000
0.197348 0.940476 0.750000
0.180313 0.910714 0.800000
0.188943 0.916667 0.750000
0.170620 0.922619 0.750000
0.173588 0.910714 0.750000
0.159759 0.922619 0.750000
0.186142 0.922619 0.750000
0.175254 0.904762 0.700000
0.167542 0.916667 0.700000
0.167753 0.934524 0.750000
0.201227 0.940476 0.700000
0.185952 0.922619 0.750000
0.189124 0.922619 0.700000
0.187328 0.940476 0.700000
0.181877 0.934524 0.700000
0.182922 0.922619 0.700000
0.173858 0.922619 0.700000
0.180475 0.922619 0.700000
0.180883 0.916667 0.700000
0.175254 0.934524 0.700000
0.180731 0.940476 0.750000
0.181046 0.922619 0.700000
0.176958 0.916667 0.700000
0.165229 0.922619 0.700000
0.194059 0.922619 0.700000
0.174760 0.922619 0.700000
0.173344 0.922619 0.700000
0.170480 0.916667 0.700000
0.186392 0.922619 0.700000
0.175449 0.922619 0.700000
0.181903 0.922619 0.700000
0.168064 0.922619 0.700000
0.184286 0.946429 0.700000
0.164989 0.916667 0.700000
0.174403 0.934524 0.700000
0.172698 0.934524 0.700000
0.177754 0.922619 0.700000
0.183682 0.922619 0.700000
0.173321 0.922619 0.700000
0.172655 0.946429 0.700000
0.170823 0.922619 0.700000
0.169301 0.928571 0.700000
0.176804 0.934524 0.700000
0.170722 0.922619 0.700000
0.178940 0.922619 0.700000
0.154538 0.928571 0.700000
0.179300 0.946429 0.700000
0.178018 0.940476 0.700000
0.186497 0.922619 0.700000
0.182983 0.922619 0.700000
0.171201 0.922619 0.700000
0.184578 0.922619 0.700000
0.189305 0.922619 0.700000
0.184849 0.922619 0.700000
0.178400 0.934524 0.700000
0.199525 0.922619 0.700000
0.190561 0.922619 0.700000
0.180191 0.934524 0.700000
0.182721 0.922619 0.700000
0.173726 0.922619 0.700000
0.174781 0.922619 0.700000
0.181082 0.922619 0.700000
0.163446 0.910714 0.700000
0.171426 0.922619 0.700000
0.174155 0.916667 0.700000
0.185413 0.922619 0.700000
0.177187 0.934524 0.700000
0.170853 0.922619 0.700000
0.181377 0.922619 0.700000
0.197093 0.952381 0.700000
0.201543 0.946429 0.700000
0.182595 0.922619 0.700000
0.170283 0.922619 0.700000
0.163130 0.934524 0.700000
0.180688 0.922619 0.700000
0.171081 0.922619 0.700000
0.175298 0.922619 0.700000
0.176061 0.922619 0.700000
0.174792 0.934524 0.700000
0.167456 0.922619 0.700000
0.173933 0.922619 0.700000
0.195592 0.922619 0.700000
0.172948 0.922619 0.700000
0.169381 0.922619 0.700000
0.182986 0.916667 0.700000
0.168570 0.922619 0.700000
0.188772 0.922619 0.700000
0.192894 0.934524 0.700000
0.177339 0.934524 0.700000
0.173026 0.922619 0.700000
0.168393 0.910714 0.700000
0.169543 0.922619 0.700000
0.168538 0.922619 0.700000
0.183055 0.922619 0.700000
0.171333 0.922619 0.700000
0.171021 0.916667 0.700000
0.174102 0.922619 0.700000
0.167375 0.922619 0.700000
0.190707 0.934524 0.700000
0.164173 0.922619 0.700000
0.171543 0.922619 0.700000
0.168400 0.922619 0.700000
0.185558 0.922619 0.700000
0.180946 0.922619 0.700000
0.188750 0.934524 0.700000
0.184922 0.922619 0.700000
0.161134 0.922619 0.700000
0.186092 0.922619 0.700000
0.173824 0.934524 0.700000
0.187083 0.934524 0.700000
0.167032 0.922619 0.700000
0.162763 0.922619 0.700000
0.195415 0.922619 0.700000
0.177873 0.934524 0.700000
0.185864 0.922619 0.700000
0.168472 0.922619 0.700000
0.170376 0.922619 0.700000
0.162893 0.922619 0.700000
0.169629 0.922619 0.700000
0.184136 0.922619 0.700000
