2.347738 0.702381 0.750000
0.933668 0.875000 0.800000
0.688289 0.880952 0.800000
0.787647 0.863095 0.800000
0.406840 0.773810 0.650000
0.538956 0.904762 0.900000
0.364966 0.910714 0.850000
0.318661 0.922619 0.800000
0.213436 0.952381 0.800000
0.233007 0.946429 0.750000
0.429802 0.886905 0.800000
0.355327 0.910714 0.800000
0.282664 0.934524 0.750000
0.353912 0.940476 0.750000
0.234229 0.910714 0.750000
0.267967 0.916667 0.800000
0.207644 0.940476 0.750000
0.225872 0.934524 0.750000
0.163871 0.875000 0.750000
0.180911 0.952381 0.750000
0.143786 0.952381 0.750000
0.269119 0.785714 0.700000
0.193042 0.958333 0.800000
0.197566 0.875000 0.800000
0.225117 0.946429 0.800000
0.189388 0.916667 0.750000
0.191499 0.958333 0.800000
0.167618 0.934524 0.750000
0.146007 0.898810 0.750000
0.160448 0.946429 0.800000
0.139935 0.952381 0.750000
0.167288 0.964286 0.750000
0.166547 0.970238 0.800000
0.139135 0.976190 0.800000
0.109263 0.952381 0.750000
0.160407 0.375000 0.350000
0.240975 0.886905 0.800000
0.212611 0.934524 0.750000
0.131429 0.946429 0.800000
0.134703 0.952381 0.750000
0.151356 0.946429 0.800000
0.104013 0.988095 0.800000
0.099727 0.988095 0.850000
0.234846 0.892857 0.850000
0.185297 0.958333 0.750000
0.124550 0.833333 0.750000
0.140159 0.952381 0.750000
0.109478 0.958333 0.800000
0.085016 0.970238 0.800000
0.069675 0.988095 0.850000
0.076335 0.970238 0.850000
0.064222 0.982143 0.850000
0.091062 0.982143 0.850000
0.078817 0.988095 0.800000
0.072572 0.982143 0.800000
0.083882 0.988095 0.750000
0.066287 0.988095 0.800000
0.082685 0.982143 0.750000
0.072567 0.958333 0.850000
0.092711 0.982143 0.850000
0.046870 0.988095 0.800000
0.052248 0.988095 0.700000
0.054875 0.994048 0.750000
0.062367 0.982143 0.800000
0.077682 0.988095 0.800000
0.070135 0.994048 0.750000
0.056177 0.994048 0.750000
0.052274 0.988095 0.750000
0.061231 0.976190 0.750000
0.060182 0.982143 0.850000
0.175101 0.988095 0.850000
0.156580 0.886905 0.800000
0.152074 0.976190 0.800000
0.061354 0.988095 0.750000
0.068213 0.988095 0.750000
0.072440 0.964286 0.800000
0.058838 0.988095 0.800000
0.059331 0.988095 0.800000
0.052702 0.976190 0.800000
0.038681 1.000000 0.800000
0.050047 0.988095 0.850000
0.081172 1.000000 0.750000
0.077225 0.988095 0.800000
0.047108 0.982143 0.800000
0.031501 0.994048 0.800000
0.080605 0.994048 0.800000
0.051901 0.970238 0.800000
0.125937 0.928571 0.750000
0.280548 0.970238 0.750000
0.135505 0.994048 0.800000
0.090915 0.982143 0.750000
0.077573 1.000000 0.800000
0.088945 0.988095 0.800000
0.079907 0.994048 0.750000
0.077677 1.000000 0.750000
0.045901 0.994048 0.750000
0.046276 1.000000 0.750000
0.075300 0.976190 0.850000
0.169046 0.904762 0.800000
0.164344 0.952381 0.750000
0.088448 0.994048 0.850000
0.056343 0.988095 0.800000
0.052435 1.000000 0.850000
0.034811 1.000000 0.850000
0.029655 1.000000 0.850000
0.030537 1.000000 0.850000
0.036321 0.994048 0.850000
0.039135 1.000000 0.800000
0.024275 1.000000 0.850000
0.028321 1.000000 0.850000
0.033552 1.000000 0.850000
0.019250 1.000000 0.850000
0.038007 1.000000 0.850000
0.028965 1.000000 0.800000
0.018638 1.000000 0.800000
0.033343 0.988095 0.850000
0.072344 0.994048 0.800000
0.041012 1.000000 0.800000
0.028381 1.000000 0.850000
0.019449 1.000000 0.850000
0.013031 1.000000 0.850000
0.020878 1.000000 0.800000
0.017222 1.000000 0.850000
0.014698 1.000000 0.850000
0.014848 1.000000 0.850000
0.020625 1.000000 0.850000
0.016497 1.000000 0.850000
0.013557 1.000000 0.850000
0.013913 1.000000 0.800000
0.020426 1.000000 0.800000
0.013868 1.000000 0.800000
0.022866 1.000000 0.800000
0.029577 1.000000 0.800000
0.014369 1.000000 0.750000
0.025642 1.000000 0.750000
0.016841 1.000000 0.800000
0.018987 1.000000 0.850000
0.014275 1.000000 0.800000
0.012035 1.000000 0.850000
0.018227 1.000000 0.800000
0.026496 0.982143 0.750000
0.027579 1.000000 0.800000
0.019370 1.000000 0.800000
0.019698 1.000000 0.800000
0.028139 0.994048 0.850000
0.024623 1.000000 0.800000
0.014560 1.000000 0.850000
0.011033 1.000000 0.850000
0.015508 1.000000 0.850000
0.015506 1.000000 0.850000
0.017861 1.000000 0.800000
0.014073 1.000000 0.800000
0.010198 1.000000 0.800000
0.013984 1.000000 0.800000
0.011167 1.000000 0.800000
0.010429 1.000000 0.800000
0.014619 1.000000 0.800000
0.015434 1.000000 0.800000
0.014422 1.000000 0.800000
0.014564 1.000000 0.800000
0.016874 1.000000 0.800000
0.012754 1.000000 0.800000
0.016765 1.000000 0.800000
0.007692 1.000000 0.800000
0.009581 1.000000 0.800000
0.036596 1.000000 0.800000
0.011263 1.000000 0.800000
0.021208 1.000000 0.800000
0.020400 1.000000 0.800000
0.013511 1.000000 0.800000
0.009809 1.000000 0.800000
0.013022 1.000000 0.800000
0.009213 1.000000 0.800000
0.013224 1.000000 0.850000
0.012001 1.000000 0.800000
0.013906 1.000000 0.800000
0.012983 1.000000 0.800000
0.014577 1.000000 0.800000
0.009590 1.000000 0.750000
0.009010 1.000000 0.800000
0.007700 1.000000 0.800000
0.017132 1.000000 0.800000
0.013991 1.000000 0.800000
0.020508 1.000000 0.800000
0.022877 1.000000 0.800000
0.012604 1.000000 0.800000
0.007742 1.000000 0.800000
0.020192 1.000000 0.850000
0.050703 1.000000 0.750000
0.011705 1.000000 0.800000
0.021786 1.000000 0.800000
0.013971 1.000000 0.800000
0.008983 1.000000 0.800000
0.008459 1.000000 0.800000
0.016044 1.000000 0.800000
0.012760 1.000000 0.800000
0.007777 1.000000 0.800000
0.009890 1.000000 0.800000
0.015970 1.000000 0.800000
0.014226 1.000000 0.800000
0.011781 1.000000 0.800000
0.013049 1.000000 0.800000
0.008629 1.000000 0.800000
0.011798 1.000000 0.800000
0.013293 1.000000 0.800000
0.009265 1.000000 0.800000
0.010096 1.000000 0.800000
0.011892 1.000000 0.800000
0.012055 1.000000 0.800000
0.012126 1.000000 0.800000
0.007657 1.000000 0.800000
0.012609 1.000000 0.800000
0.015834 1.000000 0.800000
0.007572 1.000000 0.800000
0.007047 1.000000 0.800000
0.011633 1.000000 0.800000
0.008215 1.000000 0.800000
0.009750 1.000000 0.800000
0.006753 1.000000 0.800000
0.011332 1.000000 0.800000
0.012077 1.000000 0.800000
0.008773 1.000000 0.800000
0.014121 1.000000 0.800000
0.016188 1.000000 0.800000
0.007154 1.000000 0.800000
0.009321 1.000000 0.800000
0.010889 1.000000 0.800000
0.007696 1.000000 0.800000
0.007963 1.000000 0.800000
0.010114 1.000000 0.800000
0.010730 1.000000 0.800000
0.008698 1.000000 0.800000
0.009303 1.000000 0.800000
0.006387 1.000000 0.800000
0.010825 1.000000 0.800000
0.009746 1.000000 0.800000
0.012674 1.000000 0.800000
0.008211 1.000000 0.800000
0.008757 1.000000 0.800000
0.013998 1.000000 0.800000
0.011850 1.000000 0.800000
0.007424 1.000000 0.800000
0.014920 1.000000 0.800000
0.012228 1.000000 0.800000
0.004682 1.000000 0.800000
0.013513 1.000000 0.800000
0.007272 1.000000 0.800000
0.012196 1.000000 0.800000
0.010039 1.000000 0.800000
0.008514 1.000000 0.800000
0.012082 1.000000 0.800000
0.008853 1.000000 0.800000
0.007806 1.000000 0.800000
0.007610 1.000000 0.800000
0.005286 1.000000 0.800000
0.012394 1.000000 0.800000
0.006163 1.000000 0.800000
0.020820 1.000000 0.800000
0.010184 1.000000 0.800000
0.010923 1.000000 0.800000
0.011827 1.000000 0.800000
0.033347 1.000000 0.800000
0.009177 1.000000 0.800000
0.011830 1.000000 0.800000
0.009662 1.000000 0.800000
0.008627 1.000000 0.800000
0.009836 1.000000 0.800000
0.008439 1.000000 0.800000
0.009557 1.000000 0.800000
0.008262 1.000000 0.800000
0.009164 1.000000 0.800000
0.007246 1.000000 0.800000
0.008396 1.000000 0.800000
0.006528 1.000000 0.800000
0.009601 1.000000 0.800000
0.012061 1.000000 0.800000
0.008697 1.000000 0.800000
0.008326 1.000000 0.800000
0.013217 1.000000 0.800000
0.009056 1.000000 0.800000
0.007341 1.000000 0.800000
0.011195 1.000000 0.800000
0.008150 1.000000 0.800000
0.006789 1.000000 0.800000
0.006609 1.000000 0.800000
0.007910 1.000000 0.800000
0.011076 1.000000 0.800000
0.008459 1.000000 0.800000
0.009761 1.000000 0.800000
0.008606 1.000000 0.800000
0.006189 1.000000 0.800000
0.008503 1.000000 0.800000
0.008663 1.000000 0.800000
0.009834 1.000000 0.850000
0.010265 1.000000 0.800000
0.011412 1.000000 0.800000
0.007694 1.000000 0.800000
0.006734 1.000000 0.800000
0.005594 1.000000 0.800000
0.007618 1.000000 0.800000
0.007040 1.000000 0.800000
0.006112 1.000000 0.800000
0.011343 1.000000 0.800000
0.007986 1.000000 0.800000
0.008196 1.000000 0.800000
0.009866 1.000000 0.800000
0.007248 1.000000 0.850000
0.009759 1.000000 0.800000
0.008997 1.000000 0.800000
0.005934 1.000000 0.800000
0.010173 1.000000 0.800000
0.011995 1.000000 0.800000
0.014562 1.000000 0.800000
0.005861 1.000000 0.800000
0.007612 1.000000 0.800000
0.005956 1.000000 0.800000
0.006861 1.000000 0.800000
0.006008 1.000000 0.800000
0.011438 1.000000 0.800000
0.007673 1.000000 0.800000
0.007125 1.000000 0.800000
0.010046 1.000000 0.800000
0.009150 1.000000 0.800000
0.010749 1.000000 0.800000
0.011373 1.000000 0.800000
0.005799 1.000000 0.800000
0.007810 1.000000 0.800000
0.009571 1.000000 0.800000
0.009265 1.000000 0.800000
0.010025 1.000000 0.800000
0.007258 1.000000 0.800000
0.016561 1.000000 0.800000
0.011466 1.000000 0.800000
0.006431 1.000000 0.800000
0.006439 1.000000 0.800000
0.005778 1.000000 0.800000
0.009511 1.000000 0.800000
0.010071 1.000000 0.800000
0.007393 1.000000 0.800000
0.010644 1.000000 0.800000
0.010977 1.000000 0.800000
0.003668 1.000000 0.800000
0.005731 1.000000 0.800000
0.007567 1.000000 0.800000
0.009944 1.000000 0.800000
0.008036 1.000000 0.800000
0.016157 1.000000 0.800000
0.011287 1.000000 0.800000
0.010073 1.000000 0.800000
0.010520 1.000000 0.800000
