1.990562 0.714286 0.650000
0.909224 0.827381 0.700000
0.812214 0.726190 0.700000
0.940536 0.767857 0.700000
0.623930 0.738095 0.700000
0.680490 0.803571 0.850000
0.633671 0.755952 0.700000
0.549873 0.863095 0.800000
0.515370 0.869048 0.800000
0.924581 0.839286 0.750000
0.554423 0.851190 0.850000
0.450902 0.880952 0.800000
0.489372 0.875000 0.800000
0.459054 0.880952 0.800000
0.476768 0.821429 0.800000
0.412245 0.869048 0.800000
0.404086 0.773810 0.650000
0.447437 0.869048 0.800000
0.424096 0.690476 0.650000
0.403154 0.875000 0.750000
0.361376 0.880952 0.800000
0.415842 0.880952 0.750000
0.384566 0.833333 0.800000
0.430304 0.869048 0.750000
0.390540 0.880952 0.850000
0.358847 0.863095 0.750000
0.404935 0.886905 0.800000
0.387945 0.869048 0.750000
0.361122 0.791667 0.700000
0.367028 0.869048 0.700000
0.399137 0.886905 0.750000
0.369973 0.875000 0.750000
0.346201 0.779762 0.650000
0.343730 0.886905 0.750000
0.361123 0.875000 0.700000
0.357050 0.845238 0.650000
0.358930 0.785714 0.650000
0.357603 0.880952 0.750000
0.312847 0.791667 0.650000
0.335557 0.815476 0.650000
0.340822 0.880952 0.750000
0.345817 0.892857 0.800000
0.302891 0.875000 0.850000
0.335878 0.785714 0.650000
0.332177 0.898810 0.750000
0.303370 0.666667 0.600000
0.303486 0.833333 0.750000
0.308111 0.750000 0.650000
0.262606 0.875000 0.750000
0.277484 0.839286 0.700000
0.272346 0.892857 0.850000
0.245828 0.928571 0.800000
0.274831 0.898810 0.800000
0.272259 0.892857 0.750000
0.279279 0.875000 0.800000
0.280536 0.880952 0.800000
0.251937 0.904762 0.800000
0.261928 0.886905 0.800000
0.263030 0.916667 0.850000
0.271673 0.928571 0.800000
0.240188 0.922619 0.800000
0.231623 0.880952 0.750000
0.260927 0.916667 0.750000
0.250827 0.910714 0.800000
0.255434 0.928571 0.800000
0.223089 0.892857 0.800000
0.241414 0.922619 0.800000
0.264466 0.892857 0.750000
0.281101 0.922619 0.750000
0.260346 0.880952 0.750000
0.264965 0.875000 0.800000
0.245394 0.934524 0.800000
0.234447 0.922619 0.750000
0.229547 0.916667 0.800000
0.270566 0.898810 0.850000
0.284220 0.863095 0.800000
0.273440 0.928571 0.800000
0.248626 0.910714 0.800000
0.229246 0.904762 0.800000
0.253690 0.898810 0.800000
0.249238 0.880952 0.800000
0.245715 0.910714 0.850000
0.223241 0.940476 0.800000
0.225507 0.910714 0.800000
0.255342 0.928571 0.750000
0.252232 0.863095 0.700000
0.283923 0.827381 0.800000
0.245432 0.916667 0.800000
0.240418 0.928571 0.800000
0.239254 0.898810 0.800000
0.235196 0.928571 0.750000
0.223356 0.928571 0.800000
0.223248 0.898810 0.800000
0.246468 0.886905 0.800000
0.351719 0.880952 0.800000
0.289995 0.928571 0.750000
0.249769 0.898810 0.750000
0.251416 0.934524 0.750000
0.261084 0.940476 0.800000
0.247816 0.898810 0.750000
0.231702 0.934524 0.750000
0.222360 0.886905 0.800000
0.238093 0.892857 0.750000
0.219002 0.922619 0.800000
0.206723 0.898810 0.800000
0.202965 0.910714 0.800000
0.231690 0.904762 0.700000
0.228885 0.940476 0.750000
0.218459 0.910714 0.750000
0.216712 0.910714 0.750000
0.232002 0.910714 0.750000
0.209206 0.910714 0.700000
0.236812 0.934524 0.700000
0.228022 0.928571 0.750000
0.211759 0.940476 0.750000
0.232958 0.916667 0.750000
0.209275 0.946429 0.700000
0.207875 0.904762 0.700000
0.214502 0.934524 0.700000
0.218934 0.916667 0.800000
0.206813 0.934524 0.700000
0.224805 0.904762 0.800000
0.199232 0.934524 0.800000
0.211774 0.946429 0.700000
0.204402 0.910714 0.800000
0.217506 0.898810 0.700000
0.204858 0.934524 0.750000
0.209439 0.910714 0.750000
0.210806 0.910714 0.800000
0.228733 0.922619 0.800000
0.224245 0.916667 0.800000
0.237525 0.910714 0.800000
0.223206 0.904762 0.800000
0.208210 0.910714 0.800000
0.215216 0.904762 0.750000
0.221261 0.934524 0.750000
0.214205 0.946429 0.800000
0.211802 0.904762 0.800000
0.214843 0.904762 0.800000
0.228366 0.940476 0.750000
0.216245 0.904762 0.750000
0.198070 0.916667 0.700000
0.202505 0.910714 0.800000
0.225473 0.916667 0.750000
0.211009 0.940476 0.700000
0.204994 0.940476 0.700000
0.196365 0.952381 0.750000
0.187871 0.910714 0.750000
0.200467 0.940476 0.750000
0.224124 0.946429 0.750000
0.222988 0.946429 0.750000
0.197241 0.904762 0.800000
0.208113 0.946429 0.750000
0.204408 0.940476 0.750000
0.189132 0.910714 0.750000
0.204590 0.928571 0.750000
0.200011 0.934524 0.750000
0.207223 0.928571 0.750000
0.197334 0.922619 0.750000
0.220976 0.922619 0.800000
0.189723 0.934524 0.750000
0.195543 0.916667 0.800000
0.201123 0.916667 0.750000
0.186117 0.898810 0.750000
0.197305 0.916667 0.750000
0.196593 0.910714 0.800000
0.193001 0.928571 0.750000
0.182512 0.922619 0.750000
0.198005 0.940476 0.750000
0.199422 0.916667 0.750000
0.183085 0.922619 0.800000
0.213765 0.916667 0.750000
0.195853 0.934524 0.800000
0.202464 0.916667 0.800000
0.220411 0.910714 0.750000
0.204363 0.928571 0.750000
0.191733 0.904762 0.750000
0.186718 0.952381 0.750000
0.187082 0.928571 0.750000
0.205277 0.910714 0.750000
0.212734 0.910714 0.750000
0.188602 0.910714 0.750000
0.221058 0.952381 0.750000
0.217572 0.934524 0.800000
0.195556 0.946429 0.750000
0.193514 0.910714 0.750000
0.183895 0.952381 0.750000
0.195121 0.952381 0.750000
0.219637 0.910714 0.750000
0.183066 0.952381 0.750000
0.196251 0.928571 0.750000
0.187715 0.910714 0.800000
0.198725 0.940476 0.750000
0.190269 0.928571 0.750000
0.203165 0.952381 0.750000
0.185260 0.916667 0.750000
0.182669 0.916667 0.800000
0.168494 0.910714 0.800000
0.199453 0.910714 0.800000
0.191856 0.952381 0.750000
0.209832 0.940476 0.750000
0.186157 0.922619 0.750000
0.209331 0.940476 0.750000
0.188634 0.952381 0.750000
0.204209 0.934524 0.800000
0.166512 0.916667 0.800000
0.180373 0.940476 0.750000
0.198529 0.922619 0.750000
0.180291 0.904762 0.750000
0.178191 0.904762 0.750000
0.195126 0.934524 0.750000
0.180944 0.934524 0.750000
0.176163 0.934524 0.750000
0.180718 0.946429 0.750000
0.201846 0.952381 0.750000
0.199257 0.946429 0.750000
0.178322 0.946429 0.750000
0.175906 0.922619 0.750000
0.186159 0.928571 0.750000
0.185032 0.922619 0.750000
0.183138 0.922619 0.750000
0.184356 0.916667 0.800000
0.196104 0.916667 0.800000
0.165434 0.922619 0.750000
0.163378 0.940476 0.800000
0.182897 0.922619 0.800000
0.196756 0.916667 0.750000
0.178292 0.940476 0.750000
0.190025 0.916667 0.750000
0.174075 0.934524 0.750000
0.198254 0.940476 0.750000
0.183184 0.922619 0.800000
0.195394 0.928571 0.750000
0.173914 0.922619 0.750000
0.173672 0.928571 0.750000
0.163184 0.916667 0.750000
0.186543 0.922619 0.750000
0.180798 0.910714 0.800000
0.167097 0.928571 0.800000
0.168222 0.946429 0.800000
0.205726 0.940476 0.800000
0.186510 0.928571 0.750000
0.197456 0.922619 0.750000
0.187697 0.934524 0.750000
0.186353 0.946429 0.750000
0.185824 0.916667 0.750000
0.179217 0.922619 0.800000
0.181858 0.922619 0.800000
0.181780 0.922619 0.750000
0.182528 0.940476 0.750000
0.184675 0.940476 0.750000
0.183518 0.940476 0.750000
0.182784 0.916667 0.750000
0.166384 0.940476 0.750000
0.194899 0.922619 0.750000
0.178632 0.952381 0.750000
0.176647 0.922619 0.750000
0.174150 0.916667 0.750000
0.189642 0.922619 0.750000
0.176634 0.934524 0.750000
0.183119 0.916667 0.750000
0.170802 0.922619 0.750000
0.188084 0.952381 0.750000
0.166843 0.910714 0.750000
0.175060 0.940476 0.750000
0.178110 0.934524 0.750000
0.183698 0.922619 0.750000
0.186852 0.940476 0.750000
0.174429 0.940476 0.750000
0.176182 0.934524 0.750000
0.173720 0.922619 0.750000
0.175406 0.928571 0.750000
0.180354 0.940476 0.750000
0.170049 0.940476 0.750000
0.181948 0.940476 0.750000
0.157708 0.940476 0.750000
0.182273 0.946429 0.750000
0.178044 0.946429 0.750000
0.189408 0.922619 0.800000
0.185004 0.922619 0.750000
0.176383 0.934524 0.750000
0.190614 0.934524 0.750000
0.188394 0.922619 0.750000
0.189369 0.940476 0.750000
0.182273 0.946429 0.750000
0.201089 0.940476 0.750000
0.190989 0.922619 0.750000
0.181299 0.940476 0.750000
0.186411 0.928571 0.750000
0.178667 0.940476 0.750000
0.176407 0.940476 0.750000
0.182214 0.940476 0.750000
0.163801 0.928571 0.800000
0.175026 0.940476 0.750000
0.174031 0.922619 0.800000
0.185953 0.934524 0.750000
0.179081 0.940476 0.750000
0.175999 0.934524 0.750000
0.182485 0.940476 0.750000
0.201334 0.946429 0.750000
0.205436 0.940476 0.750000
0.185891 0.934524 0.750000
0.172453 0.940476 0.750000
0.169142 0.940476 0.750000
0.182643 0.940476 0.750000
0.173748 0.940476 0.750000
0.182879 0.934524 0.750000
0.179060 0.934524 0.800000
0.178749 0.940476 0.750000
0.169839 0.922619 0.750000
0.174959 0.946429 0.750000
0.198253 0.940476 0.750000
0.174949 0.922619 0.750000
0.171074 0.940476 0.750000
0.185638 0.928571 0.750000
0.174685 0.934524 0.800000
0.188014 0.940476 0.750000
0.197622 0.940476 0.750000
0.179793 0.940476 0.750000
0.178026 0.922619 0.750000
0.173174 0.910714 0.750000
0.170551 0.940476 0.750000
0.172363 0.922619 0.750000
0.186466 0.940476 0.750000
0.172843 0.928571 0.800000
0.170775 0.916667 0.800000
0.177534 0.940476 0.750000
0.170368 0.922619 0.800000
0.193899 0.940476 0.750000
0.165415 0.922619 0.750000
0.173459 0.922619 0.750000
0.170332 0.934524 0.750000
0.190712 0.922619 0.750000
0.184996 0.940476 0.750000
0.196581 0.940476 0.750000
0.188353 0.940476 0.750000
0.161752 0.922619 0.750000
0.185425 0.940476 0.750000
0.178837 0.940476 0.750000
0.192187 0.946429 0.750000
0.169034 0.922619 0.750000
0.165422 0.934524 0.750000
0.197755 0.922619 0.750000
0.182638 0.940476 0.750000
0.187390 0.934524 0.750000
0.173559 0.922619 0.750000
0.171010 0.922619 0.750000
0.165629 0.940476 0.750000
0.173876 0.940476 0.750000
0.189542 0.940476 0.750000
2.273017 0.702381 0.650000
1.109031 0.732143 0.650000
0.905118 0.815476 0.700000
0.942714 0.797619 0.650000
0.646821 0.785714 0.750000
0.541567 0.791667 0.800000
0.463437 0.833333 0.800000
0.491149 0.827381 0.750000
0.437203 0.857143 0.800000
0.526417 0.833333 0.750000
0.448791 0.857143 0.800000
0.430234 0.839286 0.750000
0.457787 0.833333 0.800000
0.443954 0.857143 0.700000
0.445680 0.851190 0.750000
0.430746 0.851190 0.800000
0.461089 0.869048 0.800000
0.418572 0.863095 0.800000
0.397323 0.875000 0.750000
0.382796 0.845238 0.800000
0.367398 0.827381 0.800000
0.399020 0.886905 0.650000
0.370522 0.869048 0.750000
0.421603 0.857143 0.750000
0.383062 0.892857 0.700000
0.379208 0.875000 0.700000
0.412697 0.875000 0.750000
0.358518 0.863095 0.700000
0.362053 0.886905 0.700000
0.377001 0.869048 0.700000
0.385122 0.857143 0.700000
0.344496 0.880952 0.700000
0.338423 0.821429 0.700000
0.336104 0.875000 0.750000
0.345771 0.869048 0.750000
0.377384 0.839286 0.700000
0.365022 0.821429 0.800000
0.383703 0.833333 0.800000
0.324096 0.767857 0.600000
0.326893 0.875000 0.700000
0.321869 0.898810 0.650000
0.307730 0.875000 0.750000
0.294410 0.791667 0.500000
0.343871 0.857143 0.700000
0.316798 0.886905 0.700000
0.283206 0.880952 0.650000
0.321878 0.869048 0.650000
0.305198 0.892857 0.700000
0.279074 0.904762 0.650000
0.289237 0.916667 0.700000
0.290104 0.892857 0.650000
0.261810 0.916667 0.700000
0.272903 0.904762 0.650000
0.289808 0.886905 0.700000
0.304581 0.904762 0.650000
0.300704 0.886905 0.600000
0.286060 0.916667 0.700000
0.306819 0.880952 0.700000
0.287685 0.916667 0.650000
0.280940 0.910714 0.650000
0.249224 0.898810 0.650000
0.249650 0.910714 0.650000
0.286899 0.916667 0.650000
0.290610 0.863095 0.700000
0.312097 0.898810 0.750000
0.266039 0.928571 0.600000
0.271075 0.886905 0.650000
0.277467 0.880952 0.700000
0.280160 0.904762 0.650000
0.256881 0.875000 0.650000
0.280014 0.886905 0.700000
0.331392 0.910714 0.700000
0.264643 0.880952 0.650000
0.273906 0.916667 0.700000
0.319510 0.886905 0.700000
0.316892 0.892857 0.750000
0.301097 0.863095 0.700000
0.292890 0.886905 0.700000
0.269180 0.898810 0.750000
0.265818 0.922619 0.700000
0.279659 0.892857 0.700000
0.286567 0.904762 0.750000
0.263363 0.863095 0.700000
0.254386 0.892857 0.750000
0.291126 0.922619 0.750000
0.282428 0.886905 0.750000
0.272586 0.928571 0.750000
0.265996 0.922619 0.800000
0.268515 0.922619 0.700000
0.269457 0.892857 0.750000
0.266994 0.904762 0.750000
0.238971 0.916667 0.750000
0.245160 0.898810 0.750000
0.243437 0.898810 0.650000
0.259522 0.892857 0.700000
0.285444 0.916667 0.750000
0.272684 0.904762 0.700000
0.257979 0.928571 0.750000
0.285967 0.886905 0.750000
0.258364 0.898810 0.750000
0.240099 0.928571 0.750000
0.234313 0.898810 0.750000
0.249439 0.910714 0.750000
0.219561 0.922619 0.750000
0.230366 0.898810 0.750000
0.231703 0.916667 0.750000
0.243448 0.922619 0.700000
0.263408 0.910714 0.750000
0.246013 0.922619 0.700000
0.241444 0.916667 0.750000
0.227262 0.910714 0.700000
0.207312 0.898810 0.750000
0.263900 0.904762 0.750000
0.257432 0.916667 0.700000
0.239430 0.892857 0.750000
0.240261 0.898810 0.750000
0.246009 0.922619 0.750000
0.230092 0.922619 0.800000
0.236425 0.928571 0.750000
0.248860 0.916667 0.700000
0.232328 0.916667 0.750000
0.237805 0.904762 0.750000
0.224064 0.934524 0.800000
0.236260 0.898810 0.750000
0.234763 0.898810 0.750000
0.240463 0.892857 0.700000
0.239597 0.886905 0.750000
0.223050 0.898810 0.750000
0.232348 0.898810 0.700000
0.242073 0.898810 0.700000
0.242056 0.892857 0.700000
0.251051 0.910714 0.750000
0.244822 0.892857 0.700000
0.264299 0.910714 0.750000
0.256387 0.898810 0.700000
0.259631 0.910714 0.750000
0.238136 0.916667 0.700000
0.230842 0.904762 0.700000
0.248412 0.898810 0.700000
0.243145 0.910714 0.700000
0.242743 0.922619 0.700000
0.240079 0.922619 0.700000
0.225141 0.892857 0.750000
0.246911 0.916667 0.700000
0.229418 0.916667 0.700000
0.235973 0.916667 0.750000
0.234592 0.916667 0.700000
0.231074 0.898810 0.700000
0.227591 0.916667 0.650000
0.237240 0.922619 0.700000
0.251111 0.910714 0.700000
0.230665 0.910714 0.700000
0.233660 0.916667 0.700000
0.237401 0.922619 0.650000
0.216943 0.904762 0.650000
0.230284 0.892857 0.700000
0.213181 0.928571 0.750000
0.225051 0.916667 0.700000
0.229070 0.892857 0.650000
0.248304 0.910714 0.650000
0.205081 0.892857 0.700000
0.227633 0.922619 0.650000
0.231848 0.916667 0.700000
0.221381 0.916667 0.700000
0.223633 0.904762 0.650000
0.232439 0.922619 0.650000
0.218557 0.898810 0.650000
0.216840 0.916667 0.650000
0.224510 0.910714 0.650000
0.232911 0.904762 0.650000
0.212674 0.898810 0.650000
0.236072 0.904762 0.700000
0.233056 0.940476 0.650000
0.233561 0.892857 0.650000
0.235660 0.904762 0.700000
0.220011 0.898810 0.650000
0.202931 0.892857 0.700000
0.209107 0.916667 0.700000
0.201780 0.904762 0.650000
0.240459 0.910714 0.700000
0.244275 0.928571 0.700000
0.218367 0.904762 0.700000
0.239125 0.916667 0.750000
0.256568 0.904762 0.750000
0.222289 0.910714 0.750000
0.210159 0.892857 0.750000
0.213396 0.904762 0.650000
0.229609 0.898810 0.700000
0.236586 0.898810 0.700000
0.205435 0.898810 0.750000
0.225250 0.922619 0.750000
0.215142 0.892857 0.700000
0.225075 0.898810 0.750000
0.218388 0.904762 0.700000
0.231877 0.922619 0.700000
0.204516 0.898810 0.650000
0.219837 0.898810 0.650000
0.208377 0.898810 0.750000
0.239952 0.892857 0.750000
0.218842 0.922619 0.750000
0.229426 0.916667 0.750000
0.215229 0.898810 0.750000
0.239452 0.922619 0.700000
0.216197 0.904762 0.700000
0.231689 0.922619 0.700000
0.208424 0.898810 0.650000
0.206640 0.910714 0.650000
0.223495 0.898810 0.600000
0.207993 0.898810 0.650000
0.204330 0.898810 0.650000
0.230421 0.916667 0.700000
0.207206 0.922619 0.700000
0.209990 0.892857 0.700000
0.210868 0.922619 0.750000
0.225739 0.916667 0.750000
0.231837 0.922619 0.700000
0.213002 0.922619 0.700000
0.198817 0.892857 0.650000
0.215689 0.898810 0.650000
0.220813 0.898810 0.700000
0.214396 0.892857 0.600000
0.204239 0.892857 0.600000
0.233684 0.898810 0.650000
0.190922 0.898810 0.650000
0.199030 0.904762 0.650000
0.215801 0.904762 0.650000
0.221621 0.904762 0.650000
0.213953 0.910714 0.700000
0.206973 0.904762 0.700000
0.193711 0.898810 0.700000
0.222629 0.904762 0.650000
0.208392 0.904762 0.650000
0.223485 0.898810 0.650000
0.206104 0.904762 0.700000
0.200860 0.892857 0.700000
0.194075 0.898810 0.750000
0.217123 0.898810 0.750000
0.206967 0.892857 0.600000
0.195870 0.898810 0.650000
0.192917 0.904762 0.750000
0.247682 0.922619 0.700000
0.219346 0.898810 0.650000
0.218015 0.898810 0.750000
0.222848 0.898810 0.650000
0.205108 0.916667 0.600000
0.215390 0.904762 0.650000
0.203312 0.904762 0.700000
0.215727 0.922619 0.650000
0.212914 0.898810 0.650000
0.201308 0.910714 0.650000
0.215183 0.904762 0.700000
0.210375 0.898810 0.650000
0.215860 0.898810 0.650000
0.189020 0.904762 0.650000
0.222180 0.898810 0.650000
0.207100 0.910714 0.650000
0.208007 0.910714 0.650000
0.208769 0.898810 0.650000
0.217473 0.898810 0.650000
0.208884 0.904762 0.650000
0.218148 0.898810 0.650000
0.200549 0.916667 0.700000
0.215712 0.922619 0.700000
0.187782 0.898810 0.650000
0.212767 0.904762 0.700000
0.214165 0.898810 0.700000
0.212756 0.898810 0.700000
0.218526 0.916667 0.750000
0.211104 0.898810 0.700000
0.205111 0.922619 0.750000
0.211570 0.898810 0.750000
0.196643 0.898810 0.650000
0.206083 0.904762 0.650000
0.198734 0.922619 0.750000
0.205113 0.898810 0.750000
0.183086 0.898810 0.750000
0.213385 0.916667 0.700000
0.203134 0.922619 0.750000
0.219490 0.922619 0.750000
0.212446 0.898810 0.750000
0.216115 0.904762 0.650000
0.223565 0.898810 0.700000
0.218495 0.898810 0.700000
0.224697 0.904762 0.700000
0.206981 0.910714 0.700000
0.238717 0.922619 0.650000
0.226843 0.898810 0.700000
0.203814 0.916667 0.700000
0.214187 0.904762 0.750000
0.206616 0.898810 0.700000
0.211633 0.898810 0.700000
0.200483 0.904762 0.700000
0.196646 0.898810 0.700000
0.193244 0.898810 0.700000
0.198992 0.898810 0.700000
0.218920 0.904762 0.650000
0.210759 0.910714 0.700000
0.203373 0.904762 0.650000
0.211425 0.898810 0.650000
0.228661 0.922619 0.650000
0.230482 0.922619 0.650000
0.218942 0.898810 0.650000
0.199344 0.898810 0.650000
0.193709 0.904762 0.650000
0.205775 0.898810 0.700000
0.201713 0.898810 0.700000
0.207726 0.898810 0.650000
0.208422 0.898810 0.650000
0.201495 0.922619 0.650000
0.218416 0.910714 0.650000
0.204468 0.910714 0.650000
0.229763 0.910714 0.650000
0.196043 0.904762 0.650000
0.206145 0.904762 0.650000
0.219292 0.904762 0.650000
0.202326 0.904762 0.650000
0.224984 0.898810 0.650000
0.228618 0.904762 0.650000
0.204903 0.910714 0.650000
0.207802 0.898810 0.650000
0.205278 0.892857 0.650000
0.199266 0.898810 0.650000
0.200225 0.904762 0.700000
0.221412 0.898810 0.700000
0.205184 0.910714 0.700000
0.196261 0.892857 0.650000
0.210018 0.904762 0.700000
0.205873 0.898810 0.650000
0.221853 0.898810 0.700000
0.199634 0.904762 0.700000
0.201723 0.898810 0.750000
0.206255 0.904762 0.750000
0.221608 0.904762 0.750000
0.218735 0.910714 0.650000
0.219074 0.904762 0.650000
0.222074 0.898810 0.700000
0.184491 0.904762 0.750000
0.208651 0.898810 0.700000
0.214970 0.910714 0.650000
0.227003 0.928571 0.700000
0.202772 0.904762 0.700000
0.196110 0.904762 0.700000
0.214809 0.898810 0.750000
0.209691 0.904762 0.650000
0.220859 0.904762 0.750000
0.193289 0.904762 0.700000
0.196614 0.898810 0.700000
0.192980 0.904762 0.750000
0.206313 0.910714 0.700000
0.217789 0.898810 0.750000
