2.734608 0.678571 0.650000
1.537982 0.779762 0.650000
1.352003 0.333333 0.350000
1.742393 0.422619 0.450000
0.883366 0.821429 0.750000
0.945401 0.750000 0.800000
1.024157 0.845238 0.750000
0.823318 0.779762 0.750000
0.727752 0.779762 0.750000
1.375621 0.755952 0.650000
0.619212 0.845238 0.800000
0.523555 0.857143 0.800000
0.548863 0.851190 0.800000
0.537826 0.791667 0.700000
0.491080 0.857143 0.800000
0.538059 0.857143 0.800000
0.474614 0.863095 0.800000
0.574231 0.833333 0.800000
0.511990 0.863095 0.750000
0.463071 0.529762 0.550000
0.395872 0.898810 0.800000
0.469764 0.869048 0.750000
0.495194 0.863095 0.750000
0.481278 0.851190 0.800000
0.443001 0.851190 0.850000
0.412575 0.845238 0.750000
0.436000 0.809524 0.700000
0.426876 0.785714 0.850000
0.458752 0.845238 0.800000
0.438622 0.851190 0.800000
0.461844 0.875000 0.850000
0.399642 0.845238 0.850000
0.404383 0.482143 0.500000
0.418178 0.863095 0.800000
0.394290 0.845238 0.800000
0.398987 0.892857 0.750000
0.387042 0.345238 0.400000
0.404824 0.892857 0.850000
0.345178 0.732143 0.650000
0.375570 0.797619 0.700000
0.369256 0.875000 0.850000
0.345823 0.857143 0.800000
0.338929 0.571429 0.550000
0.385940 0.613095 0.550000
0.333402 0.755952 0.700000
0.303780 0.797619 0.650000
0.313624 0.482143 0.500000
0.348985 0.761905 0.750000
0.291612 0.678571 0.600000
0.302335 0.791667 0.700000
0.310927 0.875000 0.700000
0.284297 0.851190 0.750000
0.287678 0.922619 0.800000
0.307302 0.672619 0.600000
0.309995 0.910714 0.750000
0.316215 0.690476 0.600000
0.282983 0.732143 0.700000
0.300895 0.619048 0.550000
0.326119 0.886905 0.850000
0.283772 0.660714 0.600000
0.262598 0.886905 0.800000
0.259909 0.898810 0.800000
0.288979 0.863095 0.800000
0.278978 0.678571 0.650000
0.294194 0.589286 0.550000
0.284704 0.886905 0.800000
0.265822 0.875000 0.800000
0.319665 0.827381 0.750000
0.312050 0.898810 0.800000
0.280844 0.916667 0.800000
0.306368 0.863095 0.800000
0.292094 0.684524 0.600000
0.255463 0.666667 0.700000
0.271100 0.791667 0.650000
0.313481 0.851190 0.850000
0.261248 0.875000 0.850000
0.267025 0.898810 0.800000
0.278827 0.934524 0.800000
0.253284 0.839286 0.850000
0.256112 0.904762 0.800000
0.290244 0.470238 0.500000
0.276308 0.386905 0.400000
0.245106 0.684524 0.650000
0.255231 0.886905 0.800000
0.294238 0.904762 0.800000
0.246067 0.404762 0.400000
0.271074 0.904762 0.800000
0.246862 0.809524 0.750000
0.268123 0.928571 0.800000
0.253762 0.428571 0.450000
0.252356 0.898810 0.800000
0.247151 0.886905 0.850000
0.264175 0.886905 0.750000
0.255240 0.494048 0.500000
0.260873 0.613095 0.600000
0.278756 0.875000 0.800000
0.248873 0.886905 0.800000
0.244131 0.910714 0.800000
0.270524 0.898810 0.750000
0.245774 0.898810 0.800000
0.222593 0.690476 0.650000
0.214445 0.928571 0.800000
0.229599 0.886905 0.800000
0.202502 0.625000 0.650000
0.207091 0.910714 0.800000
0.227839 0.886905 0.750000
0.258116 0.928571 0.800000
0.238367 0.666667 0.550000
0.210570 0.904762 0.800000
0.195158 0.892857 0.800000
0.225710 0.488095 0.500000
0.209816 0.630952 0.500000
0.255597 0.916667 0.800000
0.217030 0.892857 0.800000
0.212958 0.720238 0.650000
0.227397 0.660714 0.550000
0.238161 0.678571 0.550000
0.234368 0.910714 0.800000
0.222989 0.511905 0.500000
0.228287 0.648810 0.550000
0.211565 0.482143 0.500000
0.215424 0.845238 0.800000
0.206028 0.946429 0.800000
0.215058 0.875000 0.800000
0.208402 0.892857 0.800000
0.207600 0.666667 0.500000
0.212192 0.940476 0.800000
0.187300 0.827381 0.650000
0.184798 0.517857 0.500000
0.220064 0.452381 0.400000
0.204056 0.904762 0.800000
0.207770 0.523810 0.500000
0.189586 0.541667 0.550000
0.216430 0.880952 0.800000
0.205531 0.928571 0.800000
0.198034 0.940476 0.800000
0.207173 0.898810 0.800000
0.189341 0.898810 0.800000
0.199896 0.892857 0.800000
0.193992 0.910714 0.800000
0.174991 0.904762 0.800000
0.190894 0.666667 0.600000
0.198249 0.886905 0.800000
0.219344 0.898810 0.800000
0.206955 0.648810 0.550000
0.200056 0.940476 0.800000
0.186160 0.898810 0.800000
0.181215 0.672619 0.550000
0.174843 0.696429 0.650000
0.195548 0.910714 0.800000
0.200466 0.952381 0.800000
0.171285 0.708333 0.600000
0.197031 0.851190 0.700000
0.182264 0.940476 0.800000
0.164668 0.946429 0.800000
0.168749 0.952381 0.800000
0.162657 0.678571 0.550000
0.175073 0.916667 0.800000
0.174369 0.720238 0.600000
0.184170 0.791667 0.650000
0.151285 0.916667 0.800000
0.165288 0.821429 0.600000
0.170299 0.630952 0.500000
0.157593 0.952381 0.750000
0.161002 0.916667 0.800000
0.155546 0.952381 0.750000
0.156119 0.666667 0.550000
0.158444 0.839286 0.750000
0.182173 0.654762 0.450000
0.172455 0.672619 0.600000
0.155850 0.708333 0.650000
0.171719 0.940476 0.800000
0.154501 0.851190 0.700000
0.155305 0.857143 0.600000
0.181749 0.720238 0.650000
0.171275 0.880952 0.750000
0.153375 0.946429 0.800000
0.146803 0.946429 0.800000
0.150772 0.684524 0.600000
0.168512 0.946429 0.750000
0.171237 0.642857 0.500000
0.167091 0.952381 0.750000
0.172362 0.625000 0.500000
0.160471 0.952381 0.800000
0.159044 0.702381 0.550000
0.160861 0.940476 0.750000
0.144105 0.714286 0.650000
0.162403 0.690476 0.500000
0.171888 0.952381 0.800000
0.152018 0.589286 0.500000
0.158442 0.964286 0.750000
0.147929 0.678571 0.550000
0.156903 0.946429 0.750000
0.155396 0.958333 0.750000
0.155598 0.702381 0.650000
0.134826 0.928571 0.800000
0.157165 0.517857 0.550000
0.149590 0.952381 0.750000
0.151501 0.744048 0.600000
0.150356 0.619048 0.450000
0.171404 0.535714 0.550000
0.146437 0.904762 0.750000
0.165324 0.946429 0.750000
0.165878 0.952381 0.750000
0.158212 0.803571 0.600000
0.137616 0.714286 0.600000
0.137301 0.785714 0.600000
0.153738 0.684524 0.500000
0.138501 0.738095 0.600000
0.137671 0.946429 0.750000
0.165328 0.952381 0.750000
0.141730 0.946429 0.750000
0.130406 0.886905 0.750000
0.145523 0.821429 0.600000
0.159776 0.916667 0.750000
0.151235 0.577381 0.450000
0.133257 0.940476 0.800000
0.133138 0.815476 0.600000
0.148228 0.952381 0.750000
0.154754 0.880952 0.700000
0.138699 0.672619 0.450000
0.160931 0.910714 0.750000
0.153791 0.738095 0.650000
0.131212 0.738095 0.600000
0.136881 0.720238 0.600000
0.150245 0.660714 0.500000
0.147532 0.821429 0.600000
0.129208 0.648810 0.450000
0.128618 0.684524 0.550000
0.128390 0.625000 0.450000
0.161335 0.595238 0.500000
0.142716 0.952381 0.750000
0.149629 0.708333 0.600000
0.127126 0.815476 0.600000
0.131309 0.946429 0.750000
0.135142 0.696429 0.600000
0.146386 0.755952 0.600000
0.142247 0.958333 0.750000
0.136824 0.714286 0.600000
0.136010 0.952381 0.800000
0.159565 0.672619 0.550000
0.150112 0.660714 0.500000
0.153129 0.690476 0.550000
0.140545 0.732143 0.600000
0.144159 0.952381 0.750000
0.148193 0.708333 0.600000
0.129122 0.964286 0.750000
0.143035 0.946429 0.800000
0.139673 0.738095 0.600000
0.143753 0.708333 0.600000
0.139138 0.726190 0.650000
0.122825 0.892857 0.700000
0.139473 0.696429 0.550000
0.125170 0.696429 0.550000
0.142244 0.672619 0.500000
0.137104 0.958333 0.750000
0.122700 0.726190 0.600000
0.126731 0.767857 0.600000
0.147702 0.708333 0.600000
0.130676 0.958333 0.750000
0.153395 0.958333 0.750000
0.121642 0.678571 0.500000
0.136479 0.696429 0.500000
0.131738 0.952381 0.750000
0.136673 0.613095 0.550000
0.134172 0.696429 0.600000
0.145449 0.821429 0.600000
0.144872 0.720238 0.650000
0.130175 0.654762 0.450000
0.137879 0.946429 0.750000
0.125192 0.732143 0.600000
0.120324 0.964286 0.750000
0.126764 0.595238 0.550000
0.132863 0.619048 0.450000
0.135714 0.714286 0.600000
0.128220 0.726190 0.600000
0.141935 0.619048 0.450000
0.137422 0.726190 0.600000
0.131097 0.696429 0.550000
0.146730 0.714286 0.600000
0.131273 0.720238 0.650000
0.134512 0.821429 0.650000
0.129033 0.738095 0.600000
0.137621 0.714286 0.600000
0.132855 0.750000 0.600000
0.142043 0.690476 0.600000
0.141631 0.952381 0.750000
0.128683 0.690476 0.550000
0.130622 0.738095 0.600000
0.135133 0.744048 0.600000
0.130096 0.946429 0.750000
0.138076 0.714286 0.600000
0.121214 0.738095 0.600000
0.114677 0.744048 0.600000
0.134215 0.714286 0.600000
0.133947 0.678571 0.450000
0.131614 0.755952 0.600000
0.135068 0.761905 0.600000
0.137440 0.660714 0.450000
0.142106 0.696429 0.550000
0.145154 0.642857 0.450000
0.146352 0.720238 0.550000
0.123782 0.720238 0.550000
0.121417 0.744048 0.600000
0.130742 0.958333 0.750000
0.122699 0.964286 0.750000
0.127909 0.535714 0.450000
0.128472 0.952381 0.750000
0.131570 0.660714 0.450000
0.122344 0.732143 0.600000
0.130859 0.750000 0.600000
0.136308 0.958333 0.750000
0.125524 0.690476 0.550000
0.120431 0.761905 0.600000
0.131396 0.779762 0.600000
0.116999 0.726190 0.600000
0.134971 0.958333 0.750000
0.134284 0.720238 0.600000
0.129350 0.726190 0.600000
0.130228 0.827381 0.600000
0.120908 0.761905 0.600000
0.124352 0.660714 0.450000
0.115113 0.827381 0.600000
0.132991 0.898810 0.700000
0.123314 0.720238 0.600000
0.129191 0.726190 0.600000
0.128707 0.827381 0.600000
0.130631 0.696429 0.550000
0.140311 0.720238 0.600000
0.122744 0.952381 0.750000
0.132484 0.714286 0.600000
0.139650 0.702381 0.600000
0.129561 0.744048 0.600000
0.122719 0.910714 0.750000
0.135243 0.750000 0.600000
0.137928 0.720238 0.600000
0.117601 0.821429 0.600000
0.142100 0.720238 0.600000
0.131389 0.714286 0.600000
0.136093 0.720238 0.600000
0.126612 0.827381 0.600000
0.117627 0.922619 0.750000
0.142586 0.750000 0.600000
0.134640 0.738095 0.600000
0.144296 0.702381 0.600000
0.114333 0.708333 0.600000
0.120629 0.958333 0.750000
0.134744 0.785714 0.600000
0.128234 0.761905 0.600000
0.141855 0.726190 0.600000
