1.990271 0.797619 0.800000
0.532811 0.892857 0.800000
0.500737 0.886905 0.800000
0.522498 0.928571 0.750000
0.490036 0.827381 0.750000
0.496159 0.904762 0.800000
0.282712 0.833333 0.850000
0.296639 0.547619 0.500000
0.214633 0.922619 0.800000
0.317418 0.928571 0.800000
0.291051 0.934524 0.800000
0.281055 0.898810 0.850000
0.348882 0.833333 0.750000
0.372390 0.898810 0.750000
0.239508 0.928571 0.850000
0.217107 0.934524 0.800000
0.208524 0.910714 0.850000
0.243267 0.428571 0.400000
0.206579 0.946429 0.800000
0.152516 0.946429 0.800000
0.123328 0.940476 0.850000
0.217183 0.952381 0.800000
0.178045 0.952381 0.850000
0.160568 0.958333 0.850000
0.140785 0.934524 0.800000
0.176410 0.851190 0.850000
0.245603 0.976190 0.850000
0.171667 0.964286 0.850000
0.172696 0.803571 0.700000
0.229832 0.928571 0.850000
0.146749 0.982143 0.850000
0.159746 0.964286 0.800000
0.166708 0.958333 0.800000
0.142484 0.922619 0.850000
0.101305 0.982143 0.850000
0.138510 0.541667 0.500000
0.166773 0.946429 0.800000
0.149249 0.958333 0.850000
0.092379 0.976190 0.850000
0.122904 0.964286 0.850000
0.147039 0.910714 0.950000
0.212314 0.940476 0.850000
0.159614 0.916667 0.900000
0.156639 0.970238 0.850000
0.109695 0.964286 0.850000
0.126078 0.928571 0.800000
0.124764 0.964286 0.850000
0.093451 0.958333 0.800000
0.074774 0.982143 0.800000
0.065667 0.994048 0.850000
0.075231 0.988095 0.800000
0.063438 0.994048 0.850000
0.077168 0.988095 0.850000
0.062172 0.982143 0.800000
0.072069 0.970238 0.800000
0.073771 1.000000 0.850000
0.054151 0.988095 0.850000
0.083400 0.994048 0.850000
0.091423 0.988095 0.850000
0.072513 0.988095 0.850000
0.050566 0.994048 0.850000
0.060584 1.000000 0.850000
0.043017 0.988095 0.800000
0.048014 0.994048 0.850000
0.041679 1.000000 0.850000
0.050102 0.988095 0.850000
0.069825 0.982143 0.850000
0.074625 0.988095 0.850000
0.044460 0.994048 0.850000
0.037855 1.000000 0.850000
0.039246 0.988095 0.850000
0.120907 0.976190 0.850000
0.052875 1.000000 0.850000
0.043868 1.000000 0.850000
0.051924 1.000000 0.850000
0.064325 0.928571 0.800000
0.087187 0.982143 0.850000
0.077526 1.000000 0.850000
0.095811 0.958333 0.900000
0.086677 0.964286 0.850000
0.071107 0.988095 0.850000
0.061842 0.994048 0.850000
0.055941 0.994048 0.850000
0.037988 1.000000 0.850000
0.029150 1.000000 0.850000
0.038929 1.000000 0.850000
0.036804 1.000000 0.850000
0.036128 1.000000 0.850000
0.048577 1.000000 0.850000
0.108227 0.988095 0.850000
0.056195 0.994048 0.850000
0.035174 1.000000 0.850000
0.039712 1.000000 0.850000
0.026215 1.000000 0.850000
0.039869 1.000000 0.850000
0.042776 1.000000 0.850000
0.036517 1.000000 0.850000
0.034537 1.000000 0.850000
0.110389 0.940476 0.800000
0.088021 1.000000 0.850000
0.036912 1.000000 0.850000
0.031652 1.000000 0.850000
0.040943 1.000000 0.850000
0.026372 1.000000 0.850000
0.018742 1.000000 0.850000
0.038459 1.000000 0.850000
0.037301 1.000000 0.850000
0.025158 1.000000 0.850000
0.019455 1.000000 0.850000
0.036219 1.000000 0.850000
0.036060 1.000000 0.850000
0.030800 1.000000 0.850000
0.023675 1.000000 0.850000
0.023106 1.000000 0.850000
0.026377 1.000000 0.850000
0.088958 1.000000 0.850000
0.039138 1.000000 0.850000
0.032771 1.000000 0.850000
0.025419 1.000000 0.850000
0.028057 1.000000 0.850000
0.029867 1.000000 0.850000
0.033371 1.000000 0.850000
0.028069 1.000000 0.850000
0.024985 1.000000 0.850000
0.020873 1.000000 0.850000
0.027362 1.000000 0.850000
0.026903 1.000000 0.850000
0.027785 1.000000 0.850000
0.022698 1.000000 0.850000
0.035537 1.000000 0.850000
0.022966 1.000000 0.850000
0.028443 1.000000 0.850000
0.022780 1.000000 0.850000
0.021876 1.000000 0.850000
0.039085 1.000000 0.800000
0.026726 1.000000 0.850000
0.025951 1.000000 0.850000
0.023089 1.000000 0.850000
0.030869 1.000000 0.850000
0.025818 1.000000 0.850000
0.026011 1.000000 0.850000
0.020436 1.000000 0.850000
0.019653 1.000000 0.850000
0.018348 1.000000 0.850000
0.023836 1.000000 0.850000
0.021113 1.000000 0.850000
0.019710 1.000000 0.850000
0.017385 1.000000 0.850000
0.024966 1.000000 0.850000
0.019544 1.000000 0.850000
0.024937 1.000000 0.850000
0.018769 1.000000 0.850000
0.017938 1.000000 0.850000
0.019892 1.000000 0.850000
0.019689 1.000000 0.850000
0.018219 1.000000 0.850000
0.028158 1.000000 0.850000
0.020548 1.000000 0.850000
0.018219 1.000000 0.850000
0.023088 1.000000 0.850000
0.021098 1.000000 0.850000
0.019473 1.000000 0.850000
0.032504 1.000000 0.850000
0.020593 1.000000 0.800000
0.019296 1.000000 0.800000
0.030774 0.988095 0.850000
0.017228 1.000000 0.800000
0.019358 1.000000 0.800000
0.023891 1.000000 0.800000
0.021048 1.000000 0.800000
0.019072 1.000000 0.800000
0.026514 1.000000 0.850000
0.019913 1.000000 0.850000
0.018311 1.000000 0.800000
0.019884 1.000000 0.850000
0.021711 1.000000 0.800000
0.023660 1.000000 0.900000
0.042377 1.000000 0.800000
0.022172 1.000000 0.800000
0.017858 1.000000 0.850000
0.019659 1.000000 0.850000
0.022250 1.000000 0.850000
0.025450 1.000000 0.850000
0.027394 1.000000 0.850000
0.033749 1.000000 0.850000
0.023957 1.000000 0.800000
0.028948 1.000000 0.800000
0.021987 1.000000 0.850000
0.021791 1.000000 0.850000
0.016554 1.000000 0.850000
0.018966 1.000000 0.850000
0.017717 1.000000 0.850000
0.016981 1.000000 0.850000
0.014170 1.000000 0.850000
0.019052 1.000000 0.850000
0.016825 1.000000 0.850000
0.010290 1.000000 0.850000
0.015317 1.000000 0.850000
0.020328 1.000000 0.850000
0.019795 1.000000 0.850000
0.019059 1.000000 0.850000
0.019243 1.000000 0.850000
0.015084 1.000000 0.850000
0.017543 1.000000 0.850000
0.018140 1.000000 0.850000
0.012314 1.000000 0.850000
0.014885 1.000000 0.850000
0.021167 1.000000 0.850000
0.018244 1.000000 0.850000
0.019974 1.000000 0.850000
0.015089 1.000000 0.850000
0.018666 1.000000 0.850000
0.019848 1.000000 0.850000
0.016254 1.000000 0.850000
0.015264 1.000000 0.850000
0.018402 1.000000 0.850000
0.012405 1.000000 0.850000
0.014403 1.000000 0.850000
0.011794 1.000000 0.850000
0.016292 1.000000 0.850000
0.024453 1.000000 0.850000
0.014025 1.000000 0.850000
0.018713 1.000000 0.850000
0.029021 1.000000 0.850000
0.016520 1.000000 0.850000
0.020344 1.000000 0.850000
0.022972 1.000000 0.850000
0.011611 1.000000 0.850000
0.016492 1.000000 0.850000
0.019409 1.000000 0.850000
0.017568 1.000000 0.850000
0.017201 1.000000 0.850000
0.014643 1.000000 0.850000
0.011236 1.000000 0.850000
0.015099 1.000000 0.850000
0.014621 1.000000 0.850000
0.016617 1.000000 0.850000
0.016867 1.000000 0.850000
0.016189 1.000000 0.850000
0.020794 1.000000 0.850000
0.022277 1.000000 0.850000
0.016412 1.000000 0.850000
0.021958 1.000000 0.850000
0.020400 1.000000 0.800000
0.009134 1.000000 0.850000
0.016754 1.000000 0.850000
0.012965 1.000000 0.850000
0.020633 1.000000 0.850000
0.021404 1.000000 0.850000
0.016847 1.000000 0.850000
0.020021 1.000000 0.850000
0.014213 1.000000 0.850000
0.014550 1.000000 0.850000
0.011209 1.000000 0.850000
0.014176 1.000000 0.850000
0.020944 1.000000 0.850000
0.012429 1.000000 0.850000
0.016674 1.000000 0.850000
0.013025 1.000000 0.850000
0.016475 1.000000 0.850000
0.016739 1.000000 0.850000
0.024356 1.000000 0.850000
0.012406 1.000000 0.850000
0.016242 1.000000 0.850000
0.016204 1.000000 0.850000
0.013093 1.000000 0.850000
0.017983 1.000000 0.850000
0.022878 1.000000 0.850000
0.013957 1.000000 0.850000
0.015521 1.000000 0.850000
0.014149 1.000000 0.850000
0.016634 1.000000 0.850000
0.013640 1.000000 0.850000
0.011902 1.000000 0.850000
0.014905 1.000000 0.850000
0.016192 1.000000 0.850000
0.015077 1.000000 0.850000
0.013031 1.000000 0.850000
0.022987 1.000000 0.800000
0.012310 1.000000 0.850000
0.013277 1.000000 0.800000
0.014983 1.000000 0.800000
0.016145 1.000000 0.850000
0.013175 1.000000 0.850000
0.014451 1.000000 0.850000
0.021002 1.000000 0.850000
0.013446 1.000000 0.850000
0.015445 1.000000 0.800000
0.017761 1.000000 0.850000
0.015149 1.000000 0.850000
0.012194 1.000000 0.850000
0.019424 1.000000 0.850000
0.015525 1.000000 0.850000
0.013382 1.000000 0.850000
0.014664 1.000000 0.850000
0.016895 1.000000 0.850000
0.016616 1.000000 0.850000
0.013760 1.000000 0.850000
0.011375 1.000000 0.850000
0.012588 1.000000 0.850000
0.011334 1.000000 0.850000
0.012460 1.000000 0.800000
0.017563 1.000000 0.850000
0.012479 1.000000 0.850000
0.018213 1.000000 0.850000
0.016547 1.000000 0.850000
0.013048 1.000000 0.800000
0.013734 1.000000 0.850000
0.015235 1.000000 0.850000
0.010970 1.000000 0.850000
0.018048 1.000000 0.850000
0.015925 1.000000 0.850000
0.018285 1.000000 0.850000
0.014196 1.000000 0.850000
0.012426 1.000000 0.850000
0.011224 1.000000 0.850000
0.013146 1.000000 0.850000
0.011460 1.000000 0.800000
0.015139 1.000000 0.850000
0.014895 1.000000 0.850000
0.011660 1.000000 0.850000
0.014166 1.000000 0.850000
0.013008 1.000000 0.800000
0.013675 1.000000 0.850000
0.016151 1.000000 0.850000
0.008901 1.000000 0.850000
0.014694 1.000000 0.850000
0.016250 1.000000 0.850000
0.014687 1.000000 0.850000
0.017046 1.000000 0.850000
0.016002 1.000000 0.850000
0.020033 1.000000 0.850000
0.014676 1.000000 0.850000
0.010252 1.000000 0.850000
0.012227 1.000000 0.850000
0.009401 1.000000 0.850000
0.012434 1.000000 0.850000
0.020178 1.000000 0.850000
0.013503 1.000000 0.850000
0.016716 1.000000 0.850000
0.014390 1.000000 0.850000
0.010167 1.000000 0.850000
0.010049 1.000000 0.850000
0.015670 1.000000 0.850000
0.018298 1.000000 0.850000
0.012878 1.000000 0.850000
0.018069 1.000000 0.850000
0.019424 1.000000 0.850000
0.016689 1.000000 0.850000
0.016945 1.000000 0.850000
1.699301 0.863095 0.800000
0.405245 0.791667 0.800000
0.359163 0.910714 0.750000
0.375664 0.916667 0.750000
0.304946 0.773810 0.650000
0.290216 0.934524 0.750000
0.234241 0.880952 0.850000
0.240933 0.940476 0.750000
0.215225 0.880952 0.800000
0.264942 0.910714 0.800000
0.287593 0.934524 0.800000
0.277718 0.821429 0.750000
0.268551 0.922619 0.750000
0.318092 0.386905 0.350000
0.196673 0.880952 0.850000
0.246666 0.684524 0.650000
0.202203 0.678571 0.600000
0.216368 0.934524 0.800000
0.154494 0.910714 0.850000
0.208397 0.928571 0.800000
0.153027 0.922619 0.800000
0.224246 0.869048 0.800000
0.196502 0.946429 0.800000
0.171928 0.946429 0.800000
0.172866 0.892857 0.900000
0.196978 0.779762 0.750000
0.222831 0.857143 0.750000
0.178066 0.922619 0.800000
0.170781 0.940476 0.800000
0.205099 0.648810 0.600000
0.166358 0.946429 0.800000
0.179862 0.928571 0.800000
0.154673 0.910714 0.800000
0.154644 0.761905 0.700000
0.133123 0.952381 0.800000
0.149155 0.964286 0.800000
0.103490 0.500000 0.400000
0.189477 0.869048 0.800000
0.128658 0.958333 0.800000
0.121521 0.940476 0.750000
0.156818 0.928571 0.850000
0.120191 0.958333 0.750000
0.117142 0.970238 0.800000
0.122597 0.845238 0.700000
0.132221 0.904762 0.800000
0.134236 0.904762 0.750000
0.147452 0.922619 0.850000
0.109741 0.940476 0.800000
0.109387 0.970238 0.800000
0.078681 0.970238 0.800000
0.094369 0.982143 0.800000
0.067892 0.982143 0.800000
0.096053 1.000000 0.800000
0.077127 0.988095 0.750000
0.084027 0.988095 0.800000
0.091960 0.958333 0.800000
0.075898 0.976190 0.750000
0.077277 0.982143 0.850000
0.091591 0.952381 0.800000
0.078788 0.994048 0.800000
0.058774 0.982143 0.750000
0.070909 0.982143 0.800000
0.060748 0.976190 0.750000
0.100497 0.976190 0.650000
0.055808 0.988095 0.700000
0.050746 0.982143 0.700000
0.079206 0.940476 0.800000
0.080087 0.982143 0.750000
0.061167 0.988095 0.800000
0.053513 1.000000 0.800000
0.056630 0.982143 0.750000
0.098496 0.976190 0.800000
0.098762 0.934524 0.800000
0.084999 0.964286 0.800000
0.092499 0.982143 0.800000
0.095466 0.910714 0.800000
0.061262 0.964286 0.800000
0.081577 0.994048 0.800000
0.062245 0.964286 0.750000
0.040348 0.994048 0.800000
0.085448 0.964286 0.650000
0.080419 1.000000 0.700000
0.048539 0.994048 0.800000
0.064123 0.982143 0.700000
0.066051 1.000000 0.800000
0.057158 0.988095 0.800000
0.052100 1.000000 0.700000
0.044732 0.964286 0.600000
0.118662 0.934524 0.750000
0.080980 1.000000 0.700000
0.061099 1.000000 0.700000
0.092585 0.696429 0.600000
0.103790 0.988095 0.800000
0.056745 0.994048 0.800000
0.059739 1.000000 0.750000
0.058302 1.000000 0.800000
0.045890 1.000000 0.750000
0.043449 1.000000 0.800000
0.100972 1.000000 0.800000
0.044188 1.000000 0.700000
0.046558 1.000000 0.750000
0.057560 1.000000 0.800000
0.041007 1.000000 0.800000
0.032645 1.000000 0.800000
0.022841 1.000000 0.800000
0.031275 1.000000 0.750000
0.040850 1.000000 0.800000
0.035525 1.000000 0.750000
0.022790 1.000000 0.800000
0.030186 1.000000 0.750000
0.040815 1.000000 0.800000
0.029273 1.000000 0.800000
0.028766 1.000000 0.800000
0.026925 1.000000 0.800000
0.031641 1.000000 0.800000
0.032531 1.000000 0.700000
0.028221 0.994048 0.750000
0.064570 0.988095 0.700000
0.031655 1.000000 0.700000
0.035256 1.000000 0.750000
0.043999 1.000000 0.750000
0.036315 1.000000 0.700000
0.034129 1.000000 0.700000
0.028202 1.000000 0.700000
0.022389 1.000000 0.750000
0.034135 1.000000 0.700000
0.029289 1.000000 0.700000
0.027297 1.000000 0.700000
0.026216 1.000000 0.700000
0.039986 1.000000 0.700000
0.029641 1.000000 0.700000
0.045726 1.000000 0.800000
0.030844 1.000000 0.750000
0.025872 1.000000 0.800000
0.042547 1.000000 0.700000
0.045288 0.994048 0.750000
0.034307 1.000000 0.800000
0.032578 1.000000 0.750000
0.033184 1.000000 0.800000
0.032977 1.000000 0.700000
0.033382 1.000000 0.700000
0.027288 1.000000 0.700000
0.030969 1.000000 0.800000
0.025183 1.000000 0.700000
0.032580 1.000000 0.700000
0.023077 1.000000 0.700000
0.023106 1.000000 0.750000
0.038324 1.000000 0.700000
0.041978 1.000000 0.700000
0.022165 1.000000 0.700000
0.027629 1.000000 0.700000
0.022741 1.000000 0.700000
0.024739 1.000000 0.700000
0.023794 1.000000 0.700000
0.022016 1.000000 0.700000
0.017772 1.000000 0.700000
0.025394 1.000000 0.700000
0.026977 1.000000 0.700000
0.021902 1.000000 0.700000
0.024851 1.000000 0.700000
0.022983 1.000000 0.700000
0.020035 1.000000 0.700000
0.021868 1.000000 0.700000
0.013874 1.000000 0.700000
0.018386 1.000000 0.700000
0.024973 1.000000 0.700000
0.019830 1.000000 0.700000
0.021694 1.000000 0.700000
0.029081 1.000000 0.700000
0.021670 1.000000 0.700000
0.021012 1.000000 0.700000
0.023054 1.000000 0.700000
0.018492 1.000000 0.700000
0.024865 1.000000 0.700000
0.022336 1.000000 0.700000
0.041216 1.000000 0.800000
0.062566 1.000000 0.800000
0.029611 1.000000 0.800000
0.021112 1.000000 0.800000
0.020236 1.000000 0.800000
0.022788 1.000000 0.800000
0.033929 1.000000 0.800000
0.038376 1.000000 0.800000
0.026687 1.000000 0.800000
0.029691 1.000000 0.700000
0.021450 1.000000 0.700000
0.022488 1.000000 0.750000
0.021668 1.000000 0.700000
0.024351 1.000000 0.700000
0.017248 1.000000 0.700000
0.019336 1.000000 0.700000
0.021588 1.000000 0.700000
0.018269 1.000000 0.700000
0.018124 1.000000 0.750000
0.022345 1.000000 0.700000
0.019346 1.000000 0.700000
0.013432 1.000000 0.700000
0.016023 1.000000 0.700000
0.022114 1.000000 0.700000
0.019710 1.000000 0.700000
0.024950 1.000000 0.700000
0.022228 1.000000 0.700000
0.015822 1.000000 0.700000
0.018864 1.000000 0.700000
0.020488 1.000000 0.700000
0.013545 1.000000 0.700000
0.020099 1.000000 0.700000
0.024401 1.000000 0.700000
0.020375 1.000000 0.700000
0.018496 1.000000 0.700000
0.015801 1.000000 0.700000
0.020784 1.000000 0.700000
0.022999 1.000000 0.700000
0.015941 1.000000 0.700000
0.016436 1.000000 0.700000
0.021957 1.000000 0.700000
0.013554 1.000000 0.700000
0.016794 1.000000 0.700000
0.014057 1.000000 0.700000
0.018714 1.000000 0.700000
0.047009 1.000000 0.700000
0.016395 1.000000 0.700000
0.021223 1.000000 0.700000
0.020362 1.000000 0.700000
0.013899 1.000000 0.700000
0.018966 1.000000 0.700000
0.016728 1.000000 0.700000
0.013347 1.000000 0.700000
0.016094 1.000000 0.700000
0.018046 1.000000 0.700000
0.015960 1.000000 0.700000
0.024467 1.000000 0.700000
0.017722 1.000000 0.700000
0.014263 1.000000 0.700000
0.016220 1.000000 0.700000
0.015334 1.000000 0.700000
0.020069 1.000000 0.700000
0.017539 1.000000 0.700000
0.016676 1.000000 0.700000
0.022003 1.000000 0.700000
0.021569 1.000000 0.700000
0.015663 1.000000 0.700000
0.021942 1.000000 0.700000
0.017816 1.000000 0.700000
0.011069 1.000000 0.700000
0.017347 1.000000 0.700000
0.017575 1.000000 0.700000
0.020304 1.000000 0.700000
0.022947 1.000000 0.700000
0.017756 1.000000 0.700000
0.021671 1.000000 0.700000
0.015339 1.000000 0.700000
0.014137 1.000000 0.700000
0.015140 1.000000 0.700000
0.015217 1.000000 0.700000
0.020803 1.000000 0.700000
0.013361 1.000000 0.700000
0.015940 1.000000 0.700000
0.017859 1.000000 0.700000
0.018242 1.000000 0.700000
0.019702 1.000000 0.700000
0.027115 1.000000 0.700000
0.017608 1.000000 0.700000
0.016710 1.000000 0.700000
0.017998 1.000000 0.700000
0.014775 1.000000 0.700000
0.015828 1.000000 0.700000
0.019612 1.000000 0.700000
0.015619 1.000000 0.700000
0.017074 1.000000 0.700000
0.015097 1.000000 0.700000
0.015371 1.000000 0.700000
0.014184 1.000000 0.700000
0.013694 1.000000 0.700000
0.018864 1.000000 0.700000
0.016743 1.000000 0.700000
0.017213 1.000000 0.700000
0.014988 1.000000 0.700000
0.032629 1.000000 0.700000
0.012602 1.000000 0.700000
0.014615 1.000000 0.700000
0.014703 1.000000 0.700000
0.017208 1.000000 0.700000
0.015647 1.000000 0.700000
0.015470 1.000000 0.700000
0.018267 1.000000 0.700000
0.014467 1.000000 0.700000
0.017089 1.000000 0.700000
0.018245 1.000000 0.700000
0.016029 1.000000 0.700000
0.012639 1.000000 0.700000
0.019226 1.000000 0.700000
0.016418 1.000000 0.700000
0.013656 1.000000 0.700000
0.014712 1.000000 0.700000
0.018972 1.000000 0.700000
0.016726 1.000000 0.700000
0.015892 1.000000 0.700000
0.012049 1.000000 0.700000
0.013688 1.000000 0.700000
0.012361 1.000000 0.700000
0.014199 1.000000 0.700000
0.024721 1.000000 0.700000
0.015308 1.000000 0.700000
0.020851 1.000000 0.700000
0.017854 1.000000 0.700000
0.014441 1.000000 0.700000
0.015269 1.000000 0.700000
0.017278 1.000000 0.700000
0.011496 1.000000 0.700000
0.017349 1.000000 0.700000
0.017812 1.000000 0.700000
0.020347 1.000000 0.700000
0.014725 1.000000 0.700000
0.013274 1.000000 0.700000
0.012290 1.000000 0.700000
0.014637 1.000000 0.700000
0.013554 1.000000 0.700000
0.017300 1.000000 0.700000
0.016489 1.000000 0.700000
0.013137 1.000000 0.700000
0.015039 1.000000 0.700000
0.013982 1.000000 0.700000
0.015236 1.000000 0.700000
0.017199 1.000000 0.700000
0.012191 1.000000 0.700000
0.016246 1.000000 0.700000
0.016858 1.000000 0.700000
0.016136 1.000000 0.700000
0.018750 1.000000 0.700000
0.015767 1.000000 0.700000
0.021682 1.000000 0.700000
0.019588 1.000000 0.700000
0.011899 1.000000 0.700000
0.016426 1.000000 0.700000
0.011756 1.000000 0.700000
0.014313 1.000000 0.700000
0.022765 1.000000 0.700000
0.017821 1.000000 0.700000
0.017059 1.000000 0.700000
0.015731 1.000000 0.700000
0.012296 1.000000 0.700000
0.011756 1.000000 0.700000
0.017069 1.000000 0.700000
0.019695 1.000000 0.700000
0.012550 1.000000 0.700000
0.018264 1.000000 0.700000
0.019696 1.000000 0.700000
0.016996 1.000000 0.700000
0.018501 1.000000 0.700000
