2.791796 0.702381 0.700000
1.252890 0.827381 0.750000
0.934800 0.696429 0.650000
0.855427 0.821429 0.800000
0.847339 0.797619 0.800000
0.557990 0.803571 0.800000
0.546795 0.845238 0.800000
0.487660 0.869048 0.800000
0.499521 0.857143 0.800000
0.778955 0.845238 0.750000
0.513575 0.857143 0.800000
0.443633 0.672619 0.650000
0.397686 0.464286 0.500000
0.517655 0.833333 0.750000
0.506615 0.750000 0.650000
0.454993 0.863095 0.800000
0.382506 0.898810 0.750000
0.435374 0.880952 0.750000
0.398889 0.791667 0.700000
0.369284 0.875000 0.850000
0.366743 0.839286 0.850000
0.394458 0.875000 0.750000
0.370525 0.845238 0.800000
0.419770 0.875000 0.800000
0.369196 0.851190 0.800000
0.350487 0.880952 0.800000
0.403215 0.875000 0.800000
0.366392 0.875000 0.850000
0.325065 0.809524 0.750000
0.348866 0.886905 0.750000
0.406877 0.875000 0.800000
0.355572 0.815476 0.750000
0.328442 0.791667 0.650000
0.326809 0.916667 0.850000
0.339348 0.880952 0.850000
0.357137 0.863095 0.850000
0.338488 0.666667 0.650000
0.393024 0.875000 0.800000
0.312234 0.880952 0.800000
0.310023 0.857143 0.800000
0.315649 0.869048 0.850000
0.317873 0.863095 0.800000
0.283913 0.892857 0.800000
0.343006 0.863095 0.800000
0.332959 0.880952 0.750000
0.299637 0.863095 0.850000
0.303401 0.875000 0.800000
0.297282 0.851190 0.750000
0.245132 0.886905 0.850000
0.271349 0.875000 0.800000
0.260112 0.910714 0.800000
0.263160 0.863095 0.800000
0.270430 0.886905 0.750000
0.280613 0.898810 0.750000
0.290659 0.863095 0.800000
0.275256 0.928571 0.800000
0.254495 0.904762 0.800000
0.293913 0.886905 0.750000
0.291724 0.934524 0.850000
0.254879 0.910714 0.750000
0.228563 0.892857 0.800000
0.242667 0.904762 0.800000
0.256706 0.916667 0.800000
0.258573 0.875000 0.800000
0.264008 0.898810 0.800000
0.238301 0.898810 0.800000
0.240619 0.898810 0.800000
0.263876 0.898810 0.750000
0.269098 0.898810 0.800000
0.248675 0.922619 0.850000
0.253371 0.892857 0.750000
0.241922 0.916667 0.750000
0.232876 0.863095 0.700000
0.240136 0.916667 0.700000
0.268368 0.916667 0.850000
0.234041 0.904762 0.750000
0.248236 0.904762 0.750000
0.249933 0.916667 0.750000
0.232025 0.898810 0.800000
0.246281 0.755952 0.700000
0.243037 0.910714 0.800000
0.256307 0.869048 0.850000
0.246220 0.892857 0.700000
0.234738 0.916667 0.700000
0.275004 0.863095 0.800000
0.244375 0.904762 0.750000
0.256148 0.922619 0.800000
0.242788 0.928571 0.800000
0.245285 0.875000 0.850000
0.238025 0.940476 0.800000
0.237987 0.934524 0.800000
0.229143 0.928571 0.850000
0.233615 0.904762 0.800000
0.226331 0.910714 0.800000
0.225426 0.898810 0.800000
0.254069 0.869048 0.850000
0.234066 0.898810 0.750000
0.240720 0.922619 0.750000
0.254418 0.892857 0.800000
0.239498 0.910714 0.800000
0.222718 0.934524 0.800000
0.209553 0.910714 0.800000
0.226138 0.898810 0.800000
0.201760 0.916667 0.800000
0.206672 0.898810 0.800000
0.197073 0.910714 0.800000
0.229860 0.904762 0.800000
0.227559 0.916667 0.800000
0.214968 0.934524 0.800000
0.199780 0.928571 0.800000
0.225931 0.904762 0.800000
0.198513 0.892857 0.800000
0.232119 0.910714 0.800000
0.227415 0.910714 0.800000
0.203075 0.892857 0.800000
0.224256 0.910714 0.800000
0.200652 0.916667 0.850000
0.214491 0.910714 0.750000
0.219189 0.940476 0.800000
0.218337 0.904762 0.800000
0.211979 0.904762 0.800000
0.222850 0.898810 0.800000
0.198631 0.934524 0.800000
0.218580 0.940476 0.800000
0.206224 0.910714 0.800000
0.212629 0.904762 0.700000
0.208714 0.940476 0.800000
0.208242 0.892857 0.750000
0.212038 0.904762 0.750000
0.221142 0.898810 0.750000
0.223504 0.910714 0.750000
0.230113 0.910714 0.750000
0.221514 0.952381 0.850000
0.213131 0.904762 0.800000
0.221181 0.946429 0.750000
0.216673 0.934524 0.800000
0.214302 0.946429 0.800000
0.211844 0.898810 0.800000
0.214075 0.898810 0.800000
0.226753 0.898810 0.750000
0.213841 0.904762 0.800000
0.199629 0.934524 0.750000
0.201194 0.898810 0.750000
0.234105 0.910714 0.800000
0.214420 0.946429 0.800000
0.218404 0.946429 0.800000
0.205585 0.910714 0.800000
0.195016 0.910714 0.750000
0.206209 0.946429 0.800000
0.218891 0.946429 0.800000
0.224500 0.940476 0.800000
0.194867 0.910714 0.800000
0.209104 0.952381 0.800000
0.208174 0.940476 0.800000
0.189240 0.922619 0.800000
0.205880 0.898810 0.800000
0.197631 0.934524 0.800000
0.210140 0.898810 0.750000
0.201838 0.910714 0.750000
0.225068 0.934524 0.750000
0.185177 0.922619 0.800000
0.201334 0.916667 0.750000
0.206149 0.946429 0.750000
0.190490 0.904762 0.800000
0.202614 0.934524 0.800000
0.201690 0.916667 0.800000
0.190622 0.928571 0.800000
0.186913 0.916667 0.800000
0.200917 0.952381 0.800000
0.199375 0.928571 0.800000
0.190607 0.904762 0.800000
0.216509 0.946429 0.800000
0.203788 0.940476 0.800000
0.201014 0.904762 0.800000
0.218613 0.898810 0.800000
0.200773 0.904762 0.750000
0.190878 0.904762 0.800000
0.188394 0.916667 0.800000
0.190394 0.910714 0.800000
0.212131 0.904762 0.750000
0.216255 0.934524 0.800000
0.196532 0.922619 0.750000
0.227493 0.910714 0.800000
0.215829 0.922619 0.800000
0.201401 0.952381 0.800000
0.197226 0.898810 0.750000
0.186248 0.934524 0.750000
0.202324 0.916667 0.750000
0.220118 0.910714 0.750000
0.189317 0.934524 0.750000
0.202354 0.916667 0.750000
0.193164 0.904762 0.750000
0.202731 0.922619 0.800000
0.196133 0.904762 0.800000
0.206812 0.946429 0.800000
0.185523 0.916667 0.800000
0.183683 0.904762 0.800000
0.172684 0.910714 0.800000
0.199971 0.910714 0.800000
0.192350 0.940476 0.800000
0.212416 0.934524 0.800000
0.191023 0.910714 0.800000
0.214825 0.934524 0.750000
0.195093 0.934524 0.750000
0.207975 0.940476 0.750000
0.167350 0.904762 0.750000
0.187308 0.934524 0.750000
0.203025 0.898810 0.750000
0.186753 0.904762 0.750000
0.182511 0.904762 0.750000
0.196361 0.934524 0.800000
0.186069 0.934524 0.750000
0.177308 0.898810 0.750000
0.181608 0.946429 0.750000
0.202499 0.940476 0.800000
0.205715 0.940476 0.800000
0.185004 0.946429 0.800000
0.180758 0.940476 0.750000
0.190680 0.916667 0.750000
0.191651 0.916667 0.750000
0.185919 0.910714 0.750000
0.184821 0.910714 0.750000
0.198484 0.904762 0.750000
0.165626 0.916667 0.750000
0.167679 0.934524 0.750000
0.188954 0.910714 0.750000
0.206661 0.910714 0.800000
0.183926 0.940476 0.800000
0.191151 0.940476 0.800000
0.178830 0.934524 0.750000
0.202484 0.934524 0.750000
0.186832 0.904762 0.750000
0.193804 0.934524 0.800000
0.178663 0.904762 0.750000
0.180230 0.916667 0.800000
0.169571 0.904762 0.800000
0.194879 0.904762 0.800000
0.178299 0.898810 0.800000
0.173786 0.910714 0.800000
0.175238 0.916667 0.800000
0.207222 0.940476 0.800000
0.196043 0.934524 0.800000
0.197020 0.934524 0.800000
0.195942 0.934524 0.800000
0.190872 0.934524 0.800000
0.191886 0.934524 0.800000
0.181104 0.898810 0.800000
0.191417 0.934524 0.800000
0.188800 0.934524 0.800000
0.182977 0.934524 0.800000
0.186935 0.934524 0.800000
0.188760 0.934524 0.800000
0.182966 0.904762 0.800000
0.174352 0.934524 0.800000
0.202884 0.934524 0.800000
0.183442 0.934524 0.800000
0.182962 0.934524 0.800000
0.178439 0.904762 0.800000
0.189658 0.934524 0.800000
0.180727 0.934524 0.800000
0.191563 0.934524 0.800000
0.177094 0.934524 0.800000
0.189741 0.934524 0.800000
0.168600 0.904762 0.800000
0.180682 0.934524 0.800000
0.182112 0.934524 0.800000
0.188845 0.904762 0.800000
0.194225 0.946429 0.800000
0.183411 0.916667 0.800000
0.179759 0.940476 0.800000
0.180880 0.904762 0.800000
0.175781 0.910714 0.800000
0.181212 0.934524 0.800000
0.173566 0.940476 0.800000
0.184011 0.934524 0.800000
0.160630 0.934524 0.800000
0.186417 0.934524 0.800000
0.182999 0.934524 0.800000
0.192276 0.940476 0.750000
0.193031 0.910714 0.750000
0.182126 0.934524 0.750000
0.193192 0.934524 0.800000
0.197805 0.904762 0.750000
0.191704 0.940476 0.800000
0.186890 0.940476 0.800000
0.208355 0.934524 0.800000
0.198511 0.904762 0.800000
0.189696 0.940476 0.800000
0.186891 0.934524 0.750000
0.183810 0.916667 0.750000
0.180948 0.940476 0.750000
0.189526 0.916667 0.800000
0.169832 0.910714 0.750000
0.179636 0.910714 0.750000
0.178626 0.910714 0.750000
0.187746 0.934524 0.750000
0.185249 0.934524 0.750000
0.180553 0.934524 0.750000
0.188476 0.934524 0.750000
0.205416 0.934524 0.800000
0.207762 0.934524 0.750000
0.194005 0.934524 0.750000
0.178751 0.934524 0.750000
0.168127 0.934524 0.800000
0.189047 0.934524 0.800000
0.177195 0.934524 0.750000
0.182280 0.934524 0.750000
0.183564 0.916667 0.750000
0.184563 0.934524 0.750000
0.173616 0.934524 0.750000
0.181804 0.916667 0.750000
0.203714 0.934524 0.750000
0.178423 0.934524 0.750000
0.170883 0.916667 0.750000
0.190549 0.904762 0.750000
0.175717 0.934524 0.750000
0.197137 0.928571 0.750000
0.198194 0.934524 0.750000
0.183440 0.934524 0.750000
0.184779 0.904762 0.750000
0.178004 0.898810 0.750000
0.177608 0.940476 0.800000
0.172026 0.940476 0.800000
0.190329 0.940476 0.750000
0.178784 0.940476 0.750000
0.179371 0.910714 0.750000
0.180833 0.934524 0.750000
0.173485 0.916667 0.750000
0.196373 0.934524 0.750000
0.168327 0.928571 0.750000
0.178545 0.934524 0.750000
0.175314 0.934524 0.750000
0.190455 0.928571 0.750000
0.190631 0.940476 0.750000
0.201802 0.934524 0.750000
0.192131 0.934524 0.750000
0.164113 0.916667 0.750000
0.194940 0.934524 0.750000
0.179897 0.934524 0.750000
0.201150 0.934524 0.750000
0.173693 0.916667 0.750000
0.170782 0.922619 0.750000
0.206616 0.916667 0.750000
0.186949 0.934524 0.750000
0.195267 0.934524 0.750000
0.171986 0.934524 0.750000
0.176035 0.916667 0.750000
0.171934 0.934524 0.750000
0.182139 0.934524 0.750000
0.190625 0.934524 0.750000
2.351570 0.761905 0.650000
0.868493 0.732143 0.700000
0.624877 0.803571 0.700000
0.608372 0.821429 0.800000
0.534887 0.738095 0.700000
0.466065 0.857143 0.750000
0.416980 0.857143 0.750000
0.432540 0.875000 0.800000
0.412285 0.863095 0.750000
0.562936 0.851190 0.800000
0.488655 0.863095 0.800000
0.406089 0.851190 0.750000
0.423299 0.892857 0.750000
0.434458 0.857143 0.800000
0.430370 0.880952 0.700000
0.396982 0.833333 0.700000
0.394623 0.845238 0.700000
0.404374 0.875000 0.800000
0.373075 0.875000 0.800000
0.346760 0.875000 0.800000
0.356307 0.839286 0.850000
0.396822 0.886905 0.750000
0.328192 0.750000 0.650000
0.396573 0.910714 0.800000
0.360466 0.886905 0.650000
0.341238 0.839286 0.850000
0.381442 0.863095 0.750000
0.343116 0.869048 0.750000
0.340463 0.875000 0.750000
0.390034 0.886905 0.700000
0.468023 0.880952 0.800000
0.348809 0.875000 0.750000
0.318624 0.886905 0.750000
0.307290 0.892857 0.750000
0.328365 0.886905 0.750000
0.318357 0.892857 0.750000
0.306046 0.827381 0.650000
0.334638 0.892857 0.700000
0.297750 0.863095 0.750000
0.304269 0.880952 0.750000
0.315910 0.898810 0.750000
0.300379 0.898810 0.750000
0.287555 0.916667 0.700000
0.354440 0.863095 0.800000
0.324784 0.886905 0.750000
0.267771 0.904762 0.800000
0.296091 0.880952 0.750000
0.292856 0.833333 0.700000
0.256568 0.892857 0.750000
0.273216 0.910714 0.800000
0.273770 0.880952 0.750000
0.257233 0.934524 0.800000
0.265172 0.904762 0.750000
0.279900 0.892857 0.750000
0.286369 0.875000 0.750000
0.290580 0.898810 0.800000
0.259305 0.898810 0.800000
0.276289 0.898810 0.750000
0.283601 0.922619 0.800000
0.260012 0.898810 0.800000
0.235397 0.892857 0.750000
0.246096 0.886905 0.750000
0.255568 0.904762 0.800000
0.272414 0.898810 0.750000
0.279679 0.922619 0.750000
0.252373 0.898810 0.800000
0.258178 0.886905 0.800000
0.272339 0.898810 0.750000
0.262876 0.904762 0.800000
0.254925 0.934524 0.800000
0.261492 0.892857 0.750000
0.260289 0.946429 0.800000
0.241617 0.898810 0.750000
0.244675 0.916667 0.750000
0.291081 0.898810 0.750000
0.259429 0.904762 0.750000
0.250822 0.904762 0.800000
0.276312 0.904762 0.800000
0.241127 0.898810 0.750000
0.256517 0.934524 0.800000
0.269789 0.928571 0.800000
0.277017 0.898810 0.800000
0.260355 0.892857 0.800000
0.247011 0.910714 0.800000
0.276607 0.928571 0.800000
0.244782 0.898810 0.800000
0.256193 0.892857 0.800000
0.235434 0.940476 0.800000
0.257471 0.892857 0.800000
0.246324 0.898810 0.800000
0.254268 0.898810 0.800000
0.233920 0.934524 0.850000
0.240133 0.904762 0.700000
0.232304 0.898810 0.800000
0.240564 0.904762 0.800000
0.264851 0.904762 0.800000
0.240797 0.898810 0.800000
0.254089 0.904762 0.800000
0.289640 0.904762 0.750000
0.255133 0.904762 0.800000
0.231829 0.892857 0.800000
0.226383 0.904762 0.800000
0.243964 0.892857 0.800000
0.215487 0.934524 0.800000
0.214502 0.898810 0.800000
0.215664 0.886905 0.800000
0.250945 0.898810 0.800000
0.238269 0.922619 0.800000
0.227341 0.910714 0.800000
0.212855 0.886905 0.800000
0.222069 0.898810 0.800000
0.204055 0.892857 0.800000
0.246893 0.904762 0.800000
0.236965 0.946429 0.800000
0.216264 0.898810 0.800000
0.238448 0.898810 0.800000
0.216800 0.898810 0.800000
0.229627 0.904762 0.800000
0.226330 0.928571 0.800000
0.222628 0.892857 0.800000
0.220387 0.928571 0.800000
0.234717 0.904762 0.800000
0.208670 0.940476 0.800000
0.229096 0.952381 0.800000
0.222445 0.910714 0.800000
0.227123 0.910714 0.800000
0.222357 0.898810 0.800000
0.215682 0.898810 0.800000
0.228213 0.910714 0.800000
0.234689 0.934524 0.800000
0.229699 0.904762 0.800000
0.231624 0.904762 0.800000
0.235433 0.928571 0.800000
0.212563 0.910714 0.800000
0.238396 0.898810 0.800000
0.238690 0.952381 0.850000
0.222388 0.952381 0.800000
0.222196 0.898810 0.750000
0.228347 0.898810 0.800000
0.241220 0.904762 0.800000
0.226139 0.910714 0.800000
0.214358 0.934524 0.800000
0.209137 0.910714 0.800000
0.235326 0.904762 0.800000
0.217906 0.940476 0.800000
0.220686 0.946429 0.800000
0.211601 0.910714 0.800000
0.207718 0.898810 0.800000
0.212705 0.952381 0.800000
0.225378 0.946429 0.800000
0.233617 0.922619 0.800000
0.213360 0.898810 0.800000
0.215744 0.952381 0.800000
0.212684 0.928571 0.800000
0.197382 0.910714 0.800000
0.214553 0.928571 0.800000
0.201303 0.916667 0.800000
0.216703 0.922619 0.800000
0.207212 0.904762 0.800000
0.231548 0.916667 0.800000
0.199138 0.910714 0.800000
0.212741 0.928571 0.800000
0.216103 0.910714 0.800000
0.201179 0.934524 0.800000
0.208686 0.904762 0.800000
0.206205 0.904762 0.800000
0.198978 0.904762 0.800000
0.188364 0.910714 0.800000
0.208103 0.934524 0.800000
0.210129 0.910714 0.800000
0.203038 0.910714 0.800000
0.220503 0.922619 0.800000
0.206363 0.940476 0.800000
0.206111 0.898810 0.800000
0.229515 0.898810 0.800000
0.203511 0.928571 0.800000
0.198339 0.904762 0.750000
0.192901 0.946429 0.800000
0.194268 0.892857 0.800000
0.220034 0.910714 0.800000
0.225814 0.910714 0.800000
0.198662 0.910714 0.800000
0.229681 0.910714 0.800000
0.221357 0.940476 0.800000
0.210997 0.916667 0.800000
0.205404 0.904762 0.800000
0.192254 0.916667 0.800000
0.219679 0.910714 0.800000
0.230008 0.910714 0.800000
0.199243 0.910714 0.800000
0.207331 0.934524 0.800000
0.197963 0.904762 0.750000
0.213473 0.904762 0.800000
0.208285 0.910714 0.800000
0.208284 0.916667 0.800000
0.191484 0.910714 0.800000
0.197829 0.904762 0.800000
0.182787 0.910714 0.800000
0.206449 0.898810 0.800000
0.198149 0.934524 0.800000
0.228417 0.910714 0.800000
0.196144 0.910714 0.800000
0.222483 0.940476 0.800000
0.206487 0.910714 0.800000
0.212413 0.934524 0.800000
0.172965 0.910714 0.800000
0.197579 0.904762 0.750000
0.209102 0.904762 0.800000
0.200299 0.898810 0.800000
0.187812 0.898810 0.800000
0.206464 0.910714 0.800000
0.191147 0.910714 0.800000
0.185393 0.910714 0.800000
0.192124 0.934524 0.800000
0.213572 0.904762 0.800000
0.211048 0.934524 0.800000
0.199689 0.934524 0.800000
0.191134 0.910714 0.800000
0.196689 0.910714 0.800000
0.203190 0.904762 0.800000
0.192135 0.898810 0.800000
0.191925 0.910714 0.800000
0.207038 0.898810 0.800000
0.174672 0.904762 0.800000
0.177970 0.910714 0.800000
0.188715 0.910714 0.800000
0.210338 0.904762 0.800000
0.190712 0.946429 0.800000
0.201593 0.904762 0.800000
0.189320 0.922619 0.800000
0.207424 0.934524 0.800000
0.197108 0.910714 0.800000
0.205315 0.904762 0.800000
0.182279 0.910714 0.800000
0.185916 0.910714 0.800000
0.175565 0.898810 0.800000
0.199481 0.904762 0.800000
0.185686 0.898810 0.800000
0.179589 0.904762 0.750000
0.180686 0.940476 0.800000
0.217472 0.940476 0.800000
0.205693 0.922619 0.800000
0.211399 0.904762 0.800000
0.197028 0.940476 0.800000
0.199267 0.916667 0.800000
0.202895 0.904762 0.800000
0.193918 0.904762 0.800000
0.193444 0.910714 0.800000
0.194142 0.904762 0.800000
0.195075 0.910714 0.800000
0.194120 0.922619 0.800000
0.196236 0.904762 0.800000
0.193145 0.904762 0.800000
0.176920 0.910714 0.800000
0.213146 0.904762 0.800000
0.189012 0.922619 0.800000
0.186047 0.922619 0.800000
0.189833 0.904762 0.800000
0.195098 0.904762 0.800000
0.194906 0.910714 0.800000
0.206603 0.910714 0.800000
0.182749 0.922619 0.800000
0.200548 0.934524 0.800000
0.179938 0.910714 0.800000
0.195089 0.940476 0.800000
0.188760 0.922619 0.800000
0.196660 0.904762 0.800000
0.204354 0.910714 0.800000
0.191043 0.904762 0.800000
0.181812 0.940476 0.800000
0.187687 0.904762 0.750000
0.179664 0.910714 0.800000
0.187245 0.916667 0.800000
0.183643 0.940476 0.800000
0.197087 0.904762 0.800000
0.169426 0.922619 0.800000
0.198221 0.940476 0.800000
0.186137 0.940476 0.800000
0.202607 0.904762 0.800000
0.199280 0.904762 0.750000
0.191899 0.910714 0.800000
0.199700 0.922619 0.800000
0.203140 0.916667 0.750000
0.201994 0.910714 0.800000
0.193983 0.934524 0.800000
0.222940 0.916667 0.800000
0.204249 0.898810 0.800000
0.187723 0.928571 0.800000
0.199605 0.910714 0.800000
0.191618 0.910714 0.800000
0.194658 0.916667 0.800000
0.198431 0.904762 0.800000
0.182183 0.904762 0.750000
0.189861 0.910714 0.800000
0.189454 0.904762 0.750000
0.200925 0.904762 0.750000
0.198650 0.904762 0.800000
0.189336 0.910714 0.800000
0.202583 0.904762 0.800000
0.209331 0.922619 0.800000
0.212665 0.940476 0.800000
0.197989 0.910714 0.800000
0.185428 0.916667 0.800000
0.180346 0.922619 0.800000
0.194120 0.916667 0.800000
0.182595 0.916667 0.800000
0.201187 0.910714 0.800000
0.188722 0.922619 0.800000
0.191822 0.922619 0.800000
0.179596 0.904762 0.800000
0.189709 0.910714 0.800000
0.216839 0.922619 0.800000
0.186207 0.916667 0.800000
0.180251 0.910714 0.800000
0.193608 0.910714 0.800000
0.183005 0.904762 0.800000
0.202080 0.904762 0.800000
0.204296 0.910714 0.800000
0.190337 0.940476 0.800000
0.185202 0.904762 0.800000
0.182315 0.904762 0.750000
0.185256 0.910714 0.800000
0.181777 0.916667 0.800000
0.195758 0.904762 0.800000
0.183753 0.904762 0.800000
0.187111 0.910714 0.800000
0.188494 0.904762 0.800000
0.186735 0.904762 0.800000
0.209002 0.922619 0.800000
0.177387 0.904762 0.800000
0.189879 0.904762 0.800000
0.184190 0.910714 0.800000
0.199995 0.910714 0.800000
0.196663 0.910714 0.800000
0.211901 0.910714 0.800000
0.199652 0.922619 0.800000
0.176327 0.904762 0.800000
0.198383 0.922619 0.800000
0.194400 0.916667 0.800000
0.203390 0.922619 0.800000
0.183579 0.904762 0.800000
0.174239 0.910714 0.800000
0.206731 0.904762 0.800000
0.199669 0.922619 0.800000
0.205044 0.904762 0.800000
0.186567 0.904762 0.800000
0.183791 0.910714 0.800000
0.180878 0.904762 0.800000
0.191371 0.910714 0.800000
0.200705 0.916667 0.800000
