2.268939 0.672619 0.650000
1.476602 0.851190 0.700000
0.743179 0.452381 0.450000
0.753005 0.666667 0.550000
0.853400 0.482143 0.400000
0.746941 0.833333 0.750000
0.628175 0.857143 0.750000
0.516129 0.857143 0.750000
0.482226 0.857143 0.750000
0.772967 0.803571 0.700000
0.506944 0.839286 0.800000
0.457950 0.851190 0.750000
0.479278 0.773810 0.600000
0.465191 0.833333 0.650000
0.432901 0.857143 0.750000
0.419078 0.869048 0.750000
0.436051 0.380952 0.350000
0.418210 0.755952 0.600000
0.407471 0.583333 0.550000
0.374343 0.529762 0.500000
0.375637 0.589286 0.550000
0.388606 0.607143 0.550000
0.362887 0.761905 0.650000
0.404450 0.869048 0.850000
0.375007 0.886905 0.800000
0.350186 0.875000 0.800000
0.374030 0.875000 0.850000
0.340682 0.672619 0.600000
0.364143 0.553571 0.500000
0.365018 0.630952 0.600000
0.390041 0.863095 0.800000
0.346194 0.857143 0.850000
0.333401 0.892857 0.800000
0.332961 0.494048 0.550000
0.332986 0.851190 0.850000
0.342608 0.910714 0.850000
0.310364 0.696429 0.650000
0.321957 0.357143 0.350000
0.306350 0.642857 0.550000
0.325997 0.869048 0.850000
0.331542 0.583333 0.550000
0.288302 0.821429 0.700000
0.295641 0.851190 0.700000
0.320447 0.595238 0.600000
0.293221 0.827381 0.700000
0.275559 0.904762 0.650000
0.293518 0.440476 0.400000
0.305612 0.470238 0.450000
0.260424 0.898810 0.800000
0.248025 0.642857 0.600000
0.269937 0.767857 0.600000
0.242340 0.898810 0.750000
0.261993 0.886905 0.800000
0.263990 0.547619 0.450000
0.262815 0.863095 0.750000
0.268149 0.886905 0.700000
0.249205 0.833333 0.650000
0.259973 0.464286 0.450000
0.249455 0.386905 0.350000
0.242566 0.452381 0.400000
0.202485 0.666667 0.500000
0.218881 0.892857 0.750000
0.271236 0.375000 0.350000
0.250252 0.619048 0.500000
0.241993 0.886905 0.750000
0.242609 0.678571 0.600000
0.240828 0.886905 0.700000
0.240181 0.898810 0.750000
0.251706 0.458333 0.400000
0.224095 0.821429 0.700000
0.238636 0.898810 0.800000
0.235661 0.827381 0.600000
0.200342 0.886905 0.750000
0.213618 0.767857 0.550000
0.221584 0.500000 0.450000
0.202689 0.833333 0.650000
0.213619 0.464286 0.400000
0.209379 0.464286 0.400000
0.192054 0.875000 0.700000
0.192816 0.476190 0.400000
0.211991 0.398810 0.350000
0.223413 0.827381 0.650000
0.218307 0.845238 0.650000
0.220140 0.875000 0.750000
0.228398 0.928571 0.650000
0.258357 0.339286 0.350000
0.263446 0.357143 0.350000
0.248795 0.869048 0.650000
0.238629 0.875000 0.750000
0.240754 0.476190 0.450000
0.204135 0.869048 0.750000
0.216191 0.446429 0.400000
0.206990 0.690476 0.500000
0.214334 0.910714 0.750000
0.215343 0.351190 0.350000
0.275614 0.678571 0.550000
0.211034 0.452381 0.400000
0.200639 0.708333 0.550000
0.234831 0.648810 0.500000
0.213560 0.916667 0.750000
0.193726 0.910714 0.700000
0.166132 0.702381 0.500000
0.173469 0.904762 0.700000
0.144700 0.892857 0.750000
0.155495 0.958333 0.700000
0.157154 0.869048 0.650000
0.199035 0.750000 0.550000
0.168428 0.660714 0.500000
0.159414 0.482143 0.400000
0.158913 0.904762 0.750000
0.173253 0.494048 0.400000
0.154984 0.755952 0.550000
0.185399 0.589286 0.400000
0.173606 0.482143 0.400000
0.145751 0.571429 0.300000
0.180439 0.904762 0.700000
0.193728 0.839286 0.600000
0.189207 0.898810 0.750000
0.177572 0.958333 0.750000
0.156412 0.452381 0.350000
0.154510 0.916667 0.750000
0.155871 0.946429 0.700000
0.156865 0.904762 0.750000
0.163537 0.910714 0.750000
0.136440 0.821429 0.700000
0.160570 0.761905 0.600000
0.161532 0.464286 0.350000
0.150589 0.922619 0.700000
0.128865 0.755952 0.600000
0.176862 0.595238 0.350000
0.149929 0.910714 0.700000
0.154892 0.958333 0.750000
0.146905 0.494048 0.350000
0.142936 0.880952 0.700000
0.151607 0.607143 0.400000
0.155431 0.625000 0.450000
0.145298 0.446429 0.350000
0.151921 0.916667 0.700000
0.145344 0.505952 0.350000
0.138691 0.952381 0.750000
0.129885 0.928571 0.750000
0.135746 0.916667 0.750000
0.120990 0.773810 0.650000
0.141879 0.928571 0.700000
0.140206 0.904762 0.700000
0.137463 0.482143 0.300000
0.125750 0.452381 0.300000
0.159274 0.422619 0.400000
0.225516 0.726190 0.550000
0.150200 0.922619 0.750000
0.156314 0.916667 0.750000
0.147010 0.922619 0.750000
0.141725 0.928571 0.750000
0.123020 0.928571 0.750000
0.129193 0.958333 0.750000
0.113633 0.922619 0.750000
0.138515 0.916667 0.750000
0.127172 0.910714 0.750000
0.122911 0.922619 0.750000
0.129785 0.910714 0.750000
0.112776 0.910714 0.750000
0.112514 0.761905 0.600000
0.133401 0.940476 0.700000
0.123778 0.922619 0.750000
0.120028 0.922619 0.750000
0.110789 0.976190 0.750000
0.112069 0.976190 0.750000
0.107189 0.964286 0.750000
0.135593 0.898810 0.650000
0.117607 0.976190 0.750000
0.108214 0.982143 0.700000
0.131802 0.869048 0.700000
0.113447 0.910714 0.700000
0.104294 0.934524 0.700000
0.128013 0.839286 0.700000
0.115786 0.922619 0.700000
0.115268 0.904762 0.650000
0.103786 0.970238 0.700000
0.102178 0.982143 0.750000
0.116057 0.982143 0.700000
0.121923 0.934524 0.750000
0.120588 0.696429 0.400000
0.117840 0.910714 0.750000
0.115535 0.910714 0.750000
0.145482 0.553571 0.350000
0.121744 0.988095 0.750000
0.110537 0.916667 0.750000
0.111174 0.488095 0.400000
0.129691 0.577381 0.400000
0.118148 0.910714 0.750000
0.124563 0.964286 0.750000
0.106468 0.964286 0.700000
0.109241 0.738095 0.600000
0.113977 0.613095 0.400000
0.120461 0.916667 0.750000
0.104749 0.946429 0.700000
0.108843 0.922619 0.750000
0.104864 0.708333 0.400000
0.118193 0.440476 0.350000
0.111972 0.982143 0.750000
0.122386 0.964286 0.700000
0.114868 0.916667 0.700000
0.120022 0.982143 0.700000
0.119292 0.976190 0.750000
0.112633 0.976190 0.700000
0.099768 0.892857 0.700000
0.112387 0.726190 0.500000
0.119914 0.720238 0.500000
0.108164 0.976190 0.750000
0.104324 0.976190 0.700000
0.117781 0.910714 0.750000
0.101885 0.863095 0.700000
0.093583 0.970238 0.700000
0.102994 0.970238 0.750000
0.114704 0.904762 0.750000
0.120923 0.428571 0.350000
0.087410 0.988095 0.750000
0.103469 0.922619 0.750000
0.099671 0.982143 0.700000
0.112757 0.946429 0.700000
0.088689 0.970238 0.750000
0.103838 0.916667 0.700000
0.104942 0.976190 0.700000
0.091866 0.976190 0.700000
0.103671 0.904762 0.700000
0.099639 0.982143 0.700000
0.123816 0.964286 0.700000
0.098109 0.988095 0.700000
0.100697 0.910714 0.700000
0.094312 0.922619 0.700000
0.098945 0.988095 0.700000
0.103459 0.976190 0.700000
0.108886 0.928571 0.700000
0.088800 0.982143 0.700000
0.095906 0.922619 0.700000
0.092801 0.970238 0.700000
0.096012 0.994048 0.700000
0.099605 0.940476 0.700000
0.104917 0.916667 0.750000
0.109226 0.922619 0.750000
0.107314 0.994048 0.750000
0.094358 0.988095 0.700000
0.111850 0.964286 0.700000
0.104777 0.976190 0.750000
0.100056 0.910714 0.700000
0.109523 0.988095 0.700000
0.090233 0.916667 0.700000
0.107135 0.976190 0.700000
0.114277 0.916667 0.700000
0.100870 0.988095 0.700000
0.097502 0.946429 0.700000
0.093130 0.976190 0.700000
0.100604 0.976190 0.700000
0.085251 0.976190 0.700000
0.095914 0.928571 0.700000
0.106596 0.976190 0.700000
0.095637 0.922619 0.700000
0.088949 0.988095 0.700000
0.107258 0.940476 0.700000
0.084187 0.988095 0.700000
0.098024 0.994048 0.700000
0.094330 0.946429 0.700000
0.085011 0.916667 0.700000
0.098556 0.910714 0.700000
0.102918 0.982143 0.700000
0.093020 0.922619 0.700000
0.099499 0.910714 0.700000
0.114528 0.970238 0.700000
0.097473 0.976190 0.700000
0.097034 0.988095 0.700000
0.085865 0.964286 0.700000
0.086324 0.988095 0.700000
0.088897 0.946429 0.700000
0.094833 0.922619 0.700000
0.093594 0.988095 0.700000
0.093394 0.976190 0.700000
0.101276 0.916667 0.700000
0.100215 0.988095 0.700000
0.096534 0.928571 0.700000
0.104879 0.988095 0.700000
0.090967 0.976190 0.700000
0.103451 0.910714 0.700000
0.092535 0.910714 0.700000
0.094594 0.946429 0.700000
0.087954 0.988095 0.700000
0.100707 0.976190 0.700000
0.089811 0.976190 0.700000
0.093330 0.916667 0.700000
0.098746 0.976190 0.700000
0.110185 0.976190 0.700000
0.086037 0.976190 0.700000
0.094959 0.976190 0.700000
0.088046 0.982143 0.700000
0.079747 0.922619 0.750000
0.100417 0.982143 0.700000
0.099164 0.916667 0.700000
0.089211 0.958333 0.700000
0.103500 0.922619 0.700000
0.099677 0.916667 0.700000
0.095132 0.976190 0.700000
0.092389 0.946429 0.700000
0.098131 0.976190 0.700000
0.091803 0.976190 0.700000
0.091608 0.982143 0.700000
0.096072 0.970238 0.700000
0.083473 0.982143 0.700000
0.085791 0.988095 0.700000
0.090258 0.988095 0.700000
0.087154 0.976190 0.700000
0.082650 0.976190 0.700000
0.100300 0.982143 0.700000
0.095297 0.940476 0.700000
0.094491 0.988095 0.700000
0.082641 0.982143 0.700000
0.089836 0.946429 0.700000
0.085035 0.964286 0.700000
0.087726 0.946429 0.700000
0.096128 0.976190 0.700000
0.102108 0.916667 0.700000
0.092663 0.982143 0.700000
0.081977 0.982143 0.700000
0.086580 0.922619 0.700000
0.080905 0.982143 0.700000
0.089110 0.928571 0.700000
0.099299 0.940476 0.700000
0.094804 0.982143 0.700000
0.089994 0.922619 0.700000
0.095038 0.982143 0.700000
0.098761 0.922619 0.700000
0.082634 0.988095 0.700000
0.095041 0.994048 0.700000
0.102437 0.934524 0.700000
0.095069 0.976190 0.700000
0.078901 0.916667 0.700000
0.099464 0.988095 0.700000
0.092491 0.934524 0.700000
0.083344 0.982143 0.700000
0.111303 0.946429 0.700000
0.102115 0.976190 0.700000
0.092779 0.994048 0.700000
0.088343 0.976190 0.700000
0.081534 0.952381 0.700000
0.098804 0.934524 0.700000
0.094939 0.988095 0.700000
0.102964 0.982143 0.700000
0.081788 0.982143 0.700000
0.087282 0.982143 0.700000
0.099865 0.976190 0.700000
0.075724 0.958333 0.700000
0.098104 0.928571 0.700000
2.110637 0.773810 0.700000
0.898897 0.809524 0.750000
0.637055 0.809524 0.700000
0.632254 0.845238 0.750000
0.602162 0.779762 0.700000
0.508082 0.833333 0.700000
0.436421 0.833333 0.700000
0.416154 0.630952 0.550000
0.407402 0.845238 0.700000
0.508876 0.857143 0.750000
0.442454 0.857143 0.800000
0.400620 0.857143 0.700000
0.465332 0.833333 0.750000
0.461308 0.863095 0.750000
0.432044 0.904762 0.750000
0.407074 0.636905 0.550000
0.394973 0.577381 0.550000
0.383254 0.863095 0.800000
0.348727 0.869048 0.800000
0.352380 0.345238 0.400000
0.358857 0.857143 0.850000
0.403104 0.494048 0.500000
0.359761 0.839286 0.750000
0.372127 0.833333 0.850000
0.368255 0.750000 0.850000
0.350193 0.440476 0.550000
0.349350 0.880952 0.750000
0.306157 0.553571 0.450000
0.329641 0.375000 0.400000
0.410509 0.333333 0.350000
0.378690 0.404762 0.400000
0.337232 0.589286 0.550000
0.317415 0.833333 0.700000
0.312000 0.625000 0.500000
0.308222 0.875000 0.750000
0.302558 0.875000 0.750000
0.300460 0.386905 0.400000
0.331992 0.440476 0.450000
0.260515 0.416667 0.350000
0.271512 0.410714 0.450000
0.309211 0.767857 0.650000
0.297360 0.410714 0.350000
0.251096 0.785714 0.650000
0.333942 0.398810 0.350000
0.385284 0.345238 0.350000
0.326743 0.392857 0.350000
0.308927 0.875000 0.750000
0.330811 0.440476 0.400000
0.273101 0.869048 0.750000
0.226441 0.898810 0.750000
0.244122 0.660714 0.500000
0.267717 0.428571 0.350000
0.261725 0.583333 0.450000
0.259091 0.660714 0.500000
0.251746 0.934524 0.750000
0.228795 0.440476 0.350000
0.232636 0.880952 0.700000
0.233374 0.904762 0.750000
0.236298 0.880952 0.700000
0.213162 0.595238 0.450000
0.185239 0.892857 0.750000
0.192431 0.880952 0.750000
0.294325 0.386905 0.350000
0.270586 0.404762 0.350000
0.248705 0.583333 0.450000
0.234729 0.654762 0.500000
0.205023 0.910714 0.750000
0.212443 0.440476 0.350000
0.208349 0.880952 0.700000
0.202864 0.726190 0.500000
0.250701 0.898810 0.700000
0.255088 0.375000 0.350000
0.206004 0.904762 0.650000
0.204258 0.577381 0.450000
0.204842 0.904762 0.700000
0.199812 0.910714 0.750000
0.192511 0.904762 0.700000
0.195885 0.458333 0.400000
0.183682 0.440476 0.300000
0.176131 0.779762 0.550000
0.217354 0.892857 0.750000
0.194918 0.845238 0.700000
0.182915 0.476190 0.450000
0.184285 0.529762 0.350000
0.234587 0.428571 0.350000
0.212220 0.434524 0.350000
0.200418 0.767857 0.500000
0.172317 0.934524 0.750000
0.205597 0.892857 0.750000
0.324597 0.875000 0.750000
0.238630 0.523810 0.450000
0.201920 0.595238 0.450000
0.182455 0.494048 0.450000
0.189527 0.529762 0.450000
0.206950 0.904762 0.700000
0.193211 0.809524 0.700000
0.189055 0.898810 0.650000
0.181858 0.482143 0.400000
0.202145 0.601190 0.450000
0.179849 0.910714 0.800000
0.173379 0.875000 0.700000
0.153626 0.589286 0.450000
0.163522 0.904762 0.700000
0.144513 0.904762 0.750000
0.137666 0.910714 0.650000
0.148434 0.702381 0.650000
0.180671 0.934524 0.750000
0.147694 0.952381 0.700000
0.139441 0.958333 0.750000
0.151630 0.880952 0.700000
0.165721 0.875000 0.750000
0.135161 0.625000 0.450000
0.169525 0.904762 0.750000
0.168902 0.613095 0.450000
0.150859 0.886905 0.700000
0.161448 0.952381 0.700000
0.171959 0.904762 0.750000
0.160724 0.886905 0.700000
0.157737 0.892857 0.750000
0.149528 0.869048 0.700000
0.146041 0.720238 0.450000
0.147526 0.946429 0.750000
0.144646 0.702381 0.500000
0.138101 0.898810 0.700000
0.131515 0.750000 0.550000
0.150404 0.470238 0.300000
0.155986 0.476190 0.450000
0.144086 0.910714 0.700000
0.132205 0.958333 0.650000
0.150325 0.803571 0.700000
0.154096 0.589286 0.450000
0.148284 0.892857 0.750000
0.133283 0.916667 0.700000
0.145547 0.875000 0.650000
0.148126 0.583333 0.450000
0.149398 0.839286 0.700000
0.141283 0.488095 0.400000
0.168874 0.446429 0.350000
0.178859 0.922619 0.750000
0.136782 0.940476 0.750000
0.128592 0.738095 0.500000
0.133495 0.500000 0.400000
0.128619 0.452381 0.350000
0.158985 0.880952 0.700000
0.171276 0.619048 0.450000
0.149755 0.392857 0.350000
0.125509 0.910714 0.700000
0.131172 0.886905 0.700000
0.138218 0.904762 0.700000
0.145372 0.916667 0.750000
0.135822 0.904762 0.750000
0.142866 0.922619 0.750000
0.131545 0.964286 0.750000
0.117658 0.738095 0.500000
0.111573 0.726190 0.500000
0.113989 0.910714 0.750000
0.135731 0.642857 0.450000
0.119364 0.940476 0.750000
0.123505 0.964286 0.750000
0.130948 0.446429 0.350000
0.113230 0.910714 0.750000
0.120060 0.928571 0.700000
0.123397 0.922619 0.700000
0.112060 0.928571 0.750000
0.118779 0.922619 0.700000
0.102958 0.970238 0.700000
0.108960 0.875000 0.650000
0.105273 0.928571 0.750000
0.129922 0.982143 0.750000
0.116175 0.970238 0.700000
0.104627 0.970238 0.750000
0.124100 0.964286 0.700000
0.113217 0.976190 0.700000
0.101041 0.988095 0.700000
0.127769 0.970238 0.650000
0.129455 0.892857 0.650000
0.116183 0.791667 0.600000
0.107911 0.857143 0.650000
0.101066 0.910714 0.700000
0.117774 0.910714 0.650000
0.118090 0.976190 0.700000
0.120567 0.922619 0.700000
0.117184 0.886905 0.600000
0.109245 0.779762 0.500000
0.118665 0.720238 0.500000
0.117893 0.821429 0.700000
0.102813 0.922619 0.650000
0.120403 0.428571 0.350000
0.118683 0.970238 0.700000
0.104418 0.755952 0.500000
0.125706 0.910714 0.650000
0.103290 0.994048 0.750000
0.116475 0.934524 0.700000
0.110171 0.964286 0.700000
0.120384 0.904762 0.650000
0.101994 0.910714 0.700000
0.101688 0.898810 0.700000
0.088220 0.672619 0.350000
0.117488 0.857143 0.700000
0.112129 0.982143 0.650000
0.117665 0.964286 0.650000
0.115393 0.928571 0.700000
0.113081 0.928571 0.650000
0.116303 0.928571 0.650000
0.108132 0.976190 0.650000
0.091497 0.982143 0.650000
0.104335 0.940476 0.700000
0.112667 0.952381 0.650000
0.105586 0.988095 0.600000
0.099946 0.922619 0.700000
0.110082 0.976190 0.700000
0.102718 0.922619 0.700000
0.091756 0.970238 0.700000
0.097654 0.928571 0.650000
0.110060 0.922619 0.650000
0.114535 0.797619 0.450000
0.085301 0.964286 0.650000
0.096924 0.922619 0.700000
0.102323 0.976190 0.650000
0.104660 0.970238 0.650000
0.087955 0.928571 0.650000
0.111833 0.904762 0.650000
0.119947 0.833333 0.450000
0.093538 0.964286 0.700000
0.098484 0.910714 0.600000
0.090974 0.988095 0.650000
0.114628 0.964286 0.650000
0.092147 0.982143 0.700000
0.094310 0.940476 0.650000
0.088412 0.976190 0.650000
0.100795 0.970238 0.650000
0.101828 0.928571 0.650000
0.106593 0.976190 0.650000
0.086436 0.976190 0.650000
0.091054 0.928571 0.650000
0.091848 0.988095 0.650000
0.099016 0.922619 0.650000
0.094495 0.964286 0.700000
0.100064 0.928571 0.650000
0.105183 0.958333 0.650000
0.108066 0.803571 0.450000
0.095261 0.928571 0.700000
0.119431 0.946429 0.650000
0.102789 0.970238 0.650000
0.103251 0.916667 0.650000
0.107400 0.595238 0.450000
0.086108 0.922619 0.700000
0.096547 0.928571 0.650000
0.101558 0.928571 0.650000
0.093885 0.928571 0.700000
0.090710 0.982143 0.650000
0.085768 0.934524 0.650000
0.094730 0.982143 0.650000
0.085220 0.982143 0.650000
0.093276 0.976190 0.650000
0.103671 0.982143 0.650000
0.089919 0.982143 0.650000
0.085634 0.982143 0.650000
0.098704 0.928571 0.650000
0.081094 0.976190 0.650000
0.093484 0.994048 0.650000
0.092098 0.928571 0.650000
0.088187 0.976190 0.650000
0.100072 0.982143 0.650000
0.097116 0.976190 0.650000
0.088469 0.988095 0.650000
0.101824 0.916667 0.650000
0.106395 0.982143 0.650000
0.093369 0.982143 0.650000
0.098882 0.946429 0.650000
0.082498 0.976190 0.650000
0.083285 0.928571 0.700000
0.089319 0.928571 0.650000
0.091849 0.982143 0.650000
0.091607 0.976190 0.650000
0.093654 0.976190 0.650000
0.094911 0.970238 0.650000
0.098470 0.988095 0.650000
0.096636 0.922619 0.650000
0.101782 0.964286 0.650000
0.087563 0.928571 0.650000
0.095166 0.928571 0.650000
0.089353 0.976190 0.650000
0.094703 0.982143 0.650000
0.088905 0.988095 0.650000
0.110784 0.982143 0.650000
0.093092 0.976190 0.650000
0.089370 0.964286 0.650000
0.094783 0.916667 0.650000
0.101017 0.970238 0.650000
0.086669 0.916667 0.650000
0.094329 0.988095 0.700000
0.089613 0.970238 0.650000
0.082085 0.928571 0.650000
0.096008 0.922619 0.650000
0.095500 0.916667 0.650000
0.091812 0.928571 0.650000
0.095386 0.988095 0.650000
0.092269 0.934524 0.650000
0.087536 0.982143 0.650000
0.098073 0.988095 0.650000
0.092545 0.928571 0.650000
0.084641 0.988095 0.650000
0.092102 0.988095 0.650000
0.089156 0.928571 0.650000
0.083970 0.976190 0.650000
0.084010 0.970238 0.650000
0.095554 0.994048 0.650000
0.083388 0.982143 0.650000
0.083189 0.994048 0.650000
0.099552 0.988095 0.650000
0.094529 0.988095 0.650000
0.094373 0.976190 0.650000
0.084173 0.982143 0.650000
0.091135 0.940476 0.650000
0.085964 0.982143 0.650000
0.087301 0.982143 0.650000
0.096035 0.976190 0.650000
0.097171 0.970238 0.650000
0.093538 0.976190 0.650000
0.082347 0.988095 0.650000
0.091210 0.982143 0.650000
0.077236 0.994048 0.650000
0.090211 0.988095 0.650000
0.092466 0.982143 0.650000
0.088663 0.976190 0.650000
0.094040 0.982143 0.650000
0.096504 0.988095 0.650000
0.097774 0.928571 0.650000
0.077133 0.988095 0.650000
0.090454 0.982143 0.650000
0.095550 0.988095 0.650000
0.097090 0.994048 0.650000
0.079272 0.970238 0.650000
0.092194 0.988095 0.650000
0.092855 0.988095 0.650000
0.089681 0.982143 0.650000
0.110325 0.976190 0.650000
0.095388 0.988095 0.650000
0.092965 0.982143 0.650000
0.095086 0.982143 0.650000
0.079244 0.988095 0.650000
0.094069 0.988095 0.650000
0.093281 0.994048 0.650000
0.095363 0.982143 0.650000
0.083541 0.928571 0.650000
0.083646 0.988095 0.650000
0.089879 0.994048 0.650000
0.081425 0.976190 0.650000
0.094737 0.988095 0.650000
