3.078336 0.773810 0.700000
1.454477 0.821429 0.750000
1.265724 0.714286 0.600000
1.678696 0.821429 0.750000
0.902123 0.839286 0.750000
0.948558 0.744048 0.750000
0.841810 0.833333 0.800000
0.784210 0.857143 0.750000
0.695301 0.857143 0.750000
0.697639 0.797619 0.750000
0.636792 0.785714 0.600000
0.637012 0.857143 0.750000
0.670441 0.869048 0.750000
0.561555 0.845238 0.750000
0.503636 0.851190 0.800000
0.490860 0.892857 0.800000
0.485923 0.880952 0.800000
0.540807 0.880952 0.800000
0.429921 0.815476 0.750000
0.468418 0.833333 0.850000
0.574032 0.833333 0.800000
0.469349 0.880952 0.800000
0.420611 0.803571 0.750000
0.429346 0.851190 0.750000
0.415742 0.851190 0.850000
0.370905 0.869048 0.800000
0.417134 0.886905 0.800000
0.369558 0.875000 0.800000
0.362552 0.875000 0.800000
0.384730 0.845238 0.750000
0.462399 0.851190 0.800000
0.369764 0.869048 0.800000
0.351994 0.880952 0.800000
0.415045 0.863095 0.750000
0.386103 0.863095 0.800000
0.394167 0.339286 0.350000
0.366004 0.869048 0.750000
0.393931 0.827381 0.650000
0.318561 0.863095 0.750000
0.345759 0.809524 0.700000
0.364683 0.875000 0.750000
0.317393 0.869048 0.800000
0.309293 0.892857 0.800000
0.351390 0.904762 0.800000
0.322851 0.333333 0.350000
0.288278 0.880952 0.800000
0.317731 0.898810 0.800000
0.354100 0.857143 0.850000
0.283627 0.886905 0.800000
0.290531 0.869048 0.750000
0.294037 0.559524 0.550000
0.266368 0.875000 0.750000
0.263560 0.809524 0.750000
0.281907 0.904762 0.800000
0.298505 0.892857 0.750000
0.289696 0.886905 0.750000
0.266210 0.934524 0.800000
0.276542 0.892857 0.800000
0.268315 0.613095 0.600000
0.269739 0.922619 0.800000
0.238595 0.880952 0.800000
0.287418 0.922619 0.750000
0.283623 0.928571 0.700000
0.269459 0.827381 0.700000
0.257679 0.892857 0.800000
0.252945 0.827381 0.800000
0.230429 0.916667 0.800000
0.239863 0.880952 0.750000
0.248434 0.755952 0.650000
0.257982 0.886905 0.750000
0.268646 0.916667 0.750000
0.307183 0.857143 0.700000
0.258642 0.363095 0.350000
0.238390 0.880952 0.750000
0.232411 0.815476 0.750000
0.231161 0.892857 0.800000
0.252602 0.886905 0.800000
0.220019 0.916667 0.800000
0.206812 0.928571 0.750000
0.226568 0.404762 0.350000
0.243078 0.672619 0.500000
0.219206 0.553571 0.550000
0.214428 0.827381 0.650000
0.202805 0.934524 0.750000
0.246860 0.880952 0.700000
0.201045 0.339286 0.350000
0.254064 0.500000 0.450000
0.204019 0.541667 0.400000
0.222101 0.785714 0.650000
0.260670 0.946429 0.750000
0.210952 0.952381 0.800000
0.197810 0.839286 0.750000
0.196219 0.946429 0.750000
0.211278 0.464286 0.350000
0.193944 0.910714 0.800000
0.269265 0.333333 0.350000
0.293015 0.904762 0.700000
0.246886 0.892857 0.750000
0.251654 0.910714 0.800000
0.209765 0.946429 0.800000
0.188089 0.940476 0.800000
0.165504 0.910714 0.800000
0.178305 0.958333 0.800000
0.144864 0.952381 0.750000
0.151650 0.916667 0.750000
0.153436 0.946429 0.750000
0.199641 0.952381 0.750000
0.152257 0.904762 0.750000
0.144378 0.934524 0.750000
0.145433 0.970238 0.750000
0.165729 0.928571 0.750000
0.152326 0.553571 0.450000
0.192228 0.952381 0.750000
0.158697 0.916667 0.750000
0.156038 0.916667 0.750000
0.164378 0.708333 0.550000
0.168804 0.922619 0.750000
0.159126 0.928571 0.750000
0.156835 0.732143 0.550000
0.155765 0.922619 0.750000
0.140257 0.922619 0.750000
0.144666 0.970238 0.750000
0.146937 0.964286 0.750000
0.160508 0.958333 0.750000
0.140690 0.898810 0.750000
0.167080 0.940476 0.750000
0.167711 0.970238 0.750000
0.145473 0.910714 0.750000
0.123430 0.970238 0.750000
0.157562 0.922619 0.750000
0.145327 0.785714 0.650000
0.144927 0.922619 0.750000
0.146146 0.976190 0.750000
0.136286 0.964286 0.750000
0.155030 0.970238 0.750000
0.142000 0.964286 0.750000
0.149207 0.916667 0.800000
0.156955 0.982143 0.800000
0.148643 0.934524 0.800000
0.140424 0.708333 0.600000
0.129126 0.928571 0.750000
0.127903 0.952381 0.750000
0.116965 0.928571 0.800000
0.147481 0.976190 0.800000
0.145921 0.648810 0.550000
0.148070 0.559524 0.350000
0.188752 0.738095 0.600000
0.154025 0.928571 0.750000
0.136348 0.779762 0.650000
0.136615 0.970238 0.750000
0.139310 0.672619 0.500000
0.139894 0.892857 0.700000
0.147203 0.535714 0.400000
0.119326 0.767857 0.550000
0.116094 0.511905 0.350000
0.114214 0.982143 0.750000
0.128558 0.982143 0.750000
0.117624 0.928571 0.750000
0.125912 0.934524 0.750000
0.128359 0.922619 0.750000
0.106112 0.988095 0.750000
0.120615 0.976190 0.750000
0.122257 0.946429 0.750000
0.110809 0.988095 0.750000
0.111115 0.952381 0.750000
0.102617 0.988095 0.750000
0.114186 0.958333 0.750000
0.103315 0.982143 0.750000
0.127085 0.988095 0.800000
0.109224 0.982143 0.750000
0.097775 0.976190 0.750000
0.119410 0.988095 0.750000
0.103576 0.940476 0.750000
0.104420 0.988095 0.750000
0.128478 0.916667 0.750000
0.116153 0.982143 0.750000
0.102503 0.892857 0.800000
0.103818 0.964286 0.750000
0.091846 0.976190 0.750000
0.105306 0.928571 0.750000
0.116661 0.982143 0.750000
0.117448 0.970238 0.750000
0.115667 0.988095 0.750000
0.118486 0.964286 0.750000
0.100260 0.952381 0.750000
0.110830 0.964286 0.800000
0.099687 0.934524 0.750000
0.108972 0.928571 0.750000
0.121740 0.976190 0.750000
0.100217 0.952381 0.750000
0.114681 0.976190 0.750000
0.105005 0.809524 0.750000
0.123681 0.958333 0.750000
0.106563 0.970238 0.750000
0.116680 0.976190 0.750000
0.095147 0.952381 0.750000
0.095490 0.970238 0.750000
0.095751 0.976190 0.750000
0.105525 0.964286 0.750000
0.101575 0.982143 0.750000
0.103884 0.982143 0.750000
0.108896 0.982143 0.750000
0.112157 0.982143 0.750000
0.099666 0.958333 0.700000
0.101086 0.976190 0.750000
0.094615 0.982143 0.750000
0.105164 0.988095 0.750000
0.108385 0.976190 0.750000
0.102009 0.988095 0.750000
0.096921 0.982143 0.750000
0.097696 0.988095 0.750000
0.096236 0.982143 0.750000
0.091026 0.982143 0.750000
0.090491 0.982143 0.750000
0.100143 0.970238 0.750000
0.099341 0.976190 0.750000
0.075889 0.988095 0.750000
0.097418 0.970238 0.800000
0.092914 0.976190 0.800000
0.100040 0.988095 0.750000
0.080973 0.976190 0.800000
0.096586 0.940476 0.800000
0.102438 0.988095 0.750000
0.083133 0.970238 0.750000
0.096526 0.988095 0.750000
0.089696 0.976190 0.750000
0.103042 0.982143 0.750000
0.087775 0.982143 0.750000
0.090841 0.970238 0.750000
0.084671 0.982143 0.750000
0.091116 0.988095 0.800000
0.094492 0.964286 0.750000
0.099712 0.928571 0.650000
0.086508 0.922619 0.800000
0.086838 0.970238 0.750000
0.087248 0.988095 0.750000
0.091736 0.982143 0.750000
0.092393 0.970238 0.750000
0.088258 0.988095 0.750000
0.097955 0.976190 0.750000
0.097307 0.934524 0.750000
0.083398 0.970238 0.750000
0.105914 0.952381 0.800000
0.088499 0.964286 0.800000
0.095964 0.982143 0.800000
0.100691 0.994048 0.800000
0.077338 0.982143 0.750000
0.091622 0.952381 0.750000
0.092264 0.976190 0.750000
0.087642 0.988095 0.750000
0.087749 0.976190 0.750000
0.081083 0.982143 0.800000
0.084695 0.970238 0.750000
0.079756 0.976190 0.750000
0.083607 0.988095 0.750000
0.093877 0.952381 0.800000
0.087322 0.976190 0.750000
0.079467 0.982143 0.750000
0.088408 0.952381 0.750000
0.073519 0.982143 0.750000
0.087594 0.988095 0.750000
0.081689 0.988095 0.750000
0.079418 0.988095 0.750000
0.087046 0.988095 0.750000
0.091136 0.982143 0.750000
0.080751 0.976190 0.750000
0.089961 0.982143 0.750000
0.098875 0.988095 0.750000
0.087882 0.982143 0.750000
0.091140 0.994048 0.750000
0.078299 0.988095 0.750000
0.071299 0.994048 0.750000
0.080940 0.988095 0.750000
0.080832 0.994048 0.750000
0.079169 0.994048 0.750000
0.086928 0.994048 0.750000
0.082498 0.994048 0.750000
0.084759 0.994048 0.750000
0.088430 0.988095 0.750000
0.088217 0.988095 0.800000
0.079690 0.988095 0.750000
0.088028 0.940476 0.750000
0.083726 0.982143 0.750000
0.084735 0.994048 0.750000
0.077179 0.988095 0.750000
0.090374 0.982143 0.750000
0.083121 0.988095 0.700000
0.079030 0.988095 0.750000
0.085258 0.988095 0.750000
0.084637 0.988095 0.800000
0.069544 0.988095 0.750000
0.087159 0.982143 0.750000
0.078724 0.988095 0.750000
0.071563 0.952381 0.700000
0.084076 0.988095 0.750000
0.088357 0.994048 0.750000
0.082696 0.982143 0.700000
0.087149 0.994048 0.800000
0.076471 0.970238 0.800000
0.080775 0.988095 0.800000
0.082556 0.988095 0.800000
0.080581 0.994048 0.800000
0.077764 0.994048 0.750000
0.080800 0.988095 0.750000
0.080113 0.994048 0.800000
0.078383 0.994048 0.750000
0.074220 0.976190 0.800000
0.078139 0.982143 0.800000
0.076930 0.994048 0.800000
0.072461 0.988095 0.800000
0.084951 0.988095 0.750000
0.081007 0.994048 0.750000
0.085938 0.994048 0.750000
0.070114 0.994048 0.800000
0.078902 0.982143 0.800000
0.078611 0.988095 0.800000
0.076520 0.988095 0.800000
0.088300 0.994048 0.750000
0.084533 0.988095 0.750000
0.083052 0.994048 0.800000
0.070112 0.994048 0.750000
0.076538 0.988095 0.750000
0.071199 0.994048 0.750000
0.081479 0.988095 0.750000
0.083613 0.976190 0.750000
0.073926 0.982143 0.800000
0.080955 0.994048 0.750000
0.086930 0.988095 0.800000
0.088856 0.988095 0.750000
0.068589 0.988095 0.750000
0.080016 0.994048 0.750000
0.085251 0.988095 0.700000
0.083257 0.976190 0.800000
0.063587 0.988095 0.750000
0.082169 0.994048 0.750000
0.078806 0.988095 0.750000
0.071889 0.988095 0.800000
0.101326 0.994048 0.800000
0.083857 0.970238 0.800000
0.079485 0.994048 0.750000
0.080282 0.988095 0.750000
0.070297 0.982143 0.750000
0.087453 0.994048 0.750000
0.077681 0.988095 0.750000
0.083185 0.976190 0.800000
0.071821 0.988095 0.800000
0.073959 0.982143 0.800000
0.085155 0.970238 0.800000
0.066360 0.988095 0.750000
0.087238 0.988095 0.800000
