2.402792 0.744048 0.800000
1.032310 0.851190 0.750000
0.599752 0.827381 0.750000
0.540838 0.892857 0.800000
0.332853 0.625000 0.550000
0.447441 0.934524 0.800000
0.292354 0.952381 0.750000
0.243538 0.934524 0.750000
0.199088 0.928571 0.800000
0.218516 0.952381 0.750000
0.295618 0.964286 0.800000
0.284625 0.910714 0.750000
0.229386 0.940476 0.800000
0.243957 0.952381 0.750000
0.241804 0.964286 0.800000
0.249642 0.863095 0.750000
0.203956 0.910714 0.750000
0.228201 0.952381 0.750000
0.163401 0.958333 0.750000
0.189989 0.898810 0.800000
0.130569 0.970238 0.800000
0.286767 0.857143 0.800000
0.184671 0.982143 0.800000
0.161040 0.970238 0.800000
0.108938 0.970238 0.900000
0.168558 0.875000 0.850000
0.192387 0.964286 0.800000
0.114245 0.970238 0.850000
0.110249 0.958333 0.800000
0.141461 0.958333 0.800000
0.101061 0.976190 0.800000
0.110022 0.952381 0.750000
0.114168 0.910714 0.800000
0.090143 0.976190 0.800000
0.105051 0.952381 0.800000
0.134876 0.815476 0.700000
0.164310 0.964286 0.800000
0.141182 0.964286 0.800000
0.089183 0.970238 0.850000
0.094877 0.976190 0.800000
0.219712 0.869048 0.800000
0.233579 0.958333 0.750000
0.146751 0.922619 0.750000
0.195198 0.940476 0.850000
0.155797 0.970238 0.750000
0.118708 0.976190 0.850000
0.095448 0.970238 0.850000
0.100364 0.976190 0.800000
0.089111 0.982143 0.800000
0.061889 0.988095 0.850000
0.073986 0.982143 0.850000
0.062924 0.994048 0.850000
0.075953 0.994048 0.800000
0.064343 0.970238 0.800000
0.076460 0.982143 0.800000
0.067392 0.994048 0.850000
0.061400 0.988095 0.800000
0.089514 0.988095 0.850000
0.063861 0.988095 0.850000
0.073567 0.976190 0.850000
0.053610 0.988095 0.850000
0.059997 0.988095 0.850000
0.059686 0.988095 0.850000
0.061817 0.988095 0.850000
0.053817 0.982143 0.800000
0.065197 0.976190 0.800000
0.078451 0.988095 0.850000
0.059032 1.000000 0.850000
0.041773 0.994048 0.850000
0.037012 1.000000 0.850000
0.034457 1.000000 0.850000
0.146535 0.982143 0.850000
0.100010 0.982143 0.800000
0.066577 0.994048 0.800000
0.066800 0.994048 0.800000
0.064894 0.970238 0.900000
0.045675 0.988095 0.800000
0.057662 1.000000 0.800000
0.078732 0.982143 0.900000
0.054132 1.000000 0.850000
0.039053 1.000000 0.850000
0.027396 1.000000 0.850000
0.026855 1.000000 0.850000
0.035998 0.994048 0.850000
0.055859 0.982143 0.800000
0.069932 1.000000 0.800000
0.050006 1.000000 0.850000
0.129846 0.970238 0.800000
0.076602 1.000000 0.800000
0.047159 1.000000 0.800000
0.038636 1.000000 0.800000
0.028623 1.000000 0.800000
0.028621 1.000000 0.800000
0.022806 1.000000 0.800000
0.031949 1.000000 0.800000
0.022623 1.000000 0.800000
0.036639 1.000000 0.800000
0.045436 0.988095 0.900000
0.316831 0.886905 0.800000
0.171272 0.958333 0.750000
0.131610 0.958333 0.750000
0.104116 0.964286 0.750000
0.107933 0.958333 0.750000
0.089903 0.964286 0.750000
0.081876 0.970238 0.750000
0.090084 0.982143 0.750000
0.101087 0.982143 0.800000
0.078606 0.976190 0.750000
0.063311 0.988095 0.750000
0.069778 0.976190 0.800000
0.068488 0.976190 0.850000
0.065057 0.982143 0.750000
0.071771 0.982143 0.800000
0.059110 0.994048 0.800000
0.111463 0.970238 0.750000
0.118267 0.988095 0.750000
0.090242 0.982143 0.800000
0.057154 0.988095 0.800000
0.061051 0.994048 0.800000
0.057942 0.976190 0.800000
0.057737 0.988095 0.800000
0.066177 0.982143 0.800000
0.069370 0.988095 0.800000
0.049064 0.982143 0.800000
0.046335 0.988095 0.800000
0.054787 0.982143 0.800000
0.048139 0.994048 0.800000
0.034482 0.994048 0.800000
0.028865 0.994048 0.800000
0.034182 1.000000 0.800000
0.026163 0.994048 0.800000
0.026741 1.000000 0.850000
0.021961 1.000000 0.850000
0.024943 0.994048 0.850000
0.033762 1.000000 0.800000
0.018285 1.000000 0.850000
0.025373 1.000000 0.850000
0.021985 1.000000 0.850000
0.025760 1.000000 0.850000
0.089169 0.976190 0.900000
0.064794 0.994048 0.850000
0.030388 1.000000 0.850000
0.027161 1.000000 0.800000
0.027514 1.000000 0.850000
0.023167 1.000000 0.800000
0.022979 1.000000 0.800000
0.017229 1.000000 0.800000
0.014000 1.000000 0.800000
0.020699 1.000000 0.800000
0.029723 1.000000 0.800000
0.024414 1.000000 0.800000
0.016148 1.000000 0.800000
0.014408 1.000000 0.800000
0.013049 1.000000 0.800000
0.016909 1.000000 0.800000
0.011344 1.000000 0.800000
0.014551 1.000000 0.800000
0.020008 1.000000 0.800000
0.021231 1.000000 0.800000
0.018383 1.000000 0.800000
0.015741 1.000000 0.800000
0.015617 1.000000 0.800000
0.019779 1.000000 0.800000
0.007956 1.000000 0.850000
0.017813 1.000000 0.850000
0.010789 1.000000 0.850000
0.010230 1.000000 0.850000
0.013795 1.000000 0.850000
0.014170 1.000000 0.850000
0.013337 1.000000 0.850000
0.010276 1.000000 0.850000
0.012190 1.000000 0.850000
0.009298 1.000000 0.850000
0.011931 1.000000 0.850000
0.009990 1.000000 0.850000
0.014385 1.000000 0.850000
0.012046 1.000000 0.850000
0.012798 1.000000 0.850000
0.011810 1.000000 0.850000
0.008747 1.000000 0.850000
0.008313 1.000000 0.850000
0.020843 1.000000 0.850000
0.019048 1.000000 0.850000
0.022453 1.000000 0.850000
0.015823 1.000000 0.850000
0.010838 1.000000 0.850000
0.010426 1.000000 0.800000
0.011664 1.000000 0.850000
0.010337 1.000000 0.850000
0.007186 1.000000 0.850000
0.009628 1.000000 0.850000
0.010213 1.000000 0.850000
0.008211 1.000000 0.850000
0.009424 1.000000 0.850000
0.015312 1.000000 0.850000
0.013038 1.000000 0.850000
0.006069 1.000000 0.850000
0.009563 1.000000 0.850000
0.014288 1.000000 0.850000
0.015363 1.000000 0.850000
0.011591 1.000000 0.850000
0.011975 1.000000 0.850000
0.007964 1.000000 0.850000
0.010937 1.000000 0.850000
0.012824 1.000000 0.850000
0.009357 1.000000 0.850000
0.009049 1.000000 0.850000
0.014442 1.000000 0.900000
0.012230 1.000000 0.850000
0.012760 1.000000 0.850000
0.007495 1.000000 0.850000
0.012575 1.000000 0.850000
0.014601 1.000000 0.850000
0.007920 1.000000 0.850000
0.006868 1.000000 0.850000
0.010833 1.000000 0.850000
0.007397 1.000000 0.850000
0.009623 1.000000 0.850000
0.007052 1.000000 0.850000
0.011262 1.000000 0.850000
0.022919 1.000000 0.850000
0.013540 1.000000 0.850000
0.015418 1.000000 0.850000
0.035122 1.000000 0.850000
0.013811 1.000000 0.850000
0.013127 1.000000 0.850000
0.011767 1.000000 0.850000
0.007933 1.000000 0.850000
0.009219 1.000000 0.850000
0.009780 1.000000 0.850000
0.011555 1.000000 0.850000
0.009509 1.000000 0.850000
0.008961 1.000000 0.850000
0.006533 1.000000 0.850000
0.006861 1.000000 0.850000
0.008768 1.000000 0.850000
0.012627 1.000000 0.850000
0.008230 1.000000 0.850000
0.009003 1.000000 0.850000
0.013270 1.000000 0.850000
0.013642 1.000000 0.850000
0.007559 1.000000 0.850000
0.015503 1.000000 0.850000
0.012716 1.000000 0.850000
0.004841 1.000000 0.850000
0.012937 1.000000 0.850000
0.007541 1.000000 0.850000
0.013246 1.000000 0.850000
0.011312 1.000000 0.850000
0.008849 1.000000 0.850000
0.012523 1.000000 0.850000
0.009484 1.000000 0.850000
0.008775 1.000000 0.850000
0.007293 1.000000 0.850000
0.005865 1.000000 0.850000
0.012946 1.000000 0.850000
0.006855 1.000000 0.850000
0.009468 1.000000 0.850000
0.009528 1.000000 0.850000
0.011256 1.000000 0.850000
0.010878 1.000000 0.850000
0.014369 1.000000 0.850000
0.008440 1.000000 0.850000
0.009979 1.000000 0.850000
0.009511 1.000000 0.850000
0.008375 1.000000 0.850000
0.008830 1.000000 0.850000
0.008911 1.000000 0.850000
0.009075 1.000000 0.850000
0.008263 1.000000 0.850000
0.008306 1.000000 0.850000
0.007640 1.000000 0.850000
0.007567 1.000000 0.850000
0.006921 1.000000 0.850000
0.009616 1.000000 0.850000
0.011857 1.000000 0.850000
0.010053 1.000000 0.850000
0.007842 1.000000 0.850000
0.013990 1.000000 0.850000
0.008143 1.000000 0.850000
0.007731 1.000000 0.850000
0.010342 1.000000 0.850000
0.008546 1.000000 0.850000
0.007302 1.000000 0.850000
0.007283 1.000000 0.850000
0.010503 1.000000 0.850000
0.010342 1.000000 0.850000
0.008827 1.000000 0.850000
0.009598 1.000000 0.850000
0.008984 1.000000 0.850000
0.006584 1.000000 0.850000
0.008648 1.000000 0.850000
0.008100 1.000000 0.850000
0.008397 1.000000 0.850000
0.010196 1.000000 0.850000
0.011618 1.000000 0.850000
0.008570 1.000000 0.850000
0.006266 1.000000 0.850000
0.006137 1.000000 0.850000
0.007255 1.000000 0.850000
0.006597 1.000000 0.850000
0.005757 1.000000 0.850000
0.009500 1.000000 0.850000
0.008323 1.000000 0.850000
0.009551 1.000000 0.850000
0.009862 1.000000 0.850000
0.006998 1.000000 0.850000
0.008475 1.000000 0.850000
0.009136 1.000000 0.850000
0.005688 1.000000 0.850000
0.010256 1.000000 0.850000
0.011744 1.000000 0.850000
0.014157 1.000000 0.850000
0.005746 1.000000 0.850000
0.006768 1.000000 0.850000
0.006292 1.000000 0.850000
0.006499 1.000000 0.850000
0.006880 1.000000 0.850000
0.010389 1.000000 0.850000
0.007874 1.000000 0.850000
0.007803 1.000000 0.850000
0.010474 1.000000 0.850000
0.008591 1.000000 0.850000
0.010755 1.000000 0.850000
0.010594 1.000000 0.850000
0.004653 1.000000 0.850000
0.007593 1.000000 0.850000
0.008685 1.000000 0.850000
0.009692 1.000000 0.850000
0.010499 1.000000 0.850000
0.007443 1.000000 0.850000
0.015288 1.000000 0.850000
0.010718 1.000000 0.850000
0.006386 1.000000 0.850000
0.006251 1.000000 0.850000
0.005589 1.000000 0.850000
0.006086 1.000000 0.850000
0.010203 1.000000 0.850000
0.007122 1.000000 0.850000
0.011329 1.000000 0.850000
0.011037 1.000000 0.850000
0.003788 1.000000 0.850000
0.004903 1.000000 0.850000
0.008373 1.000000 0.850000
0.009290 1.000000 0.850000
0.008409 1.000000 0.850000
0.022391 1.000000 0.850000
0.011186 1.000000 0.850000
0.008900 1.000000 0.850000
0.009899 1.000000 0.850000
