1.604457 0.750000 0.850000
0.613133 0.934524 0.750000
0.436700 0.815476 0.750000
0.694251 0.869048 0.800000
0.410677 0.922619 0.800000
0.341175 0.851190 0.850000
0.266245 0.934524 0.750000
0.259570 0.928571 0.750000
0.224033 0.928571 0.750000
0.293108 0.880952 0.800000
0.256972 0.928571 0.800000
0.247171 0.904762 0.750000
0.234373 0.940476 0.750000
0.325942 0.940476 0.800000
0.244359 0.922619 0.850000
0.248701 0.922619 0.800000
0.192795 0.928571 0.800000
0.184528 0.952381 0.750000
0.147324 0.970238 0.750000
0.160574 0.940476 0.750000
0.120032 0.964286 0.800000
0.231970 0.892857 0.800000
0.211079 0.964286 0.800000
0.129590 0.970238 0.800000
0.195548 0.940476 0.750000
0.170074 0.916667 0.700000
0.175367 0.982143 0.750000
0.106227 0.976190 0.800000
0.139986 0.952381 0.800000
0.166424 0.958333 0.800000
0.169701 0.922619 0.650000
0.134040 0.976190 0.800000
0.121217 0.988095 0.800000
0.075592 0.982143 0.850000
0.064620 0.970238 0.800000
0.092789 0.821429 0.750000
0.110772 0.976190 0.800000
0.182927 0.964286 0.800000
0.093495 0.988095 0.800000
0.089255 0.964286 0.800000
0.109395 0.988095 0.800000
0.109497 0.958333 0.800000
0.095266 0.958333 0.800000
0.229926 0.857143 0.750000
0.267952 0.946429 0.750000
0.130722 0.964286 0.800000
0.095978 0.976190 0.750000
0.075279 0.988095 0.800000
0.091111 0.946429 0.800000
0.052535 0.988095 0.800000
0.065556 0.988095 0.800000
0.058472 0.988095 0.800000
0.080445 0.994048 0.800000
0.073739 0.982143 0.800000
0.055109 0.994048 0.800000
0.046005 1.000000 0.800000
0.046077 1.000000 0.850000
0.053142 0.994048 0.850000
0.037149 1.000000 0.850000
0.062037 0.988095 0.800000
0.026370 0.994048 0.850000
0.027877 1.000000 0.850000
0.027230 1.000000 0.850000
0.035822 1.000000 0.850000
0.020556 1.000000 0.850000
0.021712 1.000000 0.850000
0.034533 0.988095 0.850000
0.059505 0.982143 0.850000
0.092549 0.994048 0.800000
0.044460 1.000000 0.800000
0.029512 1.000000 0.800000
0.064709 1.000000 0.850000
0.031188 0.988095 0.800000
0.031882 0.988095 0.850000
0.032833 1.000000 0.850000
0.030616 1.000000 0.850000
0.025216 0.994048 0.800000
0.043904 1.000000 0.850000
0.049485 0.988095 0.800000
0.032516 1.000000 0.800000
0.037750 1.000000 0.850000
0.057773 0.994048 0.800000
0.089605 0.964286 0.850000
0.234338 0.839286 0.750000
0.099422 1.000000 0.800000
0.093738 0.976190 0.800000
0.067459 1.000000 0.800000
0.034165 0.988095 0.800000
0.041407 0.994048 0.800000
0.045556 1.000000 0.850000
0.037401 1.000000 0.850000
0.026269 1.000000 0.850000
0.033675 1.000000 0.850000
0.019949 1.000000 0.850000
0.023826 1.000000 0.850000
0.022590 1.000000 0.800000
0.017760 1.000000 0.850000
0.019493 1.000000 0.850000
0.108141 0.982143 0.800000
0.045109 1.000000 0.800000
0.038243 1.000000 0.800000
0.018780 1.000000 0.800000
0.026331 1.000000 0.800000
0.020544 1.000000 0.800000
0.014462 1.000000 0.850000
0.015978 1.000000 0.800000
0.022918 1.000000 0.850000
0.014419 1.000000 0.850000
0.010312 1.000000 0.850000
0.017033 1.000000 0.850000
0.030366 1.000000 0.850000
0.018859 1.000000 0.850000
0.020863 1.000000 0.850000
0.013927 1.000000 0.850000
0.014972 1.000000 0.850000
0.017550 1.000000 0.850000
0.030889 1.000000 0.850000
0.018494 1.000000 0.850000
0.015240 1.000000 0.800000
0.018417 1.000000 0.850000
0.013968 1.000000 0.850000
0.021902 1.000000 0.850000
0.014786 1.000000 0.850000
0.018462 1.000000 0.850000
0.013772 1.000000 0.800000
0.018519 1.000000 0.850000
0.017971 1.000000 0.850000
0.027995 1.000000 0.800000
0.020110 1.000000 0.800000
0.025641 1.000000 0.850000
0.015070 1.000000 0.850000
0.018627 1.000000 0.850000
0.025539 1.000000 0.800000
0.025099 1.000000 0.800000
0.025487 1.000000 0.750000
0.025995 1.000000 0.850000
0.076421 1.000000 0.850000
0.029170 1.000000 0.850000
0.014805 1.000000 0.850000
0.026891 1.000000 0.850000
0.021873 1.000000 0.850000
0.013529 1.000000 0.850000
0.016387 1.000000 0.850000
0.010538 1.000000 0.850000
0.016854 1.000000 0.850000
0.012660 1.000000 0.850000
0.010702 1.000000 0.850000
0.055980 0.952381 0.700000
0.119154 0.982143 0.850000
0.053582 1.000000 0.850000
0.023762 1.000000 0.850000
0.017785 1.000000 0.850000
0.013039 1.000000 0.850000
0.013585 1.000000 0.850000
0.020001 1.000000 0.850000
0.013610 1.000000 0.850000
0.017706 1.000000 0.850000
0.015853 1.000000 0.850000
0.016712 1.000000 0.850000
0.017805 1.000000 0.850000
0.014562 1.000000 0.850000
0.013291 1.000000 0.850000
0.017305 1.000000 0.850000
0.010133 1.000000 0.850000
0.010464 1.000000 0.850000
0.020196 1.000000 0.850000
0.010286 1.000000 0.850000
0.015502 1.000000 0.850000
0.018685 1.000000 0.850000
0.015779 1.000000 0.850000
0.011985 1.000000 0.850000
0.016523 1.000000 0.850000
0.011956 1.000000 0.850000
0.013076 1.000000 0.850000
0.016646 1.000000 0.850000
0.017695 1.000000 0.850000
0.014442 1.000000 0.850000
0.015635 1.000000 0.850000
0.011613 1.000000 0.850000
0.010427 1.000000 0.850000
0.009545 1.000000 0.850000
0.018393 1.000000 0.850000
0.015949 1.000000 0.850000
0.021277 1.000000 0.850000
0.022054 1.000000 0.850000
0.011783 1.000000 0.850000
0.010114 1.000000 0.850000
0.011670 1.000000 0.850000
0.013337 1.000000 0.850000
0.008197 1.000000 0.850000
0.012313 1.000000 0.850000
0.011962 1.000000 0.850000
0.010587 1.000000 0.850000
0.009503 1.000000 0.850000
0.015628 1.000000 0.850000
0.011450 1.000000 0.850000
0.006950 1.000000 0.850000
0.010086 1.000000 0.850000
0.016783 1.000000 0.850000
0.015263 1.000000 0.850000
0.012714 1.000000 0.850000
0.010564 1.000000 0.850000
0.008942 1.000000 0.850000
0.012036 1.000000 0.850000
0.012577 1.000000 0.850000
0.011312 1.000000 0.850000
0.010381 1.000000 0.850000
0.012213 1.000000 0.850000
0.012972 1.000000 0.850000
0.012649 1.000000 0.850000
0.007252 1.000000 0.850000
0.012779 1.000000 0.850000
0.012420 1.000000 0.850000
0.009954 1.000000 0.850000
0.007538 1.000000 0.850000
0.012162 1.000000 0.850000
0.009345 1.000000 0.850000
0.010289 1.000000 0.850000
0.007747 1.000000 0.850000
0.013205 1.000000 0.850000
0.034801 1.000000 0.850000
0.011691 1.000000 0.850000
0.012910 1.000000 0.850000
0.023968 1.000000 0.850000
0.010423 1.000000 0.850000
0.014010 1.000000 0.850000
0.014286 1.000000 0.850000
0.008550 1.000000 0.850000
0.010373 1.000000 0.850000
0.010982 1.000000 0.850000
0.011450 1.000000 0.850000
0.009312 1.000000 0.850000
0.009885 1.000000 0.850000
0.007412 1.000000 0.850000
0.007636 1.000000 0.850000
0.010062 1.000000 0.850000
0.013778 1.000000 0.850000
0.009468 1.000000 0.850000
0.009849 1.000000 0.850000
0.013227 1.000000 0.850000
0.013591 1.000000 0.850000
0.008351 1.000000 0.850000
0.015478 1.000000 0.850000
0.012288 1.000000 0.850000
0.006974 1.000000 0.850000
0.014135 1.000000 0.850000
0.008329 1.000000 0.850000
0.014049 1.000000 0.850000
0.013594 1.000000 0.850000
0.010165 1.000000 0.850000
0.012437 1.000000 0.850000
0.010005 1.000000 0.850000
0.008654 1.000000 0.850000
0.009312 1.000000 0.850000
0.007698 1.000000 0.850000
0.014687 1.000000 0.850000
0.007572 1.000000 0.850000
0.017286 1.000000 0.850000
0.010604 1.000000 0.850000
0.014029 1.000000 0.850000
0.013219 1.000000 0.850000
0.022819 1.000000 0.850000
0.010765 1.000000 0.850000
0.011114 1.000000 0.850000
0.012822 1.000000 0.850000
0.010629 1.000000 0.850000
0.010224 1.000000 0.850000
0.010858 1.000000 0.850000
0.010166 1.000000 0.850000
0.010887 1.000000 0.850000
0.010153 1.000000 0.850000
0.009997 1.000000 0.850000
0.008791 1.000000 0.850000
0.008396 1.000000 0.850000
0.011074 1.000000 0.850000
0.013187 1.000000 0.850000
0.010411 1.000000 0.850000
0.008716 1.000000 0.850000
0.012470 1.000000 0.850000
0.008419 1.000000 0.850000
0.008220 1.000000 0.850000
0.011046 1.000000 0.850000
0.009276 1.000000 0.850000
0.008614 1.000000 0.850000
0.007571 1.000000 0.850000
0.008976 1.000000 0.850000
0.010387 1.000000 0.850000
0.010432 1.000000 0.850000
0.009548 1.000000 0.850000
0.008424 1.000000 0.850000
0.007756 1.000000 0.850000
0.010975 1.000000 0.850000
0.009860 1.000000 0.850000
0.008672 1.000000 0.850000
0.011173 1.000000 0.850000
0.011128 1.000000 0.850000
0.009647 1.000000 0.850000
0.007388 1.000000 0.850000
0.006156 1.000000 0.850000
0.008302 1.000000 0.850000
0.008077 1.000000 0.850000
0.006886 1.000000 0.850000
0.018712 1.000000 0.850000
0.010309 1.000000 0.850000
0.010714 1.000000 0.850000
0.010405 1.000000 0.850000
0.008708 1.000000 0.850000
0.010001 1.000000 0.850000
0.011311 1.000000 0.850000
0.005704 1.000000 0.850000
0.011841 1.000000 0.850000
0.012332 1.000000 0.850000
0.014677 1.000000 0.850000
0.008072 1.000000 0.850000
0.008444 1.000000 0.850000
0.007704 1.000000 0.850000
0.007799 1.000000 0.850000
0.007582 1.000000 0.850000
0.009996 1.000000 0.850000
0.008822 1.000000 0.850000
0.007706 1.000000 0.850000
0.010845 1.000000 0.850000
0.008295 1.000000 0.850000
0.011890 1.000000 0.850000
0.011183 1.000000 0.850000
0.005343 1.000000 0.850000
0.008643 1.000000 0.850000
0.009683 1.000000 0.850000
0.010124 1.000000 0.850000
0.010557 1.000000 0.850000
0.008627 1.000000 0.850000
0.016112 1.000000 0.850000
0.011842 1.000000 0.850000
0.007764 1.000000 0.850000
0.007061 1.000000 0.850000
0.006360 1.000000 0.850000
0.006893 1.000000 0.850000
0.009974 1.000000 0.850000
0.008349 1.000000 0.850000
0.011942 1.000000 0.850000
0.011971 1.000000 0.850000
0.004706 1.000000 0.850000
0.006786 1.000000 0.850000
0.009864 1.000000 0.850000
0.008930 1.000000 0.850000
0.012802 1.000000 0.850000
0.040864 1.000000 0.850000
0.012073 1.000000 0.850000
0.008645 1.000000 0.850000
0.009204 1.000000 0.850000
1.300036 0.767857 0.750000
0.498793 0.916667 0.800000
0.498915 0.880952 0.750000
0.453037 0.916667 0.800000
0.378036 0.857143 0.800000
0.318771 0.928571 0.750000
0.238888 0.940476 0.800000
0.228338 0.952381 0.800000
0.223086 0.892857 0.800000
0.256235 0.922619 0.800000
0.315379 0.946429 0.750000
0.260520 0.898810 0.800000
0.339741 0.940476 0.800000
0.409091 0.898810 0.800000
0.259738 0.958333 0.800000
0.221432 0.916667 0.750000
0.247452 0.922619 0.800000
0.213126 0.952381 0.750000
0.133574 0.952381 0.800000
0.134259 0.976190 0.850000
0.125125 0.946429 0.750000
0.203990 0.684524 0.550000
0.242391 0.970238 0.800000
0.163948 0.970238 0.800000
0.127913 0.982143 0.750000
0.105876 0.970238 0.800000
0.170516 0.982143 0.800000
0.090818 0.988095 0.800000
0.094650 0.976190 0.800000
0.135205 0.946429 0.800000
0.104715 0.988095 0.800000
0.081278 0.988095 0.800000
0.091673 1.000000 0.800000
0.065315 0.922619 0.800000
0.159548 0.726190 0.650000
0.185696 0.988095 0.800000
0.098744 0.970238 0.850000
0.136134 0.952381 0.800000
0.076427 0.994048 0.850000
0.102063 0.994048 0.800000
0.109775 0.958333 0.850000
0.095357 1.000000 0.800000
0.052831 1.000000 0.750000
0.097269 0.916667 0.750000
0.104238 0.982143 0.700000
0.114993 0.982143 0.750000
0.092869 1.000000 0.800000
0.058597 1.000000 0.800000
0.040800 0.994048 0.800000
0.044431 0.994048 0.800000
0.035513 1.000000 0.800000
0.028228 1.000000 0.800000
0.036519 1.000000 0.800000
0.034284 1.000000 0.800000
0.022625 1.000000 0.800000
0.033486 1.000000 0.750000
0.038276 0.988095 0.750000
0.044715 1.000000 0.750000
0.031414 0.994048 0.700000
0.051850 1.000000 0.800000
0.021782 1.000000 0.800000
0.027362 1.000000 0.800000
0.019757 1.000000 0.800000
0.046426 1.000000 0.800000
0.032035 1.000000 0.800000
0.040565 1.000000 0.750000
0.034925 1.000000 0.800000
0.041661 1.000000 0.800000
0.057075 1.000000 0.750000
0.038849 0.976190 0.800000
0.080386 0.994048 0.750000
0.074362 0.994048 0.750000
0.037589 1.000000 0.750000
0.033467 1.000000 0.800000
0.099984 1.000000 0.800000
0.088516 0.970238 0.700000
0.091417 1.000000 0.800000
0.052434 1.000000 0.800000
0.033572 1.000000 0.750000
0.028033 0.988095 0.750000
0.036577 1.000000 0.800000
0.024680 1.000000 0.750000
0.019772 1.000000 0.850000
0.041671 1.000000 0.800000
0.027438 1.000000 0.800000
0.028568 1.000000 0.750000
0.028249 1.000000 0.800000
0.021743 1.000000 0.750000
0.021453 1.000000 0.800000
0.027123 1.000000 0.800000
0.026230 1.000000 0.800000
0.021701 1.000000 0.800000
0.026869 1.000000 0.750000
0.018686 1.000000 0.750000
0.027920 1.000000 0.750000
0.056832 1.000000 0.750000
0.031510 1.000000 0.800000
0.039387 1.000000 0.800000
0.105753 0.994048 0.800000
0.045727 1.000000 0.850000
0.025098 1.000000 0.850000
0.019255 1.000000 0.850000
0.022588 1.000000 0.850000
0.016113 1.000000 0.850000
0.012038 1.000000 0.850000
0.016734 1.000000 0.850000
0.024671 1.000000 0.800000
0.015254 1.000000 0.800000
0.012912 1.000000 0.800000
0.017503 1.000000 0.800000
0.027477 1.000000 0.800000
0.016482 1.000000 0.800000
0.017863 1.000000 0.800000
0.015084 1.000000 0.800000
0.018670 1.000000 0.800000
0.022351 1.000000 0.800000
0.018881 1.000000 0.800000
0.020459 1.000000 0.800000
0.018008 1.000000 0.800000
0.018793 1.000000 0.800000
0.012243 1.000000 0.800000
0.021594 1.000000 0.800000
0.016506 1.000000 0.800000
0.015340 1.000000 0.800000
0.014962 1.000000 0.800000
0.021933 1.000000 0.800000
0.015291 1.000000 0.800000
0.017639 1.000000 0.800000
0.012634 1.000000 0.750000
0.024710 1.000000 0.800000
0.014310 1.000000 0.800000
0.019758 1.000000 0.800000
0.017792 1.000000 0.800000
0.017806 1.000000 0.750000
0.022126 1.000000 0.750000
0.012355 1.000000 0.800000
0.017836 1.000000 0.750000
0.014237 1.000000 0.800000
0.014826 1.000000 0.800000
0.018871 1.000000 0.750000
0.020690 1.000000 0.750000
0.015603 1.000000 0.750000
0.016222 1.000000 0.800000
0.014068 1.000000 0.800000
0.024460 1.000000 0.800000
0.017513 1.000000 0.750000
0.014048 1.000000 0.750000
0.014241 1.000000 0.750000
0.018906 1.000000 0.750000
0.020471 1.000000 0.750000
0.029302 1.000000 0.750000
0.023419 1.000000 0.750000
0.020327 1.000000 0.800000
0.018732 1.000000 0.800000
0.014536 1.000000 0.800000
0.015892 1.000000 0.800000
0.015506 1.000000 0.800000
0.016158 1.000000 0.800000
0.014888 1.000000 0.800000
0.018088 1.000000 0.800000
0.017809 1.000000 0.800000
0.013007 1.000000 0.800000
0.018058 1.000000 0.800000
0.007501 1.000000 0.750000
0.010675 1.000000 0.750000
0.009361 1.000000 0.750000
0.011127 1.000000 0.750000
0.014226 1.000000 0.750000
0.019978 1.000000 0.750000
0.018708 1.000000 0.750000
0.013041 1.000000 0.750000
0.015624 1.000000 0.800000
0.012066 1.000000 0.800000
0.013820 1.000000 0.800000
0.014405 1.000000 0.800000
0.018375 1.000000 0.750000
0.014775 1.000000 0.800000
0.019124 1.000000 0.800000
0.012270 1.000000 0.800000
0.012514 1.000000 0.800000
0.010574 1.000000 0.800000
0.018322 1.000000 0.800000
0.013064 1.000000 0.800000
0.023480 1.000000 0.800000
0.017616 1.000000 0.800000
0.011421 1.000000 0.800000
0.009206 1.000000 0.800000
0.012370 1.000000 0.800000
0.013770 1.000000 0.800000
0.010187 1.000000 0.750000
0.016706 1.000000 0.800000
0.016833 1.000000 0.800000
0.012309 1.000000 0.800000
0.009511 1.000000 0.800000
0.018830 1.000000 0.800000
0.012570 1.000000 0.800000
0.007003 1.000000 0.800000
0.011548 1.000000 0.800000
0.016654 1.000000 0.800000
0.014494 1.000000 0.800000
0.015349 1.000000 0.800000
0.013849 1.000000 0.800000
0.012144 1.000000 0.800000
0.013501 1.000000 0.800000
0.012763 1.000000 0.800000
0.010752 1.000000 0.800000
0.012912 1.000000 0.800000
0.012244 1.000000 0.800000
0.013270 1.000000 0.800000
0.013818 1.000000 0.800000
0.009117 1.000000 0.800000
0.016583 1.000000 0.800000
0.018129 1.000000 0.800000
0.012083 1.000000 0.800000
0.011304 1.000000 0.800000
0.013467 1.000000 0.800000
0.008811 1.000000 0.800000
0.010785 1.000000 0.800000
0.008417 1.000000 0.800000
0.013915 1.000000 0.800000
0.018125 1.000000 0.750000
0.009860 1.000000 0.800000
0.015524 1.000000 0.800000
0.015501 1.000000 0.800000
0.018698 1.000000 0.800000
0.012361 1.000000 0.800000
0.014556 1.000000 0.800000
0.008673 1.000000 0.800000
0.011838 1.000000 0.800000
0.012099 1.000000 0.800000
0.013554 1.000000 0.800000
0.012351 1.000000 0.800000
0.011855 1.000000 0.800000
0.008759 1.000000 0.800000
0.010741 1.000000 0.800000
0.012728 1.000000 0.800000
0.013779 1.000000 0.800000
0.013072 1.000000 0.800000
0.011862 1.000000 0.800000
0.017755 1.000000 0.800000
0.015929 1.000000 0.800000
0.009677 1.000000 0.800000
0.018984 1.000000 0.800000
0.015198 1.000000 0.800000
0.005441 1.000000 0.800000
0.014983 1.000000 0.800000
0.009578 1.000000 0.800000
0.016353 1.000000 0.800000
0.014122 1.000000 0.800000
0.010893 1.000000 0.800000
0.015452 1.000000 0.800000
0.010920 1.000000 0.800000
0.011648 1.000000 0.800000
0.008716 1.000000 0.800000
0.010166 1.000000 0.800000
0.017351 1.000000 0.800000
0.009653 1.000000 0.800000
0.014447 1.000000 0.800000
0.010920 1.000000 0.800000
0.014135 1.000000 0.800000
0.014967 1.000000 0.800000
0.012549 1.000000 0.800000
0.008471 1.000000 0.800000
0.013252 1.000000 0.800000
0.012855 1.000000 0.800000
0.011185 1.000000 0.800000
0.012213 1.000000 0.800000
0.011912 1.000000 0.800000
0.010515 1.000000 0.800000
0.014154 1.000000 0.800000
0.010289 1.000000 0.800000
0.012090 1.000000 0.800000
0.010420 1.000000 0.800000
0.008891 1.000000 0.800000
0.012045 1.000000 0.800000
0.014684 1.000000 0.800000
0.010718 1.000000 0.800000
0.010387 1.000000 0.800000
0.013307 1.000000 0.800000
0.009188 1.000000 0.800000
0.010275 1.000000 0.800000
0.012715 1.000000 0.800000
0.009742 1.000000 0.800000
0.009471 1.000000 0.800000
0.010343 1.000000 0.800000
0.010011 1.000000 0.800000
0.011200 1.000000 0.800000
0.011870 1.000000 0.800000
0.012225 1.000000 0.800000
0.010634 1.000000 0.800000
0.009464 1.000000 0.800000
0.013074 1.000000 0.800000
0.011628 1.000000 0.800000
0.010107 1.000000 0.800000
0.013195 1.000000 0.800000
0.012672 1.000000 0.800000
0.011785 1.000000 0.800000
0.009440 1.000000 0.800000
0.006587 1.000000 0.800000
0.009799 1.000000 0.800000
0.008381 1.000000 0.800000
0.008242 1.000000 0.800000
0.011526 1.000000 0.800000
0.011299 1.000000 0.800000
0.010648 1.000000 0.800000
0.012346 1.000000 0.800000
0.007757 1.000000 0.800000
0.011062 1.000000 0.800000
0.012407 1.000000 0.800000
0.008309 1.000000 0.800000
0.012497 1.000000 0.800000
0.013933 1.000000 0.800000
0.016759 1.000000 0.800000
0.012097 1.000000 0.800000
0.009541 1.000000 0.800000
0.008497 1.000000 0.800000
0.007924 1.000000 0.800000
0.011659 1.000000 0.800000
0.011879 1.000000 0.800000
0.014893 1.000000 0.800000
0.010056 1.000000 0.800000
0.012119 1.000000 0.800000
0.009969 1.000000 0.800000
0.013275 1.000000 0.800000
0.013515 1.000000 0.800000
0.006513 1.000000 0.800000
0.010613 1.000000 0.800000
0.013079 1.000000 0.800000
0.010539 1.000000 0.800000
0.012107 1.000000 0.800000
0.009552 1.000000 0.800000
0.017861 1.000000 0.800000
0.013710 1.000000 0.800000
0.008228 1.000000 0.800000
0.007629 1.000000 0.800000
0.006323 1.000000 0.800000
0.007882 1.000000 0.800000
0.012474 1.000000 0.800000
0.010181 1.000000 0.800000
0.012172 1.000000 0.800000
0.012337 1.000000 0.800000
0.005866 1.000000 0.800000
0.007546 1.000000 0.800000
0.010024 1.000000 0.800000
0.012316 1.000000 0.800000
0.011539 1.000000 0.800000
0.014147 1.000000 0.800000
0.015071 1.000000 0.800000
0.013607 1.000000 0.800000
0.011312 1.000000 0.800000
