2.794795 0.720238 0.750000
1.016338 0.803571 0.750000
0.754247 0.803571 0.700000
0.933927 0.851190 0.800000
0.720511 0.785714 0.700000
0.647542 0.750000 0.750000
0.663454 0.839286 0.800000
0.581831 0.845238 0.800000
0.569779 0.857143 0.750000
0.740766 0.815476 0.650000
0.617013 0.845238 0.750000
0.492588 0.845238 0.800000
0.553842 0.827381 0.800000
0.547921 0.660714 0.550000
0.516842 0.869048 0.800000
0.504003 0.845238 0.750000
0.433482 0.880952 0.750000
0.515362 0.470238 0.450000
0.440892 0.886905 0.800000
0.446066 0.785714 0.700000
0.412740 0.851190 0.850000
0.477507 0.732143 0.600000
0.460019 0.755952 0.650000
0.452372 0.892857 0.850000
0.426271 0.845238 0.850000
0.387753 0.875000 0.800000
0.433275 0.880952 0.850000
0.438318 0.863095 0.800000
0.423721 0.845238 0.750000
0.426275 0.839286 0.800000
0.454232 0.886905 0.850000
0.389566 0.880952 0.800000
0.380761 0.821429 0.750000
0.405310 0.863095 0.850000
0.372470 0.827381 0.800000
0.397454 0.904762 0.800000
0.380020 0.869048 0.800000
0.403591 0.863095 0.800000
0.341643 0.875000 0.800000
0.361835 0.422619 0.400000
0.362152 0.863095 0.800000
0.358279 0.886905 0.800000
0.334200 0.702381 0.550000
0.375167 0.857143 0.850000
0.346814 0.892857 0.800000
0.310748 0.755952 0.700000
0.334350 0.869048 0.800000
0.358968 0.827381 0.700000
0.296095 0.869048 0.800000
0.298144 0.660714 0.650000
0.326434 0.898810 0.800000
0.292176 0.827381 0.700000
0.280965 0.886905 0.750000
0.312452 0.863095 0.800000
0.317112 0.428571 0.400000
0.316888 0.886905 0.800000
0.290258 0.428571 0.400000
0.286225 0.630952 0.550000
0.315704 0.488095 0.500000
0.291764 0.619048 0.550000
0.262539 0.880952 0.800000
0.263976 0.916667 0.800000
0.267856 0.791667 0.750000
0.253556 0.672619 0.600000
0.298875 0.886905 0.800000
0.306689 0.583333 0.600000
0.272449 0.898810 0.800000
0.302227 0.589286 0.450000
0.297425 0.904762 0.800000
0.266882 0.875000 0.750000
0.272155 0.910714 0.750000
0.283671 0.648810 0.550000
0.246692 0.892857 0.800000
0.279348 0.625000 0.550000
0.309056 0.708333 0.600000
0.268622 0.851190 0.750000
0.278939 0.755952 0.700000
0.269579 0.904762 0.800000
0.252286 0.934524 0.800000
0.242439 0.744048 0.700000
0.288059 0.708333 0.600000
0.270941 0.750000 0.650000
0.244360 0.869048 0.750000
0.254628 0.928571 0.750000
0.271487 0.875000 0.700000
0.247531 0.523810 0.450000
0.270925 0.648810 0.500000
0.250994 0.470238 0.500000
0.264853 0.886905 0.800000
0.261218 0.892857 0.800000
0.253520 0.684524 0.500000
0.248977 0.898810 0.750000
0.256727 0.916667 0.750000
0.232291 0.767857 0.600000
0.251334 0.821429 0.650000
0.275754 0.863095 0.700000
0.245717 0.880952 0.650000
0.249649 0.440476 0.400000
0.266768 0.898810 0.800000
0.241980 0.714286 0.500000
0.228793 0.886905 0.750000
0.218375 0.940476 0.750000
0.247087 0.696429 0.500000
0.210741 0.928571 0.800000
0.219578 0.672619 0.450000
0.221447 0.934524 0.800000
0.242336 0.910714 0.800000
0.235229 0.809524 0.750000
0.224395 0.458333 0.450000
0.208132 0.898810 0.800000
0.225718 0.898810 0.750000
0.219427 0.708333 0.600000
0.246054 0.523810 0.500000
0.224498 0.916667 0.800000
0.214373 0.898810 0.750000
0.238354 0.589286 0.550000
0.249386 0.898810 0.750000
0.255020 0.928571 0.800000
0.223710 0.589286 0.500000
0.230211 0.898810 0.700000
0.219590 0.928571 0.700000
0.238145 0.690476 0.550000
0.213979 0.845238 0.650000
0.230559 0.660714 0.600000
0.221922 0.904762 0.700000
0.220662 0.886905 0.800000
0.218538 0.529762 0.550000
0.206526 0.892857 0.750000
0.208984 0.791667 0.600000
0.226886 0.863095 0.750000
0.234540 0.886905 0.750000
0.232808 0.898810 0.800000
0.226856 0.916667 0.750000
0.215558 0.559524 0.500000
0.221867 0.916667 0.750000
0.227854 0.869048 0.750000
0.221457 0.517857 0.450000
0.215860 0.934524 0.800000
0.216768 0.779762 0.550000
0.228850 0.892857 0.800000
0.210822 0.642857 0.450000
0.207759 0.654762 0.550000
0.210218 0.654762 0.500000
0.233281 0.892857 0.800000
0.213321 0.910714 0.750000
0.221990 0.898810 0.750000
0.202084 0.714286 0.650000
0.203367 0.696429 0.500000
0.210528 0.922619 0.750000
0.208171 0.928571 0.800000
0.224741 0.803571 0.700000
0.207145 0.660714 0.450000
0.204632 0.922619 0.750000
0.193532 0.928571 0.750000
0.194326 0.910714 0.700000
0.197596 0.928571 0.750000
0.198811 0.601190 0.500000
0.200644 0.940476 0.700000
0.205337 0.934524 0.750000
0.218658 0.714286 0.650000
0.177490 0.815476 0.650000
0.198498 0.708333 0.550000
0.191621 0.714286 0.550000
0.193721 0.761905 0.600000
0.188820 0.910714 0.700000
0.192690 0.684524 0.450000
0.185715 0.744048 0.550000
0.179307 0.678571 0.500000
0.190047 0.934524 0.750000
0.189775 0.696429 0.550000
0.188889 0.940476 0.750000
0.195409 0.767857 0.650000
0.192138 0.922619 0.700000
0.187922 0.886905 0.750000
0.215109 0.690476 0.450000
0.186006 0.940476 0.750000
0.186685 0.476190 0.400000
0.175522 0.809524 0.650000
0.171512 0.738095 0.650000
0.193241 0.708333 0.550000
0.200113 0.702381 0.500000
0.184057 0.898810 0.750000
0.198775 0.738095 0.600000
0.191927 0.797619 0.650000
0.182821 0.702381 0.550000
0.182511 0.940476 0.700000
0.176041 0.898810 0.750000
0.217303 0.940476 0.750000
0.203966 0.940476 0.700000
0.173902 0.946429 0.750000
0.187738 0.928571 0.750000
0.173324 0.886905 0.700000
0.189348 0.577381 0.450000
0.182121 0.898810 0.750000
0.180327 0.642857 0.500000
0.164832 0.922619 0.650000
0.176580 0.744048 0.550000
0.154120 0.952381 0.700000
0.190620 0.904762 0.750000
0.176965 0.922619 0.750000
0.188677 0.726190 0.600000
0.168827 0.886905 0.650000
0.193251 0.934524 0.750000
0.181038 0.934524 0.750000
0.181576 0.934524 0.750000
0.159337 0.940476 0.750000
0.166293 0.702381 0.550000
0.178627 0.946429 0.700000
0.163128 0.714286 0.550000
0.161018 0.672619 0.450000
0.183366 0.791667 0.650000
0.167737 0.720238 0.550000
0.159219 0.761905 0.550000
0.156427 0.904762 0.750000
0.179117 0.636905 0.500000
0.177980 0.738095 0.600000
0.161560 0.726190 0.550000
0.157198 0.809524 0.600000
0.170412 0.684524 0.450000
0.176669 0.750000 0.550000
0.171325 0.654762 0.500000
0.171648 0.833333 0.700000
0.174136 0.934524 0.700000
0.154422 0.702381 0.500000
0.151580 0.720238 0.550000
0.174588 0.732143 0.550000
0.172274 0.767857 0.650000
0.160568 0.886905 0.650000
0.157440 0.684524 0.450000
0.152357 0.922619 0.650000
0.167815 0.863095 0.700000
0.170708 0.714286 0.500000
0.176964 0.660714 0.500000
0.150491 0.684524 0.500000
0.148572 0.928571 0.700000
0.148491 0.678571 0.450000
0.168397 0.904762 0.650000
0.164855 0.702381 0.500000
0.153967 0.928571 0.750000
0.156781 0.696429 0.500000
0.188429 0.934524 0.700000
0.173178 0.714286 0.600000
0.170455 0.708333 0.500000
0.164413 0.946429 0.700000
0.158294 0.696429 0.450000
0.166999 0.714286 0.550000
0.147566 0.940476 0.700000
0.152561 0.690476 0.450000
0.157680 0.732143 0.550000
0.163796 0.946429 0.700000
0.156084 0.684524 0.500000
0.151845 0.696429 0.600000
0.162490 0.708333 0.550000
0.144600 0.666667 0.450000
0.162576 0.696429 0.500000
0.156666 0.857143 0.600000
0.147435 0.732143 0.550000
0.147983 0.940476 0.700000
0.168363 0.869048 0.600000
0.157771 0.720238 0.550000
0.169646 0.684524 0.450000
0.145934 0.886905 0.650000
0.155667 0.654762 0.450000
0.147708 0.946429 0.700000
0.164738 0.690476 0.500000
0.156179 0.726190 0.550000
0.168156 0.863095 0.600000
0.166687 0.619048 0.400000
0.155432 0.720238 0.550000
0.143655 0.863095 0.600000
0.149083 0.875000 0.600000
0.143867 0.702381 0.550000
0.152870 0.535714 0.450000
0.145030 0.714286 0.550000
0.150730 0.952381 0.700000
0.142541 0.720238 0.550000
0.163472 0.726190 0.550000
0.153802 0.797619 0.550000
0.157811 0.708333 0.550000
0.157393 0.773810 0.550000
0.152086 0.708333 0.500000
0.155646 0.940476 0.700000
0.154393 0.946429 0.750000
0.160808 0.904762 0.700000
0.154897 0.910714 0.700000
0.168644 0.779762 0.550000
0.157879 0.755952 0.550000
0.147417 0.726190 0.550000
0.153157 0.696429 0.550000
0.160720 0.738095 0.550000
0.142308 0.934524 0.700000
0.150032 0.934524 0.700000
0.141502 0.744048 0.550000
0.134838 0.940476 0.700000
0.155605 0.940476 0.700000
0.154499 0.934524 0.700000
0.152971 0.744048 0.550000
0.160916 0.738095 0.550000
0.154315 0.946429 0.700000
0.160237 0.809524 0.550000
0.158764 0.660714 0.400000
0.158616 0.940476 0.700000
0.149247 0.797619 0.550000
0.139757 0.779762 0.550000
0.146667 0.863095 0.600000
0.140419 0.940476 0.700000
0.142050 0.666667 0.450000
0.150822 0.767857 0.550000
0.147475 0.940476 0.700000
0.138613 0.809524 0.550000
0.146664 0.934524 0.700000
0.162085 0.934524 0.700000
0.138936 0.732143 0.550000
0.135518 0.809524 0.550000
0.146909 0.940476 0.700000
0.141737 0.952381 0.700000
0.152546 0.946429 0.700000
0.155907 0.708333 0.550000
0.142078 0.738095 0.550000
0.142073 0.946429 0.700000
0.129835 0.845238 0.550000
0.147892 0.809524 0.550000
0.134072 0.720238 0.550000
0.147762 0.946429 0.700000
0.141871 0.940476 0.700000
0.160669 0.738095 0.550000
0.149060 0.958333 0.700000
0.149702 0.952381 0.750000
0.165858 0.708333 0.550000
0.140453 0.946429 0.700000
0.149905 0.940476 0.700000
0.153065 0.940476 0.700000
0.141151 0.851190 0.650000
0.142764 0.791667 0.550000
0.158106 0.875000 0.600000
0.145765 0.940476 0.700000
0.130984 0.928571 0.650000
0.155649 0.702381 0.450000
0.149789 0.738095 0.550000
0.160570 0.708333 0.550000
0.134179 0.946429 0.700000
0.137957 0.940476 0.700000
0.161980 0.946429 0.700000
0.153637 0.934524 0.700000
0.155868 0.886905 0.650000
0.139248 0.738095 0.550000
0.143871 0.946429 0.700000
0.143755 0.952381 0.750000
0.149552 0.940476 0.700000
0.162735 0.952381 0.750000
2.273074 0.732143 0.750000
0.700861 0.773810 0.700000
0.544349 0.851190 0.750000
0.580660 0.797619 0.750000
0.522365 0.333333 0.350000
0.490519 0.630952 0.650000
0.462606 0.851190 0.700000
0.476310 0.863095 0.700000
0.434378 0.851190 0.850000
0.645219 0.702381 0.700000
0.472924 0.845238 0.750000
0.427233 0.857143 0.750000
0.479283 0.857143 0.750000
0.440180 0.666667 0.500000
0.445098 0.863095 0.800000
0.424531 0.863095 0.700000
0.445571 0.678571 0.550000
0.446001 0.809524 0.700000
0.417609 0.696429 0.500000
0.401750 0.779762 0.850000
0.402877 0.827381 0.800000
0.432330 0.833333 0.750000
0.409231 0.773810 0.700000
0.427724 0.803571 0.800000
0.423501 0.821429 0.850000
0.397572 0.845238 0.750000
0.426370 0.833333 0.800000
0.417017 0.821429 0.750000
0.403347 0.851190 0.800000
0.396765 0.815476 0.750000
0.459660 0.720238 0.850000
0.388353 0.857143 0.800000
0.379061 0.863095 0.850000
0.387389 0.875000 0.750000
0.388374 0.678571 0.650000
0.381172 0.744048 0.650000
0.367449 0.815476 0.750000
0.390305 0.833333 0.850000
0.346749 0.833333 0.800000
0.397035 0.857143 0.800000
0.371674 0.761905 0.700000
0.354280 0.839286 0.750000
0.332952 0.398810 0.350000
0.369760 0.684524 0.650000
0.343490 0.809524 0.650000
0.303483 0.839286 0.700000
0.328849 0.458333 0.400000
0.334315 0.589286 0.550000
0.284272 0.875000 0.850000
0.283372 0.607143 0.500000
0.332933 0.351190 0.350000
0.298301 0.547619 0.550000
0.291191 0.875000 0.750000
0.295679 0.869048 0.850000
0.311419 0.452381 0.500000
0.307201 0.553571 0.550000
0.283694 0.696429 0.650000
0.296457 0.886905 0.800000
0.302957 0.428571 0.400000
0.293724 0.458333 0.450000
0.267223 0.791667 0.750000
0.272525 0.904762 0.750000
0.294573 0.452381 0.450000
0.266832 0.839286 0.800000
0.292647 0.910714 0.750000
0.273887 0.422619 0.400000
0.264159 0.476190 0.500000
0.304684 0.547619 0.450000
0.280697 0.446429 0.500000
0.274310 0.428571 0.400000
0.294622 0.690476 0.800000
0.287712 0.875000 0.750000
0.232908 0.732143 0.650000
0.255413 0.440476 0.550000
0.293935 0.857143 0.750000
0.267149 0.369048 0.550000
0.270899 0.863095 0.750000
0.263070 0.440476 0.550000
0.248945 0.452381 0.450000
0.252330 0.684524 0.650000
0.297129 0.345238 0.350000
0.352892 0.339286 0.350000
0.303888 0.839286 0.700000
0.328519 0.666667 0.600000
0.328723 0.815476 0.700000
0.316947 0.845238 0.800000
0.326394 0.869048 0.700000
0.296095 0.875000 0.750000
0.282910 0.898810 0.700000
0.292445 0.875000 0.800000
0.275228 0.886905 0.800000
0.284395 0.464286 0.450000
0.265892 0.898810 0.800000
0.270314 0.482143 0.500000
0.293279 0.892857 0.800000
0.287550 0.875000 0.800000
0.260412 0.678571 0.600000
0.281562 0.660714 0.550000
0.296572 0.851190 0.800000
0.260982 0.892857 0.750000
0.256391 0.916667 0.800000
0.228711 0.898810 0.800000
0.259405 0.904762 0.800000
0.222594 0.863095 0.750000
0.224742 0.904762 0.750000
0.231239 0.702381 0.600000
0.255502 0.625000 0.500000
0.250625 0.511905 0.500000
0.231688 0.904762 0.750000
0.219700 0.636905 0.500000
0.242894 0.833333 0.800000
0.220867 0.863095 0.750000
0.256362 0.904762 0.800000
0.236881 0.636905 0.500000
0.235132 0.821429 0.750000
0.244360 0.886905 0.800000
0.250674 0.630952 0.500000
0.238920 0.571429 0.550000
0.236864 0.892857 0.800000
0.227933 0.892857 0.800000
0.232370 0.875000 0.800000
0.241565 0.916667 0.750000
0.221604 0.922619 0.750000
0.235977 0.672619 0.500000
0.216139 0.892857 0.800000
0.224248 0.672619 0.500000
0.230227 0.880952 0.750000
0.206675 0.815476 0.700000
0.207199 0.910714 0.750000
0.239600 0.892857 0.750000
0.233847 0.904762 0.750000
0.245499 0.607143 0.450000
0.240633 0.470238 0.500000
0.221593 0.904762 0.800000
0.218128 0.839286 0.700000
0.247006 0.684524 0.600000
0.248245 0.886905 0.750000
0.218825 0.494048 0.500000
0.233399 0.886905 0.750000
0.230837 0.857143 0.800000
0.221333 0.946429 0.750000
0.217537 0.684524 0.500000
0.220098 0.440476 0.400000
0.249129 0.880952 0.800000
0.226659 0.904762 0.750000
0.236033 0.886905 0.750000
0.224567 0.886905 0.800000
0.212230 0.892857 0.750000
0.213245 0.875000 0.750000
0.209963 0.696429 0.650000
0.228300 0.940476 0.800000
0.210152 0.690476 0.500000
0.214247 0.720238 0.650000
0.211755 0.916667 0.800000
0.204939 0.904762 0.800000
0.213064 0.910714 0.800000
0.206707 0.666667 0.500000
0.212569 0.934524 0.800000
0.201073 0.857143 0.800000
0.216534 0.946429 0.750000
0.186432 0.892857 0.750000
0.214309 0.934524 0.750000
0.201838 0.880952 0.750000
0.194977 0.904762 0.750000
0.197977 0.898810 0.800000
0.198506 0.898810 0.800000
0.197809 0.702381 0.550000
0.195769 0.815476 0.750000
0.199682 0.476190 0.500000
0.205185 0.940476 0.800000
0.195776 0.934524 0.800000
0.204453 0.922619 0.800000
0.191585 0.910714 0.800000
0.207710 0.934524 0.800000
0.218240 0.642857 0.500000
0.203371 0.910714 0.800000
0.182500 0.898810 0.800000
0.182528 0.922619 0.750000
0.196837 0.690476 0.600000
0.213598 0.916667 0.800000
0.211858 0.910714 0.800000
0.196511 0.898810 0.800000
0.211966 0.934524 0.800000
0.208126 0.482143 0.500000
0.192676 0.892857 0.800000
0.196353 0.916667 0.750000
0.177702 0.898810 0.800000
0.217923 0.583333 0.550000
0.216282 0.720238 0.650000
0.178748 0.744048 0.650000
0.195149 0.779762 0.650000
0.185263 0.702381 0.600000
0.201859 0.898810 0.800000
0.195519 0.910714 0.800000
0.194702 0.666667 0.500000
0.177571 0.940476 0.800000
0.184972 0.880952 0.800000
0.168933 0.892857 0.800000
0.199313 0.946429 0.800000
0.199995 0.708333 0.650000
0.210504 0.761905 0.600000
0.189415 0.833333 0.750000
0.203317 0.928571 0.800000
0.200062 0.898810 0.800000
0.194182 0.910714 0.750000
0.171652 0.958333 0.800000
0.183215 0.946429 0.800000
0.189153 0.898810 0.800000
0.180245 0.934524 0.800000
0.178087 0.922619 0.800000
0.196980 0.934524 0.800000
0.178840 0.946429 0.750000
0.170154 0.928571 0.800000
0.171939 0.785714 0.650000
0.188498 0.916667 0.750000
0.201630 0.940476 0.800000
0.180712 0.755952 0.600000
0.171212 0.791667 0.600000
0.183441 0.904762 0.800000
0.190849 0.940476 0.800000
0.185334 0.940476 0.800000
0.193583 0.946429 0.800000
0.192484 0.940476 0.800000
0.173269 0.773810 0.600000
0.163727 0.922619 0.800000
0.185793 0.732143 0.600000
0.187684 0.714286 0.600000
0.174859 0.916667 0.800000
0.174815 0.761905 0.600000
0.163650 0.714286 0.550000
0.184651 0.922619 0.800000
0.191254 0.946429 0.800000
0.188186 0.886905 0.800000
0.172653 0.898810 0.800000
0.165307 0.910714 0.800000
0.162268 0.892857 0.750000
0.183855 0.916667 0.750000
0.185542 0.708333 0.600000
0.163110 0.708333 0.500000
0.173682 0.946429 0.750000
0.202070 0.934524 0.800000
0.188366 0.595238 0.500000
0.195222 0.946429 0.800000
0.187871 0.934524 0.750000
0.175066 0.940476 0.800000
0.184194 0.940476 0.800000
0.171465 0.916667 0.800000
0.170813 0.869048 0.650000
0.180658 0.904762 0.800000
0.186361 0.940476 0.800000
0.165786 0.958333 0.800000
0.176044 0.934524 0.800000
0.177121 0.946429 0.800000
0.152585 0.869048 0.800000
0.178843 0.946429 0.750000
0.170131 0.946429 0.800000
0.169995 0.946429 0.800000
0.164134 0.940476 0.750000
0.198191 0.946429 0.800000
0.171702 0.940476 0.800000
0.179717 0.946429 0.800000
0.171733 0.904762 0.800000
0.176572 0.946429 0.800000
0.167595 0.940476 0.800000
0.176762 0.708333 0.600000
0.177434 0.803571 0.600000
0.181883 0.904762 0.800000
0.184617 0.934524 0.750000
0.179052 0.940476 0.800000
0.161201 0.654762 0.500000
0.168692 0.946429 0.800000
0.167786 0.940476 0.800000
0.173469 0.720238 0.600000
0.164301 0.720238 0.650000
0.170792 0.934524 0.800000
0.162555 0.940476 0.800000
0.190157 0.696429 0.550000
0.175407 0.940476 0.800000
0.170878 0.946429 0.750000
0.177467 0.946429 0.800000
0.172803 0.785714 0.600000
0.177226 0.946429 0.800000
0.175539 0.940476 0.800000
0.179682 0.726190 0.600000
0.175788 0.958333 0.800000
0.194254 0.934524 0.800000
0.177201 0.809524 0.650000
0.159930 0.732143 0.600000
0.183166 0.946429 0.800000
0.185186 0.940476 0.800000
0.161959 0.946429 0.800000
0.170247 0.946429 0.750000
0.155051 0.940476 0.800000
0.153691 0.946429 0.800000
0.177014 0.922619 0.800000
0.181326 0.940476 0.750000
0.178596 0.940476 0.800000
0.175304 0.904762 0.800000
0.181618 0.946429 0.800000
0.179116 0.714286 0.550000
0.188033 0.946429 0.800000
0.181550 0.940476 0.800000
0.169183 0.922619 0.800000
0.155969 0.940476 0.800000
0.170702 0.946429 0.800000
0.157770 0.946429 0.800000
0.171492 0.690476 0.550000
0.171959 0.940476 0.800000
0.169743 0.940476 0.800000
0.158393 0.946429 0.800000
0.162836 0.922619 0.800000
0.186691 0.946429 0.800000
0.156358 0.952381 0.800000
0.163607 0.946429 0.800000
0.172361 0.952381 0.800000
0.165102 0.946429 0.800000
0.186748 0.946429 0.800000
0.179912 0.732143 0.600000
0.162672 0.946429 0.800000
0.164887 0.946429 0.800000
0.162064 0.946429 0.800000
0.163872 0.726190 0.600000
0.163062 0.904762 0.800000
0.174145 0.952381 0.800000
0.160669 0.934524 0.800000
0.173395 0.940476 0.800000
0.170655 0.946429 0.800000
0.172492 0.952381 0.800000
0.189603 0.946429 0.800000
0.161160 0.946429 0.800000
0.164198 0.952381 0.800000
0.174289 0.928571 0.800000
0.164876 0.940476 0.800000
0.175573 0.946429 0.800000
0.186185 0.946429 0.800000
0.169525 0.940476 0.750000
0.157932 0.946429 0.800000
0.175084 0.958333 0.750000
0.177514 0.803571 0.700000
0.184328 0.946429 0.800000
0.157898 0.940476 0.800000
0.158478 0.946429 0.800000
0.190061 0.946429 0.800000
0.175583 0.952381 0.800000
0.181327 0.869048 0.800000
0.161088 0.946429 0.800000
0.159045 0.946429 0.800000
0.159954 0.958333 0.800000
0.172677 0.946429 0.800000
0.181431 0.958333 0.800000
