5.968972 0.494321 0.497573
1.973881 0.646566 0.701456
1.701596 0.638453 0.686893
1.226286 0.621687 0.650485
1.032824 0.685776 0.713592
1.127736 0.667658 0.682039
1.000345 0.697134 0.720874
0.878000 0.639805 0.638350
1.165222 0.693618 0.720874
0.990492 0.528664 0.524272
0.808178 0.667388 0.674757
0.789907 0.695782 0.711165
0.832210 0.652785 0.657767
0.970841 0.637101 0.691748
0.686241 0.673067 0.689320
0.755718 0.661979 0.662621
0.838141 0.694159 0.730583
0.718034 0.672796 0.694175
0.803568 0.609519 0.638350
0.779629 0.690373 0.723301
0.723685 0.695241 0.713592
0.701728 0.690914 0.711165
0.702689 0.702001 0.718447
0.641116 0.687399 0.706311
0.677304 0.674959 0.703883
0.695531 0.626825 0.638350
0.677464 0.648729 0.657767
0.685564 0.696052 0.737864
0.710901 0.653056 0.689320
0.652749 0.691455 0.703883
0.644968 0.699567 0.728155
0.633840 0.690373 0.723301
0.641323 0.666306 0.674757
0.661348 0.695782 0.730583
0.597128 0.704705 0.723301
0.662517 0.649811 0.708738
0.679705 0.523526 0.512136
0.676686 0.691725 0.708738
0.678662 0.682802 0.684466
0.650797 0.687669 0.720874
0.676749 0.690103 0.703883
0.650048 0.658734 0.672330
0.633184 0.699027 0.728155
0.630761 0.700379 0.735437
0.630261 0.593294 0.597087
0.624469 0.588426 0.563107
0.663718 0.692807 0.728155
0.595860 0.709032 0.745146
0.626726 0.667929 0.689320
0.591832 0.704164 0.735437
0.605671 0.697134 0.718447
0.605681 0.695782 0.706311
0.614708 0.687939 0.706311
0.605067 0.713359 0.740291
0.595149 0.712006 0.750000
0.594233 0.668199 0.674757
0.597744 0.707409 0.737864
0.578922 0.682531 0.716019
0.589097 0.717415 0.750000
0.579023 0.634667 0.609223
0.601096 0.708491 0.720874
0.574590 0.698756 0.711165
0.600763 0.722823 0.740291
0.604178 0.707409 0.718447
0.614474 0.663872 0.667476
0.597990 0.722823 0.747573
0.590273 0.670362 0.691748
0.582469 0.719037 0.730583
0.591009 0.709573 0.740291
0.593834 0.690914 0.716019
0.595305 0.683342 0.701456
0.606714 0.683342 0.701456
0.592229 0.719037 0.718447
0.582255 0.717685 0.735437
0.606930 0.721471 0.740291
0.592508 0.707139 0.728155
0.605277 0.686317 0.696602
0.590485 0.704705 0.711165
0.591475 0.722823 0.750000
0.582815 0.726339 0.740291
0.589100 0.716604 0.730583
0.596959 0.716604 0.728155
0.575127 0.698756 0.713592
0.596357 0.696863 0.696602
0.596335 0.674959 0.694175
0.605857 0.641428 0.638350
0.595781 0.703083 0.733010
0.578352 0.718496 0.737864
0.578055 0.708761 0.730583
0.581876 0.703083 0.708738
0.626914 0.675771 0.667476
0.580838 0.705246 0.701456
0.609558 0.714170 0.735437
0.599835 0.716333 0.725728
0.570409 0.707680 0.708738
0.579497 0.717415 0.740291
0.595335 0.706057 0.718447
0.594757 0.636560 0.623786
0.608174 0.704976 0.703883
0.570735 0.727691 0.737864
0.615602 0.709843 0.713592
0.591836 0.721201 0.737864
0.581599 0.730124 0.752427
0.580183 0.732288 0.752427
0.584556 0.700649 0.708738
0.567586 0.714170 0.716019
0.558151 0.732288 0.747573
0.568834 0.724175 0.742718
0.584894 0.718767 0.725728
0.589337 0.716874 0.735437
0.581169 0.672526 0.677184
0.589600 0.729313 0.740291
0.590798 0.726339 0.737864
0.584209 0.725798 0.745146
0.575146 0.713899 0.723301
0.567601 0.694159 0.703883
0.570171 0.713088 0.711165
0.560713 0.726068 0.728155
0.576715 0.717144 0.747573
0.563993 0.713899 0.711165
0.570637 0.729043 0.757282
0.601801 0.725257 0.735437
0.585745 0.726068 0.725728
0.563965 0.733369 0.728155
0.582144 0.729043 0.757282
0.572785 0.724986 0.757282
0.571142 0.734992 0.762136
0.574694 0.716874 0.742718
0.573868 0.718226 0.735437
0.559907 0.722553 0.747573
0.576976 0.716063 0.740291
0.580741 0.732558 0.757282
0.568569 0.716874 0.740291
0.588596 0.726068 0.747573
0.576107 0.720389 0.735437
0.586021 0.673878 0.684466
0.572695 0.717956 0.723301
0.574086 0.729043 0.737864
0.597133 0.719849 0.733010
0.602068 0.716333 0.711165
0.576897 0.712818 0.706311
0.574205 0.724716 0.740291
0.574005 0.727691 0.720874
0.575077 0.729313 0.750000
0.571521 0.730936 0.742718
0.568974 0.728502 0.752427
0.551444 0.716874 0.733010
0.550715 0.725527 0.759709
0.580119 0.730395 0.764563
0.561791 0.733640 0.757282
0.575858 0.737696 0.759709
0.556029 0.736344 0.750000
0.557841 0.740400 0.759709
0.554321 0.730665 0.742718
0.564352 0.729313 0.730583
0.572934 0.712547 0.720874
0.570387 0.744456 0.759709
0.545473 0.735262 0.750000
0.568095 0.730124 0.754854
0.568565 0.724175 0.733010
0.574019 0.732558 0.750000
0.557111 0.731747 0.735437
0.553388 0.743916 0.762136
0.529953 0.741482 0.759709
0.550914 0.738507 0.733010
0.571054 0.736344 0.757282
0.572101 0.722823 0.723301
0.570225 0.730665 0.745146
0.573237 0.743104 0.762136
0.545283 0.726068 0.713592
0.555294 0.741482 0.745146
0.559204 0.696593 0.701456
0.560186 0.737966 0.757282
0.570399 0.745268 0.752427
0.560241 0.742834 0.764563
0.566456 0.733640 0.742718
0.553632 0.708761 0.716019
0.571321 0.736074 0.752427
0.550125 0.734181 0.728155
0.563672 0.743645 0.774272
0.557300 0.734721 0.745146
0.549437 0.734721 0.735437
0.551591 0.732558 0.742718
0.536561 0.737696 0.745146
0.564995 0.740671 0.752427
0.544817 0.745809 0.762136
0.547883 0.740671 0.733010
0.574572 0.743645 0.737864
0.555011 0.739589 0.752427
0.575289 0.743375 0.742718
0.536007 0.743104 0.757282
0.565187 0.725527 0.747573
0.552695 0.740130 0.745146
0.558233 0.741752 0.737864
0.557529 0.716874 0.720874
0.548655 0.740671 0.750000
0.566839 0.741482 0.745146
0.542732 0.720930 0.716019
0.559009 0.734721 0.735437
0.556985 0.740130 0.757282
0.538467 0.740130 0.762136
0.538924 0.739589 0.745146
0.571234 0.746890 0.745146
0.538423 0.746079 0.762136
0.545662 0.743104 0.762136
0.551124 0.734721 0.750000
0.567216 0.747431 0.757282
0.571309 0.740400 0.752427
0.549299 0.744997 0.764563
0.563596 0.748783 0.774272
0.540093 0.748242 0.766990
0.571919 0.749054 0.764563
0.555247 0.742023 0.740291
0.530585 0.743645 0.745146
0.566725 0.748513 0.752427
0.539166 0.748513 0.762136
0.503623 0.745538 0.757282
0.542626 0.744456 0.771845
0.556969 0.744727 0.742718
0.567017 0.745538 0.757282
0.550609 0.744456 0.754854
0.546076 0.747972 0.762136
0.549502 0.754191 0.754854
0.540109 0.744997 0.747573
0.564408 0.745268 0.774272
0.532333 0.750676 0.764563
0.526620 0.748242 0.745146
0.530127 0.744186 0.735437
0.535826 0.752299 0.745146
0.521114 0.750946 0.759709
0.521013 0.748783 0.771845
0.549179 0.747431 0.750000
0.547157 0.740400 0.745146
0.540562 0.746079 0.737864
0.536299 0.755003 0.766990
0.558981 0.749324 0.745146
0.553855 0.745809 0.754854
0.560405 0.747161 0.740291
0.569695 0.748242 0.740291
0.540588 0.743916 0.737864
0.555243 0.733099 0.725728
0.548342 0.744727 0.742718
0.564149 0.751487 0.754854
0.541828 0.740130 0.735437
0.566726 0.744727 0.757282
0.530983 0.751758 0.754854
0.527535 0.748242 0.737864
0.563193 0.740130 0.737864
0.551046 0.753651 0.766990
0.576807 0.750135 0.742718
0.539924 0.756355 0.776699
0.539370 0.745538 0.762136
0.539732 0.752839 0.774272
0.529231 0.747161 0.764563
0.526309 0.752028 0.776699
0.537217 0.750406 0.769417
0.543324 0.754732 0.752427
0.539822 0.749054 0.747573
0.538151 0.755544 0.754854
0.552171 0.755544 0.745146
0.535196 0.750946 0.750000
0.541355 0.753110 0.752427
0.531427 0.750406 0.745146
0.527952 0.753651 0.747573
0.531739 0.753110 0.764563
0.530627 0.756625 0.764563
0.563139 0.752028 0.733010
0.537801 0.749324 0.759709
0.556893 0.749865 0.762136
0.548908 0.751217 0.762136
0.534777 0.757436 0.752427
0.543236 0.753110 0.762136
0.541702 0.757436 0.766990
0.534526 0.753380 0.762136
0.527427 0.756355 0.764563
0.530767 0.753110 0.769417
0.531377 0.754462 0.752427
0.527443 0.752028 0.762136
0.535300 0.753921 0.764563
0.542738 0.749865 0.759709
0.538393 0.752299 0.750000
0.554405 0.750946 0.766990
0.524912 0.753651 0.766990
0.545262 0.750946 0.757282
0.523456 0.751758 0.759709
0.524591 0.752299 0.766990
0.532781 0.756084 0.762136
0.531960 0.756084 0.766990
0.547211 0.749865 0.747573
0.533696 0.751758 0.759709
0.546046 0.755003 0.759709
0.562128 0.757707 0.764563
0.557960 0.756625 0.759709
0.519325 0.755544 0.759709
0.524132 0.754191 0.771845
0.562093 0.757166 0.752427
0.538006 0.754732 0.771845
0.537069 0.753651 0.759709
0.529176 0.756625 0.740291
0.544462 0.755273 0.769417
0.519595 0.756084 0.745146
0.542094 0.761222 0.759709
0.538771 0.754732 0.764563
0.531264 0.753921 0.774272
0.528995 0.754462 0.779126
0.537141 0.758789 0.762136
0.551620 0.756625 0.759709
0.545958 0.754732 0.769417
0.540135 0.761222 0.757282
0.553501 0.755273 0.771845
0.540731 0.752299 0.769417
0.539323 0.753380 0.766990
0.538274 0.754732 0.769417
0.549823 0.755003 0.759709
0.515191 0.756084 0.776699
0.544976 0.751217 0.754854
0.545441 0.755273 0.762136
0.537914 0.752839 0.764563
0.530494 0.754732 0.771845
0.529070 0.753921 0.757282
0.566991 0.752028 0.750000
0.544836 0.756896 0.759709
0.531799 0.754462 0.766990
0.547608 0.755814 0.764563
0.544171 0.757166 0.762136
0.539614 0.752839 0.759709
0.546506 0.752299 0.759709
0.548835 0.753651 0.762136
0.556030 0.747972 0.766990
0.528334 0.752569 0.769417
0.542226 0.752569 0.757282
0.549745 0.755003 0.759709
0.544615 0.751758 0.764563
0.543159 0.753651 0.766990
0.530859 0.756625 0.766990
0.535040 0.756355 0.754854
0.541916 0.756625 0.766990
0.550399 0.754732 0.759709
0.525888 0.759329 0.762136
0.536041 0.753380 0.759709
0.523493 0.752839 0.764563
0.529119 0.760681 0.759709
0.537896 0.756355 0.759709
0.534909 0.754732 0.766990
0.543660 0.755814 0.754854
0.533805 0.751758 0.766990
0.542960 0.754462 0.759709
0.542824 0.755003 0.764563
0.540254 0.754191 0.757282
0.540027 0.761222 0.764563
3.564316 0.498378 0.500000
1.558399 0.545160 0.538835
1.339762 0.604651 0.635922
1.064731 0.566252 0.575243
0.961594 0.694429 0.723301
1.060264 0.647918 0.667476
0.965311 0.683072 0.706311
0.909646 0.662791 0.662621
0.963160 0.657923 0.667476
1.161155 0.641428 0.691748
0.839764 0.610059 0.633495
0.759344 0.519470 0.502427
0.749169 0.594916 0.606796
0.853499 0.621147 0.643204
0.649675 0.686858 0.713592
0.736831 0.646566 0.655340
0.743058 0.688751 0.706311
0.650065 0.643862 0.672330
0.729797 0.633856 0.689320
0.731211 0.654949 0.677184
0.664209 0.703353 0.725728
0.695588 0.662250 0.674757
0.691239 0.699567 0.723301
0.649828 0.667658 0.672330
0.686390 0.690373 0.703883
0.689482 0.687399 0.703883
0.661734 0.628177 0.640777
0.692085 0.684424 0.662621
0.725562 0.707139 0.750000
0.654694 0.695782 0.728155
0.644058 0.714440 0.745146
0.648033 0.649811 0.679612
0.623812 0.659005 0.672330
0.644793 0.706057 0.735437
0.605678 0.697674 0.716019
0.638300 0.679016 0.708738
0.631161 0.710925 0.735437
0.660111 0.668199 0.677184
0.654782 0.683072 0.706311
0.653523 0.700379 0.713592
0.652631 0.666306 0.682039
0.633872 0.685506 0.682039
0.612807 0.700108 0.703883
0.620327 0.707680 0.725728
0.598309 0.704705 0.696602
0.612715 0.641969 0.645631
0.641482 0.694700 0.706311
0.597857 0.708491 0.720874
0.627693 0.706869 0.747573
0.589667 0.680368 0.691748
0.606464 0.715522 0.750000
0.609216 0.683342 0.701456
0.623008 0.675771 0.694175
0.598457 0.613034 0.577670
0.596572 0.720119 0.757282
0.593529 0.686317 0.691748
0.603700 0.709843 0.750000
0.580492 0.697404 0.723301
0.594476 0.713629 0.740291
0.587027 0.609789 0.565534
0.599087 0.696052 0.694175
0.582959 0.709302 0.728155
0.609285 0.719037 0.737864
0.621320 0.691996 0.699029
0.619166 0.666036 0.677184
0.605002 0.713088 0.733010
0.600174 0.709302 0.725728
0.584537 0.717956 0.735437
0.587275 0.702812 0.728155
0.588298 0.694429 0.706311
0.575575 0.712818 0.737864
0.601343 0.711195 0.735437
0.584210 0.704976 0.728155
0.586185 0.710114 0.745146
0.602472 0.716874 0.742718
0.593469 0.707950 0.747573
0.596355 0.695241 0.699029
0.590484 0.707680 0.713592
0.588423 0.702271 0.713592
0.593199 0.708221 0.728155
0.586971 0.696593 0.696602
0.583481 0.716063 0.730583
0.578849 0.698486 0.720874
0.583285 0.671714 0.686893
0.591733 0.657923 0.660194
0.618137 0.667929 0.648058
0.594849 0.601677 0.601942
0.588025 0.719578 0.747573
0.595597 0.706598 0.718447
0.583252 0.703353 0.708738
0.632343 0.693077 0.686893
0.594910 0.674148 0.667476
0.599002 0.713629 0.730583
0.595528 0.714981 0.745146
0.579686 0.717685 0.723301
0.589110 0.710384 0.730583
0.588846 0.706057 0.706311
0.599172 0.637912 0.633495
0.599677 0.641157 0.623786
0.585829 0.689832 0.694175
0.620598 0.696593 0.691748
0.599621 0.723634 0.740291
0.590493 0.718496 0.747573
0.591212 0.720660 0.728155
0.592572 0.722553 0.735437
0.563930 0.715522 0.718447
0.574308 0.712277 0.720874
0.574668 0.719037 0.733010
0.590160 0.714711 0.723301
0.594723 0.717956 0.737864
0.581403 0.632234 0.623786
0.592263 0.722012 0.740291
0.594474 0.694700 0.696602
0.590047 0.722553 0.735437
0.570011 0.706057 0.703883
0.577133 0.726068 0.752427
0.576365 0.715792 0.716019
0.563294 0.721201 0.735437
0.575406 0.712818 0.725728
0.560661 0.732017 0.762136
0.575619 0.727691 0.750000
0.610122 0.720389 0.742718
0.591564 0.688210 0.691748
0.570925 0.700919 0.694175
0.581363 0.722282 0.750000
0.578807 0.711195 0.725728
0.577798 0.715522 0.725728
0.576275 0.714440 0.720874
0.573150 0.706598 0.699029
0.562514 0.719578 0.737864
0.578957 0.705516 0.735437
0.576847 0.728772 0.752427
0.577910 0.716874 0.728155
0.599142 0.719037 0.730583
0.581986 0.725257 0.740291
0.591893 0.719849 0.740291
0.569316 0.726339 0.757282
0.579533 0.728772 0.745146
0.589633 0.723364 0.733010
0.608541 0.724986 0.747573
0.581293 0.700649 0.699029
0.577384 0.722823 0.742718
0.581948 0.713629 0.716019
0.575748 0.704976 0.699029
0.581972 0.724716 0.754854
0.577242 0.727150 0.750000
0.558031 0.726339 0.747573
0.553503 0.724446 0.737864
0.586354 0.717685 0.740291
0.570700 0.719308 0.740291
0.587867 0.728772 0.752427
0.561513 0.723364 0.752427
0.575949 0.729584 0.759709
0.559394 0.708491 0.713592
0.573682 0.723634 0.728155
0.568664 0.718226 0.713592
0.579084 0.731747 0.759709
0.553243 0.713088 0.718447
0.563039 0.735803 0.754854
0.567467 0.702812 0.706311
0.578024 0.726339 0.750000
0.565988 0.726879 0.720874
0.555660 0.732288 0.750000
0.537124 0.719578 0.745146
0.565700 0.727961 0.750000
0.568821 0.729313 0.754854
0.576510 0.712547 0.730583
0.573286 0.732558 0.759709
0.574543 0.738237 0.752427
0.559457 0.694970 0.682039
0.558867 0.732017 0.725728
0.557578 0.713088 0.718447
0.557490 0.732829 0.747573
0.580435 0.731206 0.750000
0.574931 0.731476 0.754854
0.580601 0.732558 0.752427
0.566034 0.730395 0.733010
0.576390 0.716063 0.716019
0.554460 0.731206 0.737864
0.570331 0.730936 0.754854
0.571489 0.726068 0.728155
0.549113 0.732558 0.750000
0.556460 0.731747 0.740291
0.538699 0.715522 0.716019
0.568821 0.734451 0.754854
0.551215 0.729584 0.745146
0.554365 0.726068 0.725728
0.589266 0.727420 0.740291
0.554557 0.735533 0.750000
0.573772 0.734992 0.742718
0.548392 0.728231 0.745146
0.567843 0.730665 0.747573
0.562300 0.718767 0.706311
0.575064 0.686587 0.696602
0.562756 0.643591 0.638350
0.562223 0.730124 0.745146
0.580594 0.726068 0.754854
0.561030 0.732288 0.762136
0.562961 0.733099 0.757282
0.564246 0.735803 0.766990
0.547210 0.730936 0.764563
0.543509 0.720660 0.730583
0.571679 0.732017 0.759709
0.549043 0.737155 0.771845
0.548128 0.736885 0.766990
0.552123 0.729584 0.745146
0.574829 0.734992 0.766990
0.571910 0.734992 0.762136
0.555769 0.732017 0.759709
0.565324 0.736074 0.757282
0.558425 0.736344 0.774272
0.572991 0.733640 0.757282
0.556206 0.726068 0.752427
0.531075 0.730395 0.737864
0.575897 0.738778 0.757282
0.542130 0.734721 0.757282
0.517502 0.736885 0.750000
0.541801 0.737696 0.754854
0.562113 0.732288 0.745146
0.574304 0.715792 0.723301
0.558938 0.733099 0.750000
0.552465 0.733099 0.759709
0.551163 0.736344 0.762136
0.550994 0.740130 0.759709
0.574783 0.733369 0.762136
0.534992 0.733910 0.750000
0.541614 0.735803 0.750000
0.541521 0.724446 0.711165
0.552716 0.728231 0.745146
0.537046 0.734992 0.757282
0.533853 0.742293 0.752427
0.566406 0.737696 0.742718
0.545649 0.739048 0.766990
0.560643 0.731747 0.747573
0.545071 0.736614 0.769417
0.576289 0.732017 0.745146
0.555801 0.739589 0.754854
0.571619 0.730395 0.737864
0.570279 0.736885 0.747573
0.562957 0.730936 0.733010
0.556576 0.709302 0.703883
0.556400 0.727961 0.733010
0.572250 0.744186 0.754854
0.545446 0.731206 0.737864
0.563995 0.739319 0.762136
0.547823 0.727420 0.737864
0.542401 0.732288 0.754854
0.569218 0.718767 0.703883
0.553990 0.739319 0.769417
0.594045 0.742834 0.757282
0.544511 0.743104 0.762136
0.539636 0.744186 0.762136
0.554396 0.742834 0.757282
0.537942 0.734721 0.747573
0.535883 0.742293 0.750000
0.549137 0.741211 0.754854
0.549054 0.738507 0.752427
0.546454 0.743375 0.757282
0.550772 0.744456 0.764563
0.567310 0.739589 0.752427
0.547237 0.743916 0.754854
0.550178 0.741482 0.754854
0.534971 0.741482 0.757282
0.542160 0.740671 0.745146
0.542123 0.746079 0.752427
0.534432 0.747161 0.764563
0.575520 0.737966 0.747573
0.551968 0.744456 0.757282
0.563360 0.741482 0.757282
0.549342 0.742834 0.754854
0.539595 0.739589 0.759709
0.551838 0.744186 0.766990
0.540378 0.746349 0.769417
0.540944 0.743375 0.759709
0.529959 0.745268 0.757282
0.532164 0.736614 0.754854
0.535233 0.746890 0.759709
0.526812 0.744186 0.750000
0.552286 0.750676 0.771845
0.554560 0.747431 0.774272
0.551657 0.742834 0.747573
0.562472 0.750406 0.750000
0.531660 0.746620 0.757282
0.555591 0.745538 0.762136
0.527170 0.744727 0.757282
0.536006 0.743375 0.766990
0.542484 0.745538 0.764563
0.532777 0.746079 0.762136
0.555180 0.731747 0.737864
0.549063 0.750406 0.754854
0.555348 0.752839 0.762136
0.569912 0.754732 0.769417
0.554838 0.748242 0.754854
0.529146 0.746890 0.766990
0.526973 0.749865 0.762136
0.562191 0.752569 0.766990
0.551939 0.756084 0.774272
0.547672 0.749054 0.766990
0.542866 0.749594 0.754854
0.544919 0.752839 0.771845
0.528210 0.749594 0.759709
0.547259 0.754732 0.757282
0.546936 0.755003 0.781553
0.535977 0.749865 0.762136
0.550750 0.746349 0.762136
0.543776 0.754191 0.762136
0.557302 0.754191 0.766990
0.548630 0.752028 0.766990
0.543396 0.749054 0.762136
0.556653 0.754732 0.771845
0.554786 0.750946 0.762136
0.545520 0.752028 0.769417
0.549923 0.750946 0.759709
0.554871 0.754462 0.771845
0.516618 0.753380 0.766990
0.549586 0.751487 0.764563
0.553416 0.749324 0.757282
0.553244 0.743916 0.764563
0.536099 0.754191 0.766990
0.541033 0.748513 0.762136
0.577572 0.746890 0.737864
0.557586 0.749865 0.759709
0.540481 0.749865 0.766990
0.557065 0.750676 0.759709
0.554132 0.749594 0.764563
0.559449 0.753921 0.757282
0.557246 0.753651 0.766990
0.560066 0.748242 0.759709
0.569421 0.752299 0.766990
0.530538 0.752569 0.764563
0.554729 0.747161 0.762136
0.547074 0.749324 0.764563
0.548797 0.752839 0.757282
0.556588 0.752299 0.769417
0.541833 0.752839 0.769417
0.537486 0.753380 0.766990
0.558613 0.756084 0.769417
0.566679 0.752299 0.769417
0.534922 0.746079 0.766990
0.542083 0.751758 0.766990
0.530801 0.744186 0.766990
0.539222 0.752028 0.769417
0.543097 0.754462 0.771845
0.549429 0.750406 0.757282
0.552593 0.754462 0.759709
0.544345 0.751217 0.771845
0.558315 0.752299 0.759709
0.552680 0.752299 0.762136
0.550948 0.752839 0.769417
0.547808 0.751487 0.771845
