7.146521 0.507572 0.504854
4.027449 0.563007 0.570388
2.971651 0.673337 0.684466
2.517311 0.590049 0.563107
2.070329 0.637912 0.645631
1.886851 0.660087 0.691748
1.333115 0.610600 0.592233
1.268860 0.669822 0.701456
1.620192 0.647377 0.667476
1.401433 0.692537 0.740291
1.109548 0.576528 0.572816
0.807810 0.709032 0.735437
0.861235 0.662250 0.684466
1.058583 0.676852 0.706311
0.768634 0.678475 0.696602
0.821890 0.680638 0.699029
1.016074 0.703894 0.745146
0.754464 0.703624 0.723301
0.795009 0.564089 0.531553
0.700905 0.677664 0.694175
0.739615 0.705787 0.728155
0.635917 0.732288 0.740291
0.672122 0.731747 0.754854
0.651826 0.690373 0.703883
0.657952 0.734721 0.759709
0.667258 0.697404 0.689320
0.658240 0.630611 0.618932
0.658826 0.707409 0.718447
0.654948 0.728502 0.759709
0.617884 0.722282 0.750000
0.591411 0.731476 0.752427
0.558465 0.652244 0.655340
0.606026 0.687128 0.686893
0.620401 0.736885 0.754854
0.561157 0.738237 0.752427
0.593015 0.737696 0.747573
0.589589 0.721201 0.733010
0.614981 0.707409 0.706311
0.586865 0.739589 0.759709
0.617055 0.711466 0.713592
0.602669 0.689832 0.686893
0.589569 0.716874 0.718447
0.596261 0.721201 0.757282
0.580275 0.720930 0.735437
0.568563 0.697404 0.689320
0.587819 0.723364 0.733010
0.639589 0.734992 0.750000
0.553195 0.752028 0.774272
0.573732 0.726068 0.713592
0.540015 0.755544 0.788835
0.558810 0.748242 0.745146
0.556581 0.753110 0.769417
0.545879 0.743104 0.774272
0.548710 0.733910 0.720874
0.529687 0.753921 0.776699
0.538003 0.725257 0.740291
0.543731 0.750135 0.769417
0.519202 0.752839 0.762136
0.542049 0.759600 0.764563
0.528876 0.723905 0.708738
0.523667 0.756625 0.742718
0.520122 0.762034 0.757282
0.526511 0.766901 0.757282
0.548561 0.754732 0.759709
0.549379 0.720389 0.725728
0.550596 0.748783 0.754854
0.537514 0.769876 0.776699
0.531656 0.753921 0.750000
0.531552 0.770416 0.769417
0.538687 0.742023 0.745146
0.508241 0.768524 0.774272
0.547884 0.769876 0.786408
0.522641 0.758789 0.769417
0.522968 0.748242 0.752427
0.552113 0.766360 0.764563
0.530511 0.769605 0.771845
0.561849 0.763386 0.771845
0.524212 0.762845 0.764563
0.529395 0.782585 0.783981
0.517925 0.779881 0.776699
0.542834 0.763926 0.764563
0.517526 0.780692 0.766990
0.519343 0.757436 0.750000
0.519540 0.772580 0.764563
0.519324 0.739589 0.728155
0.546506 0.756896 0.742718
0.518874 0.739048 0.733010
0.531584 0.760411 0.752427
0.525292 0.766901 0.766990
0.527674 0.770687 0.774272
0.554587 0.776906 0.742718
0.519991 0.766360 0.759709
0.521068 0.786641 0.769417
0.518447 0.785830 0.769417
0.506838 0.779611 0.769417
0.519042 0.769605 0.781553
0.529234 0.778259 0.786408
0.513038 0.758248 0.754854
0.513140 0.791509 0.771845
0.483096 0.785830 0.774272
0.535323 0.796376 0.786408
0.491909 0.805841 0.791262
0.494267 0.799621 0.781553
0.492212 0.807734 0.779126
0.505374 0.790968 0.762136
0.481434 0.799351 0.776699
0.473641 0.808275 0.796117
0.489798 0.803678 0.805825
0.516667 0.804759 0.764563
0.501434 0.806652 0.791262
0.510259 0.775284 0.771845
0.484047 0.810438 0.793689
0.481319 0.805030 0.800971
0.478848 0.802326 0.800971
0.481957 0.806382 0.800971
0.476649 0.796647 0.805825
0.481877 0.808545 0.800971
0.471691 0.807734 0.800971
0.473146 0.809086 0.783981
0.455560 0.806382 0.791262
0.467745 0.809897 0.781553
0.509179 0.804218 0.810680
0.479882 0.806111 0.781553
0.458507 0.808275 0.798544
0.447898 0.813413 0.783981
0.494121 0.819903 0.796117
0.469455 0.814765 0.813107
0.470275 0.808004 0.781553
0.498399 0.816928 0.803398
0.462315 0.800433 0.771845
0.470768 0.810979 0.803398
0.476431 0.822336 0.805825
0.479933 0.818551 0.810680
0.479662 0.809356 0.786408
0.472123 0.813142 0.791262
0.488228 0.818551 0.810680
0.463507 0.814224 0.786408
0.456169 0.821796 0.798544
0.482491 0.819091 0.781553
0.495570 0.813142 0.783981
0.466907 0.801514 0.764563
0.481867 0.810168 0.786408
0.473944 0.821525 0.796117
0.437731 0.819632 0.788835
0.471890 0.822607 0.788835
0.463727 0.820443 0.793689
0.450191 0.818821 0.788835
0.433639 0.823959 0.810680
0.466921 0.823959 0.810680
0.438784 0.832071 0.783981
0.470235 0.834235 0.783981
0.429424 0.830178 0.800971
0.421981 0.832612 0.817961
0.444820 0.828556 0.803398
0.450573 0.824500 0.788835
0.425893 0.829908 0.798544
0.436919 0.831260 0.808252
0.416429 0.821796 0.805825
0.431420 0.839102 0.813107
0.447861 0.820173 0.793689
0.421405 0.832342 0.805825
0.417317 0.836939 0.808252
0.443694 0.838832 0.817961
0.402494 0.826122 0.820388
0.413079 0.832342 0.798544
0.436217 0.836128 0.805825
0.445386 0.836939 0.783981
0.453131 0.834776 0.800971
0.429419 0.839913 0.808252
0.432181 0.837480 0.803398
0.432020 0.833694 0.803398
0.425368 0.835587 0.815534
0.424382 0.843429 0.810680
0.441579 0.843429 0.803398
0.396844 0.841266 0.791262
0.420601 0.832883 0.796117
0.419007 0.846133 0.798544
0.442835 0.844240 0.820388
0.406017 0.845863 0.793689
0.422612 0.843970 0.815534
0.400766 0.837480 0.800971
0.389129 0.848567 0.796117
0.427276 0.838291 0.800971
0.401401 0.839643 0.805825
0.462181 0.837209 0.791262
0.399644 0.848567 0.800971
0.446725 0.850189 0.796117
0.423694 0.832883 0.796117
0.405110 0.843158 0.791262
0.448771 0.841806 0.793689
0.426005 0.840725 0.810680
0.421190 0.851812 0.788835
0.416262 0.844511 0.800971
0.410591 0.847215 0.793689
0.406407 0.836398 0.805825
0.407740 0.839373 0.805825
0.427453 0.844781 0.820388
0.395533 0.845863 0.796117
0.393751 0.848837 0.815534
0.402394 0.853975 0.805825
0.402193 0.849648 0.813107
0.371356 0.856138 0.810680
0.358449 0.846133 0.803398
0.387887 0.853975 0.791262
0.372452 0.858031 0.803398
0.417530 0.857220 0.813107
0.413799 0.851001 0.813107
0.406589 0.852623 0.803398
0.402456 0.853434 0.832524
0.395431 0.859383 0.815534
0.376219 0.861547 0.813107
0.416449 0.853164 0.798544
0.398414 0.857220 0.796117
0.368905 0.854786 0.803398
0.412007 0.860195 0.813107
0.393272 0.864251 0.817961
0.349345 0.863440 0.810680
0.393634 0.860195 0.810680
0.409567 0.856138 0.810680
0.405660 0.855598 0.817961
0.395789 0.855598 0.808252
0.410680 0.864251 0.815534
0.371701 0.862358 0.817961
0.378331 0.863710 0.822816
0.408570 0.863440 0.815534
0.386770 0.862628 0.832524
0.376577 0.861817 0.822816
0.372377 0.860465 0.832524
0.368065 0.864251 0.822816
0.360541 0.859654 0.830097
0.342418 0.860195 0.817961
0.382462 0.858302 0.825243
0.379976 0.861006 0.830097
0.384599 0.856679 0.810680
0.360832 0.861817 0.815534
0.382258 0.867766 0.813107
0.391974 0.869930 0.800971
0.392361 0.867226 0.810680
0.380626 0.865603 0.805825
0.385263 0.868848 0.815534
0.386486 0.862088 0.815534
0.391532 0.859383 0.800971
0.363542 0.869930 0.830097
0.355610 0.870200 0.827670
0.365759 0.867766 0.815534
0.374325 0.869118 0.830097
0.367081 0.864521 0.830097
0.375371 0.865333 0.817961
0.368077 0.868848 0.805825
0.380466 0.869659 0.820388
0.364372 0.870741 0.805825
0.373906 0.870471 0.820388
0.392099 0.869930 0.830097
0.360357 0.869930 0.820388
0.350322 0.872634 0.820388
0.360653 0.871011 0.817961
0.350725 0.872363 0.817961
0.377887 0.873175 0.820388
0.350009 0.871823 0.820388
0.362395 0.869659 0.817961
0.339682 0.879935 0.822816
0.354461 0.874527 0.822816
0.368110 0.875068 0.810680
0.328811 0.872363 0.803398
0.340387 0.875068 0.810680
0.331758 0.872634 0.803398
0.349255 0.872634 0.810680
0.363978 0.875608 0.815534
0.368266 0.876961 0.815534
0.373050 0.879124 0.815534
0.363718 0.875338 0.832524
0.364567 0.878042 0.822816
0.360045 0.876961 0.805825
0.350772 0.878042 0.830097
0.350135 0.878313 0.815534
0.342983 0.876420 0.832524
0.330757 0.882369 0.827670
0.333175 0.880476 0.825243
0.332803 0.882639 0.825243
0.360660 0.878313 0.825243
0.355135 0.878853 0.839806
0.360668 0.884262 0.830097
0.345173 0.882098 0.820388
0.363393 0.878042 0.815534
0.341714 0.880206 0.827670
0.324325 0.879124 0.830097
0.342277 0.876420 0.832524
0.369354 0.878313 0.817961
0.365811 0.876149 0.822816
0.346640 0.879394 0.810680
0.335473 0.877501 0.813107
0.357185 0.877231 0.815534
0.361325 0.878583 0.820388
0.334956 0.878042 0.822816
0.340758 0.880476 0.808252
0.352212 0.879935 0.810680
0.354775 0.878583 0.825243
0.357931 0.881017 0.820388
0.353887 0.876690 0.808252
0.338065 0.883180 0.825243
0.363697 0.878583 0.825243
0.324649 0.876961 0.810680
0.339624 0.883721 0.808252
0.356821 0.883451 0.820388
0.340528 0.877501 0.822816
0.378634 0.880206 0.817961
0.362186 0.879394 0.810680
0.353126 0.884803 0.827670
0.354314 0.879394 0.825243
0.350874 0.884532 0.825243
0.355519 0.883721 0.820388
0.308152 0.882910 0.822816
0.334037 0.881017 0.820388
0.362631 0.882910 0.813107
0.321141 0.885884 0.820388
0.311410 0.885343 0.830097
0.335932 0.882639 0.820388
0.345773 0.883451 0.830097
0.334612 0.883721 0.830097
0.351237 0.885073 0.832524
0.380554 0.882369 0.830097
0.363590 0.885614 0.820388
0.329398 0.886966 0.820388
0.348814 0.882639 0.815534
0.328159 0.884262 0.815534
0.330764 0.887236 0.825243
0.344219 0.884532 0.817961
0.348816 0.884803 0.825243
0.351261 0.887777 0.827670
0.332036 0.882098 0.813107
0.361847 0.887507 0.827670
0.324911 0.883721 0.822816
0.329613 0.885884 0.822816
0.335667 0.885614 0.817961
0.317053 0.884803 0.815534
0.362978 0.880746 0.822816
0.334221 0.886966 0.817961
0.334336 0.883721 0.825243
0.329085 0.887777 0.827670
0.332637 0.885884 0.827670
0.320894 0.886696 0.832524
0.328958 0.888318 0.825243
0.336718 0.886155 0.817961
0.337793 0.886966 0.832524
0.329888 0.889670 0.822816
0.340052 0.889941 0.825243
0.332438 0.889129 0.830097
0.340374 0.889670 0.832524
0.347077 0.887507 0.822816
0.318559 0.886155 0.830097
