4.416321 0.584911 0.609223
1.468429 0.637372 0.643204
1.408547 0.570579 0.546117
1.192149 0.651433 0.652913
1.046495 0.691184 0.703883
1.190418 0.611141 0.601942
1.069854 0.670092 0.682039
0.829771 0.670092 0.677184
0.911128 0.666577 0.662621
1.406497 0.590049 0.589806
0.922373 0.657112 0.701456
0.924768 0.607355 0.584951
0.895165 0.567063 0.587379
0.961857 0.674959 0.686893
0.704238 0.668199 0.679612
0.725871 0.613575 0.645631
0.780974 0.692807 0.701456
0.740114 0.704705 0.708738
0.747274 0.671444 0.694175
0.744285 0.605462 0.587379
0.715942 0.709032 0.737864
0.674954 0.692266 0.706311
0.724703 0.710925 0.745146
0.757444 0.656301 0.672330
0.765330 0.711466 0.728155
0.707307 0.689832 0.708738
0.674285 0.654678 0.643204
0.709107 0.579232 0.567961
0.869964 0.630882 0.635922
0.681891 0.672255 0.713592
0.681040 0.700379 0.708738
0.628387 0.659005 0.648058
0.632521 0.665224 0.686893
0.622361 0.691996 0.716019
0.593560 0.691725 0.701456
0.643987 0.684965 0.713592
0.657057 0.710384 0.730583
0.650130 0.695241 0.691748
0.631579 0.696863 0.706311
0.681824 0.703083 0.730583
0.677942 0.674419 0.689320
0.648427 0.714711 0.742718
0.626822 0.641698 0.660194
0.631981 0.702271 0.723301
0.631766 0.656571 0.660194
0.613295 0.703353 0.713592
0.632089 0.677664 0.694175
0.589582 0.722553 0.737864
0.612682 0.681179 0.677184
0.586521 0.713629 0.725728
0.596552 0.725257 0.742718
0.596353 0.730936 0.745146
0.601212 0.703894 0.723301
0.585366 0.716874 0.737864
0.579807 0.721741 0.745146
0.589666 0.719308 0.742718
0.590634 0.716874 0.725728
0.564632 0.713088 0.737864
0.586975 0.713359 0.735437
0.577995 0.660087 0.643204
0.589818 0.713088 0.716019
0.579805 0.706598 0.706311
0.588362 0.722282 0.737864
0.595830 0.718496 0.730583
0.594101 0.718226 0.713592
0.596564 0.719849 0.711165
0.587929 0.710384 0.706311
0.571172 0.713088 0.713592
0.567113 0.724175 0.720874
0.582737 0.709843 0.730583
0.574353 0.723364 0.752427
0.599558 0.713629 0.723301
0.579374 0.719849 0.742718
0.574145 0.712818 0.725728
0.586504 0.729043 0.752427
0.585949 0.729854 0.723301
0.596627 0.723634 0.754854
0.578267 0.708491 0.706311
0.583204 0.723364 0.728155
0.572480 0.722012 0.735437
0.584842 0.720119 0.737864
0.575827 0.720930 0.752427
0.559718 0.723364 0.708738
0.572860 0.683613 0.674757
0.592919 0.694429 0.703883
0.598723 0.727691 0.728155
0.580321 0.695241 0.706311
0.575973 0.724986 0.740291
0.576349 0.717415 0.716019
0.571867 0.689021 0.699029
0.613893 0.706057 0.696602
0.566526 0.710384 0.713592
0.582457 0.721471 0.747573
0.581011 0.721741 0.740291
0.566380 0.722282 0.716019
0.570071 0.721741 0.737864
0.583104 0.713088 0.716019
0.586095 0.715251 0.703883
0.582680 0.724986 0.752427
0.568930 0.720119 0.718447
0.610178 0.724986 0.728155
0.587403 0.737155 0.754854
0.565302 0.732288 0.747573
0.579119 0.727420 0.730583
0.578750 0.716874 0.728155
0.545728 0.730936 0.723301
0.557663 0.736344 0.754854
0.565791 0.732829 0.735437
0.578076 0.729313 0.737864
0.582901 0.730936 0.733010
0.570225 0.685506 0.686893
0.575721 0.742023 0.750000
0.585242 0.729584 0.742718
0.569057 0.735803 0.735437
0.558654 0.733099 0.730583
0.547370 0.728231 0.740291
0.558146 0.736074 0.730583
0.543751 0.740130 0.750000
0.562090 0.725257 0.725728
0.550949 0.739589 0.754854
0.559195 0.739319 0.740291
0.585688 0.741211 0.740291
0.562194 0.736344 0.745146
0.551954 0.745809 0.745146
0.554773 0.735533 0.742718
0.570307 0.735262 0.740291
0.559914 0.738237 0.737864
0.564547 0.729584 0.742718
0.554298 0.734721 0.740291
0.539259 0.739048 0.750000
0.560966 0.708491 0.718447
0.564086 0.736614 0.750000
0.551660 0.739859 0.742718
0.581287 0.730395 0.752427
0.563508 0.729043 0.740291
0.582555 0.716604 0.720874
0.566225 0.727961 0.725728
0.562310 0.742834 0.737864
0.576795 0.724986 0.737864
0.584683 0.742023 0.759709
0.555471 0.722012 0.699029
0.549524 0.718496 0.708738
0.564671 0.735533 0.740291
0.560253 0.732288 0.737864
0.552987 0.747431 0.752427
0.558064 0.742293 0.750000
0.535848 0.741211 0.754854
0.540077 0.738507 0.764563
0.562388 0.704164 0.701456
0.552748 0.741752 0.764563
0.567067 0.747701 0.747573
0.539611 0.746620 0.759709
0.543199 0.750676 0.735437
0.548192 0.740130 0.737864
0.557936 0.735533 0.740291
0.540071 0.748242 0.740291
0.554025 0.754191 0.754854
0.530299 0.741211 0.750000
0.546920 0.756625 0.764563
0.558864 0.734451 0.733010
0.555957 0.738507 0.735437
0.541397 0.750406 0.750000
0.542139 0.750946 0.750000
0.517102 0.747701 0.766990
0.541557 0.766090 0.764563
0.551749 0.737966 0.740291
0.548379 0.749324 0.737864
0.540027 0.732288 0.723301
0.539823 0.763656 0.759709
0.542300 0.737696 0.735437
0.533846 0.763386 0.752427
0.535867 0.755003 0.757282
0.534211 0.760952 0.774272
0.558600 0.756896 0.762136
0.534221 0.767442 0.757282
0.534541 0.727691 0.716019
0.532581 0.744186 0.737864
0.546910 0.738237 0.728155
0.538871 0.757707 0.750000
0.542854 0.759329 0.754854
0.530334 0.754732 0.776699
0.510682 0.772850 0.771845
0.538457 0.751758 0.740291
0.516629 0.770957 0.754854
0.533169 0.757977 0.750000
0.523675 0.754191 0.762136
0.521904 0.760952 0.766990
0.544312 0.767983 0.771845
0.529520 0.772039 0.764563
0.547436 0.759870 0.759709
0.518458 0.761763 0.769417
0.542056 0.762304 0.776699
0.538540 0.766631 0.771845
0.534285 0.769335 0.762136
0.528665 0.735262 0.723301
0.523561 0.767712 0.764563
0.537706 0.760411 0.752427
0.521713 0.756625 0.774272
0.532772 0.759329 0.769417
0.528153 0.776366 0.776699
0.522779 0.776636 0.771845
0.512621 0.770957 0.774272
0.524554 0.764467 0.774272
0.508908 0.774202 0.766990
0.508460 0.770687 0.783981
0.530255 0.765549 0.769417
0.528080 0.771228 0.759709
0.533138 0.775284 0.771845
0.523430 0.778799 0.783981
0.524995 0.777718 0.774272
0.517460 0.767442 0.774272
0.542631 0.779070 0.781553
0.527610 0.777447 0.759709
0.491780 0.779340 0.786408
0.528671 0.777177 0.762136
0.517819 0.776366 0.781553
0.461018 0.784208 0.793689
0.524188 0.780151 0.779126
0.517691 0.775554 0.762136
0.540377 0.776906 0.762136
0.524266 0.776095 0.771845
0.518898 0.775554 0.762136
0.513063 0.769605 0.798544
0.505533 0.785289 0.791262
0.539099 0.783126 0.793689
0.513187 0.767712 0.776699
0.495964 0.778529 0.769417
0.512324 0.763926 0.762136
0.501119 0.778529 0.771845
0.490676 0.784208 0.781553
0.486036 0.782585 0.779126
0.507689 0.783667 0.774272
0.506962 0.779611 0.786408
0.515442 0.779340 0.796117
0.500993 0.781504 0.800971
0.531961 0.769335 0.776699
0.530926 0.768253 0.764563
0.529289 0.783667 0.774272
0.517381 0.784749 0.781553
0.530801 0.776366 0.776699
0.528615 0.772309 0.771845
0.527320 0.775014 0.786408
0.518792 0.774202 0.781553
0.511337 0.771498 0.762136
0.515773 0.781504 0.776699
0.494839 0.780692 0.779126
0.490327 0.782315 0.793689
0.524302 0.779340 0.774272
0.523481 0.783937 0.793689
0.546192 0.785830 0.771845
0.502410 0.782585 0.776699
0.498460 0.786371 0.781553
0.515480 0.785289 0.791262
0.490761 0.783937 0.781553
0.484700 0.782856 0.786408
0.498793 0.784749 0.771845
0.510101 0.788534 0.791262
0.516781 0.783396 0.779126
0.503914 0.786101 0.791262
0.519872 0.787182 0.786408
0.497875 0.780151 0.781553
0.495768 0.784208 0.779126
0.508641 0.782044 0.771845
0.488987 0.785830 0.788835
0.486767 0.781233 0.805825
0.493553 0.785289 0.788835
0.519236 0.777177 0.791262
0.495707 0.786912 0.798544
0.507832 0.781774 0.786408
0.502692 0.778799 0.786408
0.497070 0.779070 0.774272
0.518701 0.788264 0.803398
0.500813 0.789075 0.783981
0.501702 0.782044 0.783981
0.480341 0.783667 0.776699
0.490610 0.787453 0.776699
0.490491 0.788534 0.781553
0.469749 0.785830 0.783981
0.493120 0.788805 0.788835
0.507056 0.787723 0.788835
0.506184 0.788534 0.796117
0.522685 0.787723 0.783981
0.487338 0.787723 0.781553
0.510842 0.782585 0.771845
0.481653 0.784749 0.791262
0.475501 0.790157 0.779126
0.493555 0.786641 0.791262
0.490022 0.784478 0.788835
0.506310 0.787723 0.774272
0.495923 0.788264 0.783981
0.501349 0.789075 0.774272
0.517187 0.787994 0.788835
0.515179 0.788805 0.783981
0.471956 0.783667 0.791262
0.479947 0.786912 0.779126
0.520380 0.788805 0.779126
0.493545 0.785289 0.766990
0.513999 0.793402 0.783981
0.499010 0.791509 0.786408
0.513841 0.791509 0.791262
0.477101 0.793943 0.793689
0.506399 0.785289 0.774272
0.500541 0.790157 0.781553
0.497185 0.790427 0.791262
0.499156 0.794754 0.781553
0.487578 0.792591 0.781553
0.505891 0.793672 0.783981
0.527090 0.790968 0.786408
0.504637 0.795024 0.781553
0.511761 0.788534 0.779126
0.508280 0.791239 0.781553
0.497638 0.793402 0.776699
0.493234 0.790698 0.781553
0.511282 0.793943 0.779126
0.485663 0.795024 0.774272
0.498526 0.793672 0.786408
0.501141 0.792591 0.776699
0.491979 0.791509 0.791262
0.491753 0.795024 0.776699
0.498054 0.790698 0.786408
0.525574 0.793672 0.786408
0.505043 0.788805 0.781553
0.482280 0.792861 0.776699
0.504626 0.793402 0.788835
0.490555 0.790968 0.781553
0.518848 0.793672 0.791262
0.504466 0.791779 0.783981
0.507187 0.791509 0.781553
0.510141 0.792320 0.783981
0.487795 0.792861 0.783981
0.504438 0.792591 0.781553
0.500125 0.795024 0.788835
0.506529 0.792861 0.786408
0.502356 0.795565 0.791262
0.483359 0.790968 0.781553
0.490444 0.789616 0.786408
0.499099 0.785830 0.786408
0.505621 0.795024 0.781553
0.478009 0.793402 0.783981
0.493749 0.791509 0.769417
0.487379 0.790968 0.779126
0.491468 0.796376 0.771845
0.505216 0.796376 0.781553
0.507070 0.795024 0.783981
0.494262 0.793131 0.783981
0.505398 0.794484 0.776699
0.501740 0.793672 0.779126
0.507060 0.793402 0.786408
0.497510 0.792861 0.791262
0.497961 0.787453 0.779126
3.886672 0.588697 0.635922
1.220225 0.569227 0.563107
1.165867 0.658194 0.686893
0.937691 0.650352 0.682039
0.814769 0.696863 0.718447
0.884573 0.696593 0.713592
0.845378 0.678475 0.711165
0.734071 0.654408 0.672330
0.832604 0.599513 0.599515
0.932768 0.679016 0.684466
0.704820 0.696052 0.730583
0.708754 0.703083 0.708738
0.760022 0.633856 0.655340
0.778110 0.695241 0.713592
0.670897 0.707139 0.716019
0.696061 0.688751 0.701456
0.747494 0.684694 0.725728
0.684155 0.690373 0.689320
0.764347 0.647918 0.631068
0.744995 0.657382 0.648058
0.715413 0.680368 0.713592
0.691701 0.699297 0.713592
0.688913 0.688751 0.728155
0.617031 0.685506 0.701456
0.721124 0.696052 0.723301
0.693396 0.561114 0.536408
0.679522 0.654408 0.672330
0.667862 0.698756 0.708738
0.716100 0.683883 0.706311
0.682521 0.691455 0.720874
0.626670 0.719037 0.730583
0.593451 0.717956 0.730583
0.629089 0.628448 0.650485
0.619757 0.710114 0.747573
0.588012 0.707680 0.725728
0.635974 0.677664 0.713592
0.648159 0.706598 0.737864
0.646509 0.703624 0.694175
0.621422 0.696322 0.706311
0.655396 0.702542 0.730583
0.655715 0.693889 0.708738
0.636654 0.704435 0.720874
0.627229 0.643862 0.643204
0.615989 0.687939 0.708738
0.616154 0.628989 0.648058
0.601469 0.668199 0.691748
0.630066 0.705516 0.716019
0.585770 0.720119 0.742718
0.611236 0.679827 0.682039
0.597235 0.707950 0.706311
0.591720 0.721471 0.745146
0.591936 0.722282 0.742718
0.599972 0.718226 0.735437
0.580316 0.714440 0.723301
0.583961 0.721471 0.745146
0.588345 0.719037 0.733010
0.589787 0.718226 0.745146
0.560772 0.718226 0.720874
0.580885 0.725798 0.745146
0.579577 0.707680 0.713592
0.582381 0.708221 0.713592
0.561483 0.723634 0.716019
0.595445 0.722282 0.740291
0.590249 0.711195 0.725728
0.605534 0.720119 0.730583
0.588608 0.729854 0.757282
0.585687 0.729043 0.752427
0.578423 0.727420 0.723301
0.572596 0.727150 0.737864
0.573633 0.713088 0.733010
0.572668 0.712277 0.728155
0.585134 0.710114 0.737864
0.568677 0.730936 0.762136
0.573998 0.700379 0.694175
0.582927 0.726879 0.752427
0.573429 0.678745 0.696602
0.593213 0.719849 0.752427
0.578594 0.721741 0.718447
0.589549 0.733369 0.750000
0.573014 0.699027 0.706311
0.582365 0.731206 0.730583
0.568169 0.722823 0.718447
0.553584 0.692807 0.694175
0.578603 0.719578 0.716019
0.590012 0.669551 0.665049
0.598715 0.676852 0.667476
0.581983 0.704435 0.713592
0.575910 0.728772 0.740291
0.570529 0.725527 0.740291
0.574336 0.706057 0.708738
0.599704 0.707139 0.703883
0.571307 0.716063 0.733010
0.576554 0.704164 0.718447
0.577337 0.723634 0.733010
0.555059 0.735533 0.740291
0.561380 0.713899 0.728155
0.579653 0.693348 0.694175
0.579496 0.705516 0.716019
0.569731 0.729854 0.750000
0.551230 0.729313 0.725728
0.602411 0.728772 0.742718
0.578863 0.715251 0.706311
0.566176 0.724716 0.752427
0.568791 0.727691 0.745146
0.575983 0.710654 0.720874
0.542319 0.727961 0.757282
0.552723 0.735533 0.752427
0.547340 0.730395 0.725728
0.574591 0.746079 0.757282
0.572256 0.713899 0.725728
0.559832 0.707680 0.701456
0.559161 0.746620 0.750000
0.574316 0.722012 0.737864
0.571598 0.721741 0.737864
0.553875 0.740400 0.779126
0.544920 0.713899 0.718447
0.554602 0.737966 0.759709
0.539734 0.740400 0.771845
0.562493 0.746620 0.766990
0.539553 0.750946 0.769417
0.561864 0.739859 0.759709
0.588020 0.747431 0.752427
0.559652 0.587345 0.548544
0.540528 0.744727 0.757282
0.552902 0.753380 0.771845
0.570667 0.744456 0.766990
0.555584 0.741752 0.750000
0.562304 0.737966 0.757282
0.547987 0.749594 0.783981
0.532687 0.746079 0.786408
0.563998 0.687128 0.686893
0.562514 0.750135 0.774272
0.545943 0.753110 0.781553
0.577342 0.740671 0.757282
0.561656 0.742023 0.745146
0.575620 0.726068 0.723301
0.561863 0.728502 0.750000
0.553420 0.736344 0.762136
0.576803 0.746349 0.769417
0.582722 0.746620 0.779126
0.556295 0.732288 0.723301
0.552934 0.742293 0.769417
0.562139 0.740941 0.759709
0.548257 0.744727 0.781553
0.549219 0.730395 0.733010
0.551113 0.739048 0.740291
0.523683 0.747972 0.769417
0.540526 0.740400 0.774272
0.551286 0.744456 0.766990
0.545645 0.747161 0.774272
0.563880 0.751217 0.742718
0.549108 0.748513 0.776699
0.542094 0.733640 0.711165
0.541023 0.734181 0.750000
0.551834 0.749324 0.779126
0.542029 0.750946 0.779126
0.557259 0.753380 0.769417
0.525313 0.731206 0.728155
0.546682 0.747701 0.771845
0.556989 0.740400 0.750000
0.551806 0.759329 0.776699
0.542414 0.744456 0.737864
0.538851 0.756896 0.783981
0.501818 0.752028 0.766990
0.533202 0.754462 0.783981
0.562206 0.749324 0.783981
0.558363 0.755273 0.783981
0.542371 0.751487 0.779126
0.550020 0.757436 0.779126
0.530310 0.727691 0.725728
0.527979 0.759600 0.788835
0.534844 0.745268 0.757282
0.526038 0.765008 0.779126
0.556286 0.754732 0.769417
0.536724 0.767983 0.793689
0.544442 0.761222 0.798544
0.529398 0.760411 0.788835
0.556804 0.747972 0.742718
0.538679 0.759329 0.774272
0.539766 0.763115 0.774272
0.535985 0.748513 0.742718
0.521439 0.767171 0.783981
0.531516 0.763115 0.781553
0.514886 0.759059 0.781553
0.542930 0.751487 0.781553
0.531818 0.759870 0.766990
0.523639 0.754191 0.769417
0.551003 0.756625 0.766990
0.525825 0.754732 0.769417
0.548454 0.756355 0.762136
0.526997 0.759059 0.779126
0.536281 0.759600 0.762136
0.536106 0.757977 0.771845
0.539135 0.765819 0.791262
0.535835 0.728231 0.737864
0.523572 0.754191 0.766990
0.550854 0.766090 0.783981
0.520383 0.758789 0.793689
0.538514 0.755003 0.774272
0.530331 0.757436 0.786408
0.525811 0.753380 0.786408
0.516498 0.752299 0.774272
0.523613 0.760141 0.769417
0.521941 0.759600 0.781553
0.519721 0.762574 0.781553
0.532989 0.757436 0.786408
0.539909 0.760952 0.781553
0.537755 0.752839 0.762136
0.525212 0.759059 0.764563
0.533844 0.761493 0.781553
0.524819 0.765279 0.779126
0.543562 0.768794 0.783981
0.533839 0.762034 0.781553
0.504646 0.742834 0.740291
0.534928 0.760681 0.766990
0.522801 0.768794 0.791262
0.469025 0.766090 0.774272
0.514452 0.765549 0.779126
0.520838 0.766090 0.786408
0.547444 0.763115 0.766990
0.522171 0.763386 0.781553
0.531081 0.759059 0.781553
0.505288 0.767171 0.779126
0.508964 0.769335 0.783981
0.533995 0.767983 0.786408
0.529596 0.765549 0.783981
0.510314 0.763386 0.774272
0.508862 0.748513 0.745146
0.512519 0.766360 0.776699
0.496887 0.765279 0.793689
0.492664 0.772039 0.796117
0.517383 0.772309 0.783981
0.516156 0.766360 0.786408
0.528421 0.757166 0.762136
0.509166 0.772580 0.786408
0.552226 0.765549 0.769417
0.527711 0.760952 0.774272
0.535920 0.757977 0.759709
0.533325 0.767712 0.774272
0.516694 0.765819 0.776699
0.551034 0.752028 0.759709
0.545843 0.758248 0.774272
0.534118 0.769335 0.781553
0.515535 0.764467 0.771845
0.531573 0.762574 0.766990
0.501960 0.773121 0.779126
0.501520 0.766631 0.781553
0.533617 0.752839 0.759709
0.529950 0.768524 0.774272
0.552182 0.764738 0.769417
0.505303 0.774202 0.788835
0.515346 0.770416 0.781553
0.523240 0.775284 0.791262
0.497045 0.772580 0.788835
0.504882 0.775284 0.788835
0.514274 0.769064 0.791262
0.517710 0.771769 0.791262
0.524195 0.765008 0.793689
0.509538 0.775284 0.793689
0.522135 0.769876 0.796117
0.495990 0.773932 0.791262
0.512879 0.772309 0.788835
0.505555 0.767712 0.774272
0.502808 0.773391 0.793689
0.501405 0.773932 0.786408
0.497947 0.773932 0.788835
0.517426 0.760952 0.754854
0.514644 0.770416 0.779126
0.528098 0.774473 0.781553
0.508989 0.761493 0.779126
0.505418 0.765008 0.771845
0.519373 0.771769 0.771845
0.508919 0.773121 0.791262
0.496452 0.773391 0.788835
0.496223 0.773661 0.793689
0.500928 0.770957 0.781553
0.490099 0.771498 0.781553
0.481119 0.771228 0.796117
0.518386 0.770146 0.776699
0.527863 0.766901 0.769417
0.523943 0.768524 0.779126
0.529038 0.773121 0.774272
0.502524 0.772309 0.764563
0.534116 0.773121 0.791262
0.490568 0.776095 0.791262
0.504689 0.776095 0.771845
0.504718 0.775014 0.783981
0.516657 0.775554 0.793689
0.532007 0.766090 0.779126
0.523162 0.768253 0.783981
0.528498 0.776636 0.796117
0.537113 0.770957 0.788835
0.530124 0.769064 0.779126
0.495654 0.772039 0.781553
0.509627 0.773932 0.788835
0.519327 0.778799 0.800971
0.501724 0.782044 0.800971
0.525233 0.780963 0.793689
0.501377 0.779881 0.781553
0.521851 0.780422 0.786408
0.499114 0.775014 0.786408
0.517138 0.773932 0.791262
0.509983 0.776095 0.786408
0.497831 0.779070 0.779126
0.507275 0.774743 0.779126
0.504318 0.777988 0.788835
0.510186 0.777177 0.786408
0.532680 0.779340 0.786408
0.506535 0.777177 0.788835
0.515276 0.780692 0.793689
0.529174 0.777718 0.783981
0.498618 0.777718 0.783981
0.510731 0.776095 0.779126
0.520752 0.775554 0.783981
0.488974 0.777988 0.788835
0.508031 0.773121 0.788835
0.508649 0.779070 0.779126
0.521836 0.780963 0.788835
0.494790 0.780963 0.781553
0.497865 0.778529 0.781553
0.541849 0.772850 0.766990
0.514342 0.778799 0.788835
0.504936 0.777718 0.783981
0.529250 0.777177 0.779126
0.513870 0.776366 0.791262
0.504078 0.772580 0.779126
0.512371 0.772580 0.783981
0.525086 0.776906 0.793689
0.531411 0.777447 0.793689
0.501103 0.783396 0.788835
0.526336 0.782856 0.793689
0.507795 0.779881 0.779126
0.513200 0.782856 0.791262
0.520260 0.784478 0.788835
0.499680 0.785289 0.798544
0.516071 0.777718 0.791262
0.511606 0.780692 0.793689
0.527692 0.775825 0.786408
0.488489 0.777988 0.793689
0.502475 0.776095 0.783981
0.495287 0.779070 0.781553
0.506461 0.778529 0.791262
0.507814 0.780963 0.788835
0.516428 0.781233 0.788835
0.514418 0.776366 0.793689
0.511192 0.778259 0.786408
0.516255 0.774743 0.771845
0.522244 0.776095 0.788835
0.518654 0.775825 0.796117
0.513801 0.781504 0.796117
