6.742506 0.601947 0.584951
3.310180 0.611952 0.655340
2.802539 0.649811 0.677184
2.066455 0.587615 0.580097
1.947847 0.642239 0.662621
2.491666 0.648729 0.682039
1.757570 0.678475 0.660194
1.463532 0.641698 0.640777
1.408744 0.627366 0.631068
1.399075 0.714711 0.742718
1.226170 0.612493 0.606796
1.138205 0.700649 0.745146
0.958334 0.677123 0.684466
0.842501 0.676312 0.686893
0.922364 0.691184 0.696602
0.914513 0.625203 0.631068
0.799900 0.721471 0.757282
0.811766 0.651704 0.645631
0.947106 0.702542 0.711165
0.818787 0.695782 0.694175
0.649324 0.716604 0.733010
0.668259 0.687939 0.682039
0.646544 0.717956 0.723301
0.622196 0.738778 0.752427
0.628008 0.728772 0.737864
0.696674 0.646295 0.652913
0.620291 0.655489 0.655340
0.674863 0.663061 0.640777
0.676476 0.732288 0.747573
0.601979 0.728502 0.774272
0.599749 0.736614 0.762136
0.557782 0.730395 0.730583
0.598154 0.690373 0.691748
0.613342 0.738237 0.745146
0.564142 0.740400 0.759709
0.586092 0.730395 0.745146
0.609037 0.714981 0.703883
0.615269 0.719849 0.733010
0.574244 0.738507 0.740291
0.605711 0.716063 0.742718
0.594879 0.723364 0.730583
0.573701 0.728231 0.730583
0.582138 0.693618 0.699029
0.583102 0.712547 0.737864
0.582265 0.709573 0.728155
0.563679 0.738507 0.766990
0.620309 0.727961 0.730583
0.571187 0.739048 0.762136
0.579725 0.734451 0.740291
0.579903 0.743104 0.776699
0.576379 0.746620 0.742718
0.572610 0.730395 0.730583
0.568458 0.721741 0.750000
0.558062 0.728502 0.703883
0.545061 0.742023 0.740291
0.555666 0.733910 0.733010
0.558550 0.740941 0.750000
0.542297 0.749324 0.798544
0.550696 0.750135 0.771845
0.533166 0.734451 0.713592
0.553979 0.742023 0.735437
0.529020 0.727961 0.725728
0.552035 0.746890 0.740291
0.565462 0.754732 0.783981
0.561828 0.714981 0.694175
0.556121 0.741752 0.750000
0.548161 0.753921 0.769417
0.532230 0.745809 0.745146
0.538176 0.750406 0.750000
0.549798 0.752839 0.774272
0.525426 0.749865 0.776699
0.539776 0.752569 0.786408
0.544223 0.728502 0.723301
0.548647 0.719578 0.711165
0.562557 0.759870 0.774272
0.531406 0.757707 0.754854
0.571127 0.759600 0.779126
0.538810 0.747161 0.762136
0.542744 0.754462 0.779126
0.537832 0.756084 0.779126
0.565181 0.726339 0.745146
0.535483 0.760141 0.776699
0.530413 0.729584 0.728155
0.521126 0.711195 0.699029
0.561376 0.719308 0.718447
0.545702 0.736885 0.742718
0.531988 0.715522 0.708738
0.543233 0.763926 0.759709
0.527015 0.769876 0.776699
0.538996 0.757977 0.771845
0.573264 0.756896 0.745146
0.533581 0.756896 0.752427
0.549554 0.751217 0.745146
0.533068 0.764738 0.754854
0.511036 0.771498 0.769417
0.542036 0.757436 0.779126
0.534192 0.761763 0.764563
0.534155 0.731206 0.716019
0.550628 0.732017 0.716019
0.538540 0.747431 0.750000
0.558153 0.757707 0.747573
0.523206 0.776095 0.769417
0.530514 0.779340 0.779126
0.529505 0.776636 0.762136
0.530408 0.771498 0.762136
0.489518 0.782044 0.793689
0.497111 0.792591 0.803398
0.513805 0.778259 0.783981
0.537499 0.779881 0.752427
0.523243 0.785289 0.779126
0.518955 0.746349 0.723301
0.510041 0.787182 0.754854
0.523664 0.782315 0.793689
0.520194 0.786371 0.783981
0.508372 0.776906 0.769417
0.504110 0.782856 0.788835
0.508758 0.777177 0.766990
0.484893 0.782585 0.781553
0.512421 0.785019 0.793689
0.481270 0.787453 0.791262
0.497465 0.788534 0.810680
0.538723 0.797999 0.791262
0.506350 0.796917 0.791262
0.485415 0.799081 0.803398
0.501011 0.766090 0.750000
0.512139 0.787182 0.793689
0.506750 0.792861 0.783981
0.509543 0.784208 0.774272
0.510417 0.802055 0.793689
0.490729 0.788534 0.783981
0.492734 0.789886 0.769417
0.494840 0.801785 0.798544
0.482230 0.794754 0.776699
0.498044 0.797188 0.776699
0.494991 0.798269 0.788835
0.523373 0.791779 0.793689
0.498825 0.783937 0.766990
0.487258 0.784749 0.754854
0.523339 0.797999 0.805825
0.512591 0.793943 0.786408
0.498668 0.793672 0.774272
0.490223 0.797729 0.786408
0.495457 0.801514 0.798544
0.469135 0.799621 0.803398
0.500009 0.792050 0.764563
0.489913 0.803948 0.793689
0.470486 0.792591 0.771845
0.461611 0.798540 0.798544
0.512281 0.787723 0.783981
0.485169 0.809897 0.786408
0.485537 0.808545 0.810680
0.475344 0.811249 0.798544
0.458144 0.812601 0.791262
0.462443 0.808816 0.800971
0.478455 0.803948 0.781553
0.452892 0.806923 0.803398
0.474374 0.811249 0.793689
0.453039 0.806111 0.781553
0.457399 0.812872 0.803398
0.465628 0.807463 0.786408
0.449537 0.811249 0.791262
0.446746 0.822607 0.803398
0.462722 0.814494 0.781553
0.436149 0.810708 0.791262
0.441655 0.817198 0.796117
0.463111 0.819091 0.788835
0.467604 0.813953 0.776699
0.468476 0.825311 0.776699
0.443263 0.811249 0.776699
0.459676 0.802326 0.757282
0.437964 0.822607 0.783981
0.461773 0.817198 0.781553
0.440669 0.825311 0.798544
0.460623 0.821525 0.786408
0.443611 0.826663 0.813107
0.445283 0.830178 0.776699
0.443959 0.817198 0.762136
0.461685 0.824770 0.788835
0.461162 0.825041 0.776699
0.448326 0.825311 0.781553
0.435709 0.825041 0.803398
0.424073 0.823148 0.771845
0.445574 0.822607 0.786408
0.437018 0.825311 0.796117
0.476036 0.830178 0.800971
0.424049 0.826663 0.810680
0.453178 0.827204 0.798544
0.428568 0.827204 0.786408
0.423104 0.825852 0.798544
0.438111 0.831260 0.781553
0.436670 0.821796 0.786408
0.442473 0.830178 0.776699
0.436511 0.831260 0.779126
0.434610 0.833694 0.803398
0.432495 0.819091 0.766990
0.429985 0.831531 0.793689
0.462625 0.835046 0.793689
0.403939 0.833694 0.781553
0.421428 0.833423 0.781553
0.423906 0.838561 0.791262
0.417792 0.836128 0.781553
0.393269 0.843158 0.788835
0.400638 0.842888 0.781553
0.417186 0.842077 0.786408
0.401483 0.842347 0.803398
0.404801 0.842347 0.783981
0.436590 0.836398 0.793689
0.411428 0.842618 0.788835
0.419538 0.845051 0.791262
0.425587 0.844511 0.779126
0.423138 0.843970 0.781553
0.415660 0.834776 0.788835
0.425111 0.840184 0.771845
0.392548 0.840454 0.769417
0.410575 0.842347 0.788835
0.404934 0.845322 0.781553
0.361289 0.840454 0.791262
0.408324 0.847756 0.781553
0.428299 0.850460 0.776699
0.440463 0.848026 0.788835
0.412783 0.849919 0.781553
0.411889 0.847756 0.786408
0.384009 0.849378 0.793689
0.399876 0.848296 0.791262
0.423468 0.845051 0.786408
0.403217 0.851541 0.800971
0.398965 0.845863 0.793689
0.392155 0.851541 0.779126
0.379288 0.849648 0.796117
0.366666 0.847485 0.779126
0.360723 0.850460 0.791262
0.414621 0.849919 0.779126
0.411093 0.849919 0.774272
0.415864 0.846944 0.791262
0.383781 0.849919 0.786408
0.417488 0.849919 0.781553
0.411886 0.851812 0.786408
0.407485 0.858031 0.793689
0.393111 0.854786 0.781553
0.406745 0.850189 0.793689
0.420758 0.850189 0.786408
0.432478 0.849648 0.793689
0.395229 0.858302 0.796117
0.383988 0.849108 0.779126
0.381904 0.857761 0.781553
0.382978 0.854786 0.788835
0.376426 0.855598 0.796117
0.390970 0.851541 0.783981
0.389035 0.852082 0.779126
0.412693 0.855868 0.798544
0.375307 0.858302 0.786408
0.372468 0.856409 0.783981
0.401830 0.859383 0.786408
0.375143 0.859654 0.786408
0.370412 0.860736 0.788835
0.380478 0.860195 0.796117
0.376874 0.862088 0.791262
0.393482 0.863440 0.791262
0.377972 0.860465 0.791262
0.389480 0.862088 0.796117
0.355821 0.861547 0.796117
0.391874 0.861006 0.800971
0.380153 0.861276 0.793689
0.353507 0.861547 0.793689
0.364399 0.863169 0.798544
0.355853 0.862088 0.791262
0.379747 0.864521 0.783981
0.384078 0.864792 0.791262
0.393556 0.862358 0.786408
0.371811 0.855057 0.791262
0.383783 0.864251 0.786408
0.373158 0.866414 0.798544
0.376166 0.866144 0.793689
0.377680 0.868037 0.793689
0.364716 0.866685 0.783981
0.369393 0.865603 0.788835
0.353945 0.870200 0.793689
0.364916 0.865333 0.798544
0.354759 0.866144 0.793689
0.377626 0.868578 0.786408
0.382929 0.868578 0.786408
0.380368 0.869118 0.783981
0.358286 0.865873 0.783981
0.391276 0.864792 0.781553
0.358199 0.866144 0.793689
0.347188 0.868578 0.791262
0.360791 0.868848 0.796117
0.366110 0.863710 0.798544
0.380231 0.865603 0.786408
0.373476 0.866955 0.800971
0.372043 0.868848 0.798544
0.380260 0.872363 0.796117
0.367991 0.873716 0.786408
0.346463 0.871011 0.779126
0.350200 0.870741 0.783981
0.380924 0.869659 0.788835
0.367727 0.866144 0.796117
0.380815 0.868848 0.793689
0.365821 0.868037 0.788835
0.356039 0.870741 0.781553
0.364687 0.873445 0.779126
0.350718 0.872634 0.788835
0.358489 0.872363 0.783981
0.369391 0.872363 0.793689
0.360478 0.874256 0.800971
0.376664 0.874797 0.783981
0.367699 0.874256 0.779126
0.366197 0.873445 0.788835
0.351198 0.871282 0.791262
0.358397 0.873175 0.805825
0.380795 0.874256 0.791262
0.326382 0.875338 0.791262
0.341580 0.876420 0.805825
0.369350 0.876149 0.798544
0.346239 0.876420 0.786408
0.336393 0.877231 0.788835
0.352843 0.872634 0.796117
0.356065 0.874256 0.793689
0.359708 0.874797 0.791262
0.367079 0.875338 0.798544
0.389063 0.878583 0.776699
0.385521 0.879665 0.779126
0.363143 0.878042 0.788835
0.381474 0.880206 0.781553
0.348321 0.878853 0.781553
0.359375 0.878583 0.783981
0.367094 0.877501 0.791262
0.356927 0.881828 0.793689
0.374047 0.878313 0.783981
0.337993 0.876690 0.779126
0.378308 0.874797 0.791262
0.350979 0.878313 0.791262
0.367264 0.878853 0.788835
0.364484 0.876961 0.783981
0.318432 0.877772 0.796117
0.358296 0.877772 0.796117
0.368223 0.880206 0.793689
0.343351 0.881287 0.793689
0.325907 0.878042 0.786408
0.356074 0.879665 0.788835
0.339871 0.877231 0.771845
0.348635 0.878583 0.793689
0.344515 0.879394 0.786408
0.361679 0.883721 0.791262
0.346366 0.877772 0.781553
0.344547 0.880746 0.783981
0.341021 0.877501 0.783981
0.360789 0.877501 0.793689
0.377699 0.877231 0.783981
0.326185 0.882098 0.791262
