4.392235 0.552461 0.548544
2.382984 0.618983 0.650485
1.930666 0.646025 0.679612
1.380604 0.666306 0.635922
1.491738 0.664954 0.711165
1.208532 0.670633 0.674757
1.136017 0.665224 0.660194
0.982275 0.646836 0.665049
1.344538 0.708221 0.718447
1.294620 0.709032 0.713592
1.176572 0.640346 0.650485
1.132826 0.679016 0.677184
0.910768 0.637642 0.640777
1.119431 0.719578 0.747573
0.683344 0.636831 0.652913
0.741543 0.633586 0.631068
0.833683 0.723634 0.735437
0.914025 0.683342 0.711165
0.744823 0.660898 0.672330
0.681281 0.664413 0.672330
0.774642 0.684965 0.669903
0.685637 0.708761 0.701456
0.686667 0.721201 0.725728
0.698774 0.741211 0.764563
0.688314 0.718226 0.750000
0.688979 0.705516 0.696602
0.607146 0.687669 0.691748
0.631778 0.704164 0.691748
0.636331 0.731476 0.752427
0.620788 0.733369 0.733010
0.592440 0.753651 0.740291
0.547808 0.742564 0.742718
0.593404 0.710654 0.711165
0.635489 0.736074 0.752427
0.563424 0.754191 0.742718
0.582035 0.753921 0.754854
0.611565 0.732558 0.737864
0.612833 0.744186 0.747573
0.547660 0.739589 0.740291
0.627113 0.690914 0.696602
0.598650 0.626555 0.594660
0.610839 0.707139 0.701456
0.582923 0.661979 0.645631
0.586424 0.750406 0.757282
0.557710 0.664143 0.650485
0.563670 0.728772 0.747573
0.609812 0.749594 0.759709
0.532297 0.755003 0.745146
0.569177 0.753651 0.759709
0.518268 0.764738 0.747573
0.543893 0.767983 0.745146
0.537522 0.763386 0.740291
0.545115 0.741211 0.728155
0.528604 0.732829 0.696602
0.513756 0.777177 0.759709
0.528545 0.764197 0.757282
0.538480 0.761763 0.769417
0.508211 0.773121 0.757282
0.536691 0.777447 0.764563
0.514543 0.757436 0.728155
0.531737 0.755814 0.737864
0.496264 0.740130 0.713592
0.512852 0.770687 0.757282
0.536631 0.733910 0.742718
0.540832 0.764738 0.745146
0.512079 0.769876 0.752427
0.530745 0.770146 0.742718
0.510501 0.768794 0.733010
0.524327 0.783396 0.769417
0.524270 0.768253 0.757282
0.496682 0.762845 0.730583
0.528085 0.765549 0.747573
0.540927 0.746079 0.737864
0.529784 0.740130 0.725728
0.542848 0.761493 0.747573
0.512872 0.774202 0.750000
0.564048 0.774473 0.750000
0.511512 0.784749 0.759709
0.527133 0.778529 0.759709
0.514928 0.783126 0.762136
0.535370 0.769335 0.776699
0.526856 0.766090 0.769417
0.495383 0.784208 0.757282
0.509682 0.748242 0.716019
0.523029 0.734451 0.716019
0.542929 0.744186 0.766990
0.517859 0.673337 0.667476
0.526418 0.766631 0.750000
0.513718 0.780963 0.745146
0.530943 0.786371 0.750000
0.534044 0.773391 0.725728
0.496416 0.757166 0.742718
0.538866 0.789346 0.774272
0.510605 0.778259 0.769417
0.485151 0.769605 0.728155
0.518560 0.781504 0.740291
0.516406 0.784478 0.771845
0.533800 0.722823 0.711165
0.517401 0.777447 0.774272
0.479705 0.786101 0.750000
0.520888 0.767712 0.747573
0.494767 0.797458 0.786408
0.491532 0.791509 0.754854
0.489905 0.796106 0.783981
0.502934 0.792591 0.754854
0.465439 0.802866 0.769417
0.485312 0.794213 0.771845
0.477853 0.801244 0.769417
0.511256 0.794484 0.771845
0.508058 0.804218 0.788835
0.504863 0.778259 0.776699
0.490065 0.802326 0.776699
0.492967 0.796376 0.769417
0.498451 0.803407 0.783981
0.492175 0.800703 0.771845
0.472904 0.804218 0.779126
0.487195 0.805841 0.779126
0.470148 0.800973 0.793689
0.481130 0.800162 0.769417
0.459347 0.808816 0.771845
0.481195 0.811520 0.783981
0.507562 0.805571 0.781553
0.477273 0.802866 0.762136
0.461229 0.809627 0.776699
0.461915 0.813142 0.779126
0.486918 0.797458 0.766990
0.492304 0.809627 0.766990
0.458562 0.801785 0.774272
0.476764 0.806382 0.774272
0.459898 0.812872 0.771845
0.474117 0.813413 0.766990
0.475784 0.800162 0.769417
0.482107 0.812061 0.788835
0.495476 0.805841 0.742718
0.479593 0.811790 0.788835
0.488370 0.812061 0.776699
0.469703 0.810708 0.774272
0.465274 0.815306 0.788835
0.486592 0.807193 0.774272
0.491346 0.806111 0.776699
0.479161 0.806111 0.766990
0.482307 0.803407 0.776699
0.470648 0.808816 0.774272
0.442107 0.808816 0.774272
0.486731 0.804489 0.774272
0.468977 0.816387 0.779126
0.455202 0.819362 0.776699
0.445713 0.815576 0.800971
0.481548 0.801514 0.783981
0.440225 0.820173 0.803398
0.459435 0.826663 0.793689
0.444359 0.820984 0.771845
0.442403 0.824770 0.788835
0.441404 0.821525 0.791262
0.462837 0.817198 0.774272
0.440475 0.822336 0.793689
0.464330 0.826933 0.793689
0.441016 0.822336 0.781553
0.437504 0.827204 0.796117
0.452257 0.821525 0.791262
0.426144 0.826663 0.779126
0.434572 0.826393 0.788835
0.441103 0.827745 0.781553
0.413557 0.823959 0.788835
0.439535 0.823688 0.813107
0.439961 0.834235 0.793689
0.437324 0.820443 0.791262
0.468026 0.833964 0.796117
0.415058 0.830719 0.783981
0.454107 0.808816 0.779126
0.433470 0.832883 0.781553
0.439144 0.820984 0.774272
0.426069 0.833423 0.800971
0.447644 0.828286 0.793689
0.427104 0.837750 0.783981
0.430973 0.826122 0.786408
0.434687 0.824229 0.783981
0.444681 0.836398 0.813107
0.442282 0.818551 0.783981
0.431432 0.836398 0.808252
0.421111 0.832883 0.798544
0.408988 0.833694 0.788835
0.432021 0.834505 0.796117
0.417789 0.842077 0.803398
0.457796 0.837480 0.798544
0.433975 0.836939 0.800971
0.430597 0.835587 0.798544
0.439447 0.835046 0.800971
0.417477 0.842077 0.805825
0.432651 0.831801 0.798544
0.426499 0.833423 0.788835
0.424542 0.838832 0.813107
0.434383 0.835046 0.796117
0.432101 0.839373 0.791262
0.400008 0.812061 0.771845
0.435939 0.838021 0.796117
0.442880 0.838291 0.796117
0.403762 0.839102 0.796117
0.407472 0.839373 0.803398
0.424993 0.843699 0.800971
0.404449 0.842888 0.798544
0.398031 0.848026 0.808252
0.388408 0.841806 0.796117
0.413605 0.842347 0.803398
0.389035 0.844511 0.793689
0.417046 0.845051 0.803398
0.425843 0.837480 0.783981
0.411716 0.843699 0.803398
0.405596 0.843970 0.803398
0.415710 0.844511 0.803398
0.419200 0.846944 0.808252
0.432671 0.844511 0.798544
0.406120 0.847756 0.800971
0.382982 0.845863 0.800971
0.416102 0.849108 0.803398
0.401486 0.848837 0.798544
0.364557 0.849648 0.788835
0.392397 0.845863 0.796117
0.422307 0.847215 0.788835
0.411125 0.841806 0.803398
0.418509 0.852353 0.800971
0.400513 0.852623 0.796117
0.393340 0.848837 0.813107
0.401741 0.850730 0.810680
0.424753 0.849108 0.803398
0.393982 0.848837 0.793689
0.407773 0.856950 0.810680
0.382745 0.851541 0.788835
0.396081 0.853434 0.805825
0.384362 0.855868 0.810680
0.347957 0.857491 0.805825
0.388430 0.851812 0.798544
0.386186 0.850730 0.813107
0.417040 0.848296 0.810680
0.373005 0.850460 0.813107
0.420230 0.852623 0.808252
0.401530 0.853434 0.796117
0.399428 0.855057 0.800971
0.382274 0.861006 0.803398
0.406659 0.847485 0.798544
0.388387 0.845051 0.798544
0.418767 0.852082 0.803398
0.387184 0.861006 0.793689
0.378121 0.852353 0.808252
0.382494 0.855598 0.805825
0.392083 0.855327 0.813107
0.378067 0.857491 0.805825
0.384102 0.854246 0.813107
0.388975 0.851271 0.800971
0.399332 0.854516 0.788835
0.393751 0.862628 0.810680
0.381800 0.860465 0.803398
0.401547 0.862628 0.803398
0.379223 0.866685 0.810680
0.380786 0.863440 0.813107
0.377684 0.862088 0.810680
0.377699 0.865333 0.817961
0.395833 0.863710 0.808252
0.360154 0.864792 0.798544
0.393923 0.862628 0.803398
0.370298 0.863169 0.800971
0.377168 0.866144 0.817961
0.366900 0.868578 0.817961
0.359144 0.863710 0.803398
0.380394 0.863169 0.808252
0.344390 0.868578 0.798544
0.395192 0.859113 0.805825
0.384858 0.860736 0.800971
0.388584 0.865873 0.808252
0.392611 0.861547 0.796117
0.379373 0.864792 0.805825
0.380553 0.866414 0.800971
0.373808 0.867496 0.808252
0.363532 0.867226 0.798544
0.355363 0.868578 0.796117
0.368179 0.866144 0.808252
0.371699 0.866685 0.808252
0.355932 0.866144 0.803398
0.365282 0.868848 0.800971
0.381239 0.867496 0.798544
0.384652 0.867766 0.800971
0.368238 0.869389 0.793689
0.360453 0.873986 0.796117
0.385266 0.868307 0.803398
0.343448 0.869659 0.800971
0.342851 0.868307 0.805825
0.356393 0.868037 0.815534
0.354599 0.870200 0.798544
0.401624 0.869930 0.796117
0.371793 0.867496 0.791262
0.367358 0.871282 0.793689
0.401862 0.867226 0.793689
0.382233 0.871823 0.813107
0.341622 0.867766 0.813107
0.343442 0.875608 0.813107
0.373921 0.872634 0.803398
0.377509 0.872093 0.803398
0.371933 0.871282 0.798544
0.371218 0.868578 0.803398
0.364816 0.867766 0.793689
0.367013 0.866685 0.810680
0.352942 0.868578 0.803398
0.362778 0.869659 0.796117
0.363553 0.868307 0.805825
0.360890 0.869118 0.803398
0.373671 0.872093 0.808252
0.367484 0.869659 0.808252
0.373841 0.870471 0.817961
0.367675 0.872634 0.803398
0.352607 0.869389 0.800971
0.375837 0.871282 0.808252
0.340468 0.869659 0.813107
0.336080 0.870471 0.813107
0.377646 0.878042 0.810680
0.352977 0.874256 0.815534
0.324836 0.873716 0.808252
0.369024 0.874256 0.798544
0.368555 0.870741 0.808252
0.369832 0.872363 0.793689
0.365962 0.873986 0.800971
0.411211 0.871823 0.808252
0.400860 0.871282 0.800971
0.369455 0.871282 0.800971
0.377065 0.876690 0.808252
0.352320 0.873175 0.800971
0.363227 0.876149 0.810680
0.364661 0.876149 0.805825
0.368262 0.875068 0.805825
0.381626 0.874797 0.808252
0.358459 0.873986 0.798544
0.385458 0.873716 0.813107
0.366480 0.872363 0.800971
0.374901 0.872904 0.798544
0.352436 0.874527 0.793689
0.351542 0.874256 0.793689
0.371741 0.872363 0.796117
0.358245 0.874256 0.800971
0.372249 0.871282 0.813107
0.343248 0.876690 0.808252
0.351713 0.878042 0.817961
0.341962 0.875338 0.803398
0.373364 0.876961 0.805825
0.363739 0.875338 0.798544
0.367594 0.879665 0.813107
0.360162 0.875068 0.805825
0.372401 0.875338 0.815534
0.347865 0.878042 0.808252
0.360697 0.875879 0.803398
0.392627 0.873716 0.808252
0.336673 0.877231 0.815534
4.578186 0.503786 0.500000
1.942930 0.628177 0.640777
1.229050 0.663872 0.691748
1.094406 0.613034 0.621359
0.938968 0.680909 0.689320
0.935094 0.626014 0.614078
0.896927 0.700649 0.699029
0.811871 0.705246 0.716019
0.908806 0.713629 0.723301
0.904284 0.679016 0.686893
0.823490 0.668740 0.686893
0.737827 0.716874 0.742718
0.740761 0.675771 0.682039
0.857361 0.712818 0.716019
0.656609 0.744186 0.771845
0.698895 0.732288 0.764563
0.712240 0.729313 0.769417
0.655698 0.699297 0.708738
0.689087 0.574635 0.565534
0.690739 0.729584 0.750000
0.634896 0.737696 0.747573
0.608116 0.740130 0.764563
0.654425 0.709843 0.725728
0.589322 0.742564 0.754854
0.607384 0.755544 0.776699
0.662302 0.716063 0.699029
0.598837 0.724446 0.723301
0.614499 0.716874 0.728155
0.647492 0.704164 0.691748
0.594095 0.731206 0.742718
0.562532 0.734721 0.733010
0.543611 0.718767 0.716019
0.582493 0.660357 0.648058
0.619223 0.743916 0.757282
0.559366 0.731206 0.735437
0.586122 0.745268 0.750000
0.581871 0.752028 0.764563
0.606952 0.745268 0.718447
0.575447 0.729313 0.733010
0.601259 0.742293 0.752427
0.587491 0.716874 0.679612
0.574809 0.749054 0.779126
0.580986 0.700379 0.682039
0.587554 0.739589 0.776699
0.558884 0.739048 0.745146
0.547103 0.710925 0.720874
0.638492 0.743645 0.735437
0.549238 0.757436 0.764563
0.577277 0.726609 0.716019
0.523890 0.759059 0.742718
0.547082 0.760681 0.742718
0.553770 0.764738 0.757282
0.545451 0.736344 0.733010
0.532369 0.740941 0.725728
0.528275 0.751487 0.759709
0.546441 0.740400 0.747573
0.542323 0.756896 0.750000
0.517562 0.745268 0.757282
0.526808 0.750135 0.757282
0.509274 0.756355 0.725728
0.536457 0.767171 0.747573
0.511632 0.753651 0.716019
0.525896 0.775554 0.769417
0.571300 0.757977 0.752427
0.543347 0.768253 0.750000
0.539962 0.761493 0.764563
0.529304 0.785560 0.788835
0.529870 0.780422 0.766990
0.527023 0.778259 0.771845
0.529535 0.757707 0.750000
0.507831 0.760952 0.730583
0.534367 0.782856 0.796117
0.522873 0.773391 0.779126
0.529356 0.750676 0.754854
0.545329 0.763386 0.771845
0.510628 0.760952 0.742718
0.540919 0.750946 0.720874
0.519603 0.772580 0.759709
0.540730 0.777447 0.766990
0.517580 0.776636 0.774272
0.552308 0.764467 0.757282
0.507475 0.777447 0.764563
0.507474 0.744727 0.745146
0.513883 0.756625 0.750000
0.527417 0.785019 0.781553
0.563328 0.728231 0.725728
0.514512 0.676852 0.677184
0.506898 0.782044 0.766990
0.529394 0.761493 0.762136
0.526774 0.761493 0.764563
0.560733 0.768253 0.769417
0.515100 0.781233 0.766990
0.550753 0.773932 0.752427
0.530888 0.754732 0.750000
0.502689 0.789886 0.786408
0.524493 0.800162 0.788835
0.522518 0.791239 0.786408
0.519512 0.749865 0.752427
0.523443 0.775284 0.776699
0.482344 0.769064 0.750000
0.532918 0.791779 0.774272
0.482713 0.805030 0.805825
0.490744 0.807463 0.786408
0.494124 0.784478 0.791262
0.506452 0.803407 0.798544
0.458925 0.804218 0.791262
0.476084 0.805030 0.810680
0.475540 0.805300 0.793689
0.502201 0.806111 0.786408
0.503612 0.806923 0.805825
0.483870 0.752569 0.754854
0.497896 0.792861 0.771845
0.501917 0.792861 0.779126
0.508267 0.792320 0.808252
0.476054 0.795565 0.769417
0.472556 0.774743 0.776699
0.471870 0.800162 0.798544
0.475347 0.789886 0.774272
0.472839 0.802596 0.779126
0.466748 0.807734 0.798544
0.478146 0.813413 0.793689
0.509357 0.808545 0.810680
0.490440 0.808545 0.808252
0.460469 0.811790 0.808252
0.489619 0.800973 0.771845
0.479730 0.804218 0.779126
0.487917 0.812061 0.803398
0.467859 0.804218 0.791262
0.498648 0.808004 0.786408
0.466010 0.803137 0.776699
0.472921 0.815846 0.788835
0.495581 0.802866 0.774272
0.469184 0.813953 0.779126
0.497640 0.812331 0.783981
0.474924 0.815306 0.798544
0.511183 0.815306 0.791262
0.470722 0.809086 0.788835
0.461306 0.812601 0.803398
0.500376 0.815846 0.788835
0.504701 0.803948 0.786408
0.486529 0.803948 0.771845
0.476350 0.810979 0.813107
0.486308 0.814224 0.781553
0.454975 0.807193 0.788835
0.479403 0.808545 0.788835
0.469985 0.818280 0.805825
0.461771 0.818551 0.793689
0.442059 0.817739 0.788835
0.482704 0.809897 0.800971
0.450257 0.827204 0.803398
0.465039 0.823148 0.800971
0.458472 0.829097 0.813107
0.446132 0.829367 0.810680
0.434867 0.822607 0.793689
0.462750 0.825041 0.786408
0.447720 0.826663 0.803398
0.448467 0.824229 0.803398
0.442472 0.826393 0.810680
0.449591 0.830178 0.800971
0.444684 0.823418 0.791262
0.435873 0.825852 0.771845
0.439308 0.838291 0.793689
0.435173 0.832883 0.803398
0.410998 0.830719 0.810680
0.439823 0.830719 0.793689
0.463060 0.818280 0.803398
0.462550 0.828015 0.791262
0.462284 0.833964 0.796117
0.432129 0.834505 0.791262
0.446865 0.822877 0.803398
0.434834 0.837209 0.815534
0.442964 0.826393 0.808252
0.446043 0.833694 0.817961
0.453368 0.827745 0.803398
0.442531 0.829638 0.820388
0.446642 0.826122 0.803398
0.453297 0.826663 0.786408
0.460771 0.837480 0.817961
0.441683 0.833153 0.815534
0.421432 0.837750 0.803398
0.424985 0.826663 0.805825
0.419737 0.830990 0.810680
0.433548 0.836939 0.817961
0.421989 0.836398 0.805825
0.454603 0.835857 0.813107
0.427949 0.837750 0.827670
0.440722 0.836398 0.815534
0.435329 0.830178 0.800971
0.410800 0.836668 0.805825
0.449806 0.836668 0.810680
0.435667 0.829367 0.796117
0.450468 0.838561 0.830097
0.429556 0.837750 0.808252
0.427646 0.839643 0.796117
0.433020 0.823418 0.788835
0.440696 0.835316 0.813107
0.451157 0.831260 0.808252
0.414299 0.837480 0.805825
0.429627 0.842077 0.813107
0.431496 0.839102 0.820388
0.419817 0.849378 0.813107
0.394896 0.845322 0.808252
0.409511 0.849108 0.810680
0.416755 0.842077 0.805825
0.407273 0.843970 0.803398
0.422755 0.845863 0.810680
0.441257 0.840184 0.810680
0.419299 0.839913 0.827670
0.422699 0.846403 0.820388
0.434628 0.842888 0.810680
0.417879 0.840184 0.793689
0.435598 0.841266 0.822816
0.427114 0.835316 0.810680
0.404743 0.837480 0.805825
0.433720 0.840995 0.798544
0.410048 0.840454 0.800971
0.368853 0.846403 0.810680
0.405084 0.849648 0.808252
0.423345 0.846403 0.793689
0.443717 0.849108 0.808252
0.425538 0.847485 0.796117
0.413352 0.849648 0.817961
0.383607 0.847215 0.803398
0.407986 0.843429 0.793689
0.451727 0.851271 0.822816
0.404110 0.849108 0.813107
0.409917 0.846133 0.796117
0.414685 0.843158 0.805825
0.401719 0.852353 0.810680
0.389539 0.851541 0.808252
0.368651 0.848837 0.805825
0.409662 0.846944 0.815534
0.411258 0.853705 0.815534
0.419766 0.855327 0.820388
0.401005 0.850460 0.815534
0.432034 0.847215 0.815534
0.417798 0.848837 0.805825
0.423641 0.850460 0.803398
0.415314 0.847756 0.805825
0.431434 0.847485 0.815534
0.410829 0.844511 0.810680
0.421597 0.850730 0.813107
0.411351 0.846403 0.808252
0.402185 0.843429 0.810680
0.383775 0.849378 0.820388
0.400823 0.851541 0.815534
0.392034 0.848567 0.808252
0.405637 0.841266 0.808252
0.401720 0.853164 0.805825
0.424147 0.848296 0.805825
0.405211 0.849108 0.808252
0.408504 0.852353 0.815534
0.420909 0.849378 0.803398
0.402923 0.851812 0.813107
0.410515 0.852893 0.808252
0.417143 0.851271 0.810680
0.389325 0.855598 0.810680
0.417288 0.853705 0.815534
0.399586 0.854516 0.803398
0.414718 0.858302 0.815534
0.393637 0.853975 0.805825
0.411426 0.852623 0.813107
0.410658 0.849919 0.803398
0.364634 0.855598 0.808252
0.403343 0.855868 0.805825
0.376455 0.853164 0.808252
0.414039 0.849378 0.796117
0.422270 0.854786 0.810680
0.425794 0.855868 0.805825
0.426208 0.854246 0.813107
0.394890 0.853164 0.813107
0.398528 0.855327 0.820388
0.402643 0.853705 0.815534
0.412248 0.854786 0.805825
0.380465 0.856409 0.810680
0.397816 0.858031 0.810680
0.394315 0.850189 0.817961
0.383430 0.853975 0.813107
0.377400 0.851541 0.810680
0.400520 0.856679 0.805825
0.406395 0.855057 0.808252
0.422823 0.856138 0.815534
0.383980 0.860195 0.815534
0.417934 0.855327 0.808252
0.385786 0.851541 0.810680
0.380907 0.854246 0.800971
0.380707 0.851812 0.808252
0.390630 0.858572 0.810680
0.410574 0.854246 0.815534
0.411044 0.858031 0.810680
0.397324 0.855868 0.808252
0.401347 0.857491 0.813107
0.403311 0.857491 0.813107
0.368947 0.858031 0.810680
0.401656 0.857761 0.805825
0.402310 0.855327 0.803398
0.401356 0.856950 0.813107
0.397821 0.856409 0.803398
0.397881 0.853434 0.798544
0.390719 0.860736 0.805825
0.393394 0.858572 0.808252
0.385576 0.858572 0.798544
0.388278 0.861817 0.800971
0.396683 0.857761 0.817961
0.394127 0.856679 0.813107
0.402984 0.859383 0.803398
0.395936 0.859654 0.810680
0.391677 0.857761 0.810680
0.377802 0.859924 0.805825
0.400018 0.861006 0.808252
0.431946 0.860465 0.808252
0.376768 0.857761 0.813107
0.388920 0.858843 0.805825
0.417439 0.858843 0.810680
0.386745 0.860465 0.805825
0.369165 0.854516 0.808252
0.392375 0.855057 0.798544
0.407750 0.860195 0.810680
0.406636 0.857220 0.808252
0.406668 0.853705 0.810680
0.431305 0.857761 0.820388
0.438489 0.859113 0.817961
0.394377 0.858572 0.815534
0.409098 0.861276 0.808252
0.388853 0.862899 0.815534
0.400588 0.859654 0.808252
0.400187 0.854786 0.803398
0.394028 0.857761 0.803398
0.414779 0.857220 0.800971
0.379067 0.855327 0.800971
0.409835 0.855598 0.808252
0.390244 0.857761 0.813107
0.399905 0.858572 0.796117
0.392959 0.861276 0.808252
0.385516 0.860736 0.803398
0.400639 0.857491 0.805825
0.392297 0.857220 0.817961
0.388978 0.856409 0.803398
0.370736 0.862088 0.815534
0.403727 0.857491 0.817961
0.389796 0.859654 0.810680
0.409686 0.859924 0.805825
0.386182 0.863981 0.805825
0.413069 0.859383 0.808252
0.394150 0.861006 0.820388
0.421021 0.859924 0.810680
0.376840 0.856409 0.808252
0.421101 0.858302 0.815534
0.404194 0.858302 0.808252
0.376241 0.858572 0.805825
