10.659654 0.608167 0.606796
3.232706 0.567063 0.558252
2.542300 0.609789 0.633495
2.349731 0.669281 0.669903
1.711264 0.611682 0.611650
1.792701 0.545971 0.548544
1.725857 0.664954 0.684466
1.482591 0.628177 0.618932
1.753543 0.609519 0.635922
2.409613 0.629529 0.652913
1.353373 0.615197 0.611650
1.118418 0.661439 0.706311
1.212748 0.627366 0.652913
1.124333 0.640887 0.706311
0.838901 0.686047 0.718447
0.801434 0.604922 0.606796
0.880360 0.677664 0.689320
0.777835 0.697134 0.706311
0.770730 0.677664 0.708738
0.680519 0.648188 0.669903
0.689664 0.697404 0.735437
0.671448 0.706328 0.725728
0.703926 0.672526 0.665049
0.680492 0.677934 0.701456
0.772480 0.652515 0.672330
0.702084 0.685235 0.713592
0.671414 0.590860 0.584951
0.781818 0.697674 0.696602
0.794110 0.661709 0.679612
0.668969 0.682531 0.706311
0.625711 0.714440 0.728155
0.592213 0.699297 0.701456
0.636608 0.661709 0.694175
0.648127 0.697945 0.735437
0.585000 0.701460 0.730583
0.623506 0.675771 0.711165
0.643715 0.685235 0.725728
0.631100 0.686858 0.694175
0.611334 0.696593 0.725728
0.660450 0.700919 0.725728
0.627529 0.665224 0.679612
0.625180 0.706598 0.720874
0.613947 0.616279 0.611650
0.616119 0.681449 0.728155
0.621145 0.657382 0.652913
0.617199 0.665765 0.696602
0.654147 0.706057 0.720874
0.586775 0.709843 0.733010
0.657721 0.684965 0.699029
0.580711 0.705787 0.735437
0.626316 0.716874 0.728155
0.591899 0.716333 0.745146
0.600255 0.698215 0.737864
0.607919 0.690103 0.703883
0.601301 0.713359 0.713592
0.594673 0.710114 0.718447
0.593953 0.710925 0.747573
0.582640 0.697945 0.733010
0.587483 0.707139 0.747573
0.578924 0.706328 0.706311
0.599180 0.697945 0.708738
0.576953 0.686317 0.674757
0.602745 0.712277 0.737864
0.610349 0.709032 0.718447
0.610955 0.692266 0.708738
0.604222 0.704705 0.718447
0.584409 0.720119 0.737864
0.593212 0.714711 0.730583
0.584723 0.709573 0.711165
0.594173 0.687128 0.694175
0.570710 0.714711 0.720874
0.598921 0.698486 0.706311
0.589388 0.696052 0.740291
0.576100 0.692807 0.696602
0.599253 0.716604 0.730583
0.600302 0.710384 0.728155
0.610060 0.708491 0.723301
0.592479 0.694429 0.699029
0.583906 0.723094 0.735437
0.592240 0.713899 0.723301
0.589161 0.711466 0.728155
0.581655 0.710384 0.735437
0.565534 0.716874 0.720874
0.593107 0.704435 0.718447
0.593102 0.705787 0.723301
0.605853 0.675771 0.679612
0.592177 0.674419 0.691748
0.589729 0.711195 0.730583
0.567969 0.712547 0.730583
0.579718 0.707680 0.716019
0.620475 0.699567 0.703883
0.593457 0.698756 0.713592
0.606494 0.712277 0.711165
0.592825 0.707680 0.716019
0.579338 0.693889 0.708738
0.584850 0.707950 0.737864
0.590626 0.712277 0.706311
0.594567 0.667388 0.677184
0.599537 0.696593 0.703883
0.584347 0.711466 0.711165
0.619721 0.709573 0.708738
0.595431 0.718496 0.728155
0.578250 0.720119 0.733010
0.596798 0.715522 0.735437
0.575993 0.696863 0.733010
0.561670 0.722823 0.735437
0.571564 0.723094 0.728155
0.577090 0.699838 0.723301
0.588557 0.716333 0.723301
0.586139 0.725798 0.730583
0.587277 0.696593 0.708738
0.589684 0.723364 0.728155
0.589481 0.708491 0.720874
0.592901 0.716604 0.735437
0.569532 0.713359 0.735437
0.570295 0.725527 0.723301
0.578305 0.713899 0.725728
0.563440 0.720930 0.728155
0.588431 0.721201 0.759709
0.568304 0.720119 0.725728
0.569184 0.720389 0.733010
0.600261 0.716604 0.723301
0.585904 0.724175 0.733010
0.559870 0.716604 0.723301
0.576336 0.725257 0.740291
0.585105 0.727691 0.733010
0.578774 0.730395 0.750000
0.578922 0.715251 0.723301
0.573079 0.712277 0.716019
0.567336 0.719578 0.735437
0.586324 0.697945 0.716019
0.578920 0.720389 0.735437
0.582388 0.722012 0.723301
0.611066 0.719037 0.737864
0.585717 0.726068 0.742718
0.587867 0.722823 0.733010
0.577037 0.724446 0.725728
0.571289 0.720930 0.745146
0.592221 0.714170 0.752427
0.587933 0.734181 0.747573
0.579734 0.723094 0.742718
0.574196 0.722012 0.742718
0.577767 0.723364 0.740291
0.579656 0.725527 0.745146
0.582986 0.713088 0.735437
0.576234 0.722282 0.728155
0.562077 0.722282 0.735437
0.557201 0.727961 0.757282
0.573725 0.716333 0.725728
0.575902 0.723905 0.723301
0.588237 0.732829 0.752427
0.561599 0.735533 0.764563
0.559893 0.729313 0.757282
0.551504 0.707139 0.745146
0.585315 0.725798 0.735437
0.568200 0.712277 0.737864
0.576517 0.733369 0.747573
0.555533 0.728502 0.730583
0.562463 0.731747 0.747573
0.566668 0.723094 0.745146
0.570893 0.723094 0.735437
0.561883 0.727961 0.735437
0.564282 0.726609 0.740291
0.548060 0.734721 0.745146
0.556223 0.729854 0.747573
0.570961 0.733369 0.750000
0.576339 0.731476 0.745146
0.582126 0.719308 0.723301
0.574058 0.728231 0.745146
0.555580 0.726879 0.733010
0.563257 0.725527 0.752427
0.559044 0.710114 0.725728
0.556576 0.735262 0.745146
0.591105 0.732558 0.745146
0.567261 0.735262 0.742718
0.566018 0.733910 0.742718
0.563328 0.724175 0.733010
0.574074 0.723094 0.757282
0.554730 0.732288 0.730583
0.558581 0.732558 0.742718
0.561220 0.727420 0.740291
0.550968 0.737966 0.754854
0.560026 0.732558 0.733010
0.544530 0.724175 0.745146
0.568698 0.734181 0.733010
0.564867 0.737966 0.742718
0.554772 0.739048 0.737864
0.586398 0.739589 0.742718
0.547746 0.737426 0.757282
0.576926 0.734451 0.745146
0.541134 0.734721 0.745146
0.585738 0.718767 0.723301
0.575330 0.731476 0.730583
0.574827 0.738507 0.742718
0.560462 0.709573 0.723301
0.559043 0.739589 0.745146
0.569369 0.736074 0.754854
0.550459 0.734721 0.737864
0.562300 0.736074 0.747573
0.568232 0.734721 0.747573
0.530280 0.736074 0.750000
0.543134 0.733640 0.735437
0.572574 0.735533 0.730583
0.543768 0.738778 0.750000
0.546293 0.732558 0.747573
0.552866 0.732558 0.723301
0.569197 0.737426 0.740291
0.560033 0.734721 0.740291
0.547758 0.739589 0.750000
0.569996 0.733910 0.750000
0.551269 0.738237 0.752427
0.572650 0.735262 0.740291
0.569403 0.737426 0.733010
0.535739 0.733640 0.735437
0.564975 0.735803 0.737864
0.554974 0.740400 0.742718
0.516296 0.734721 0.735437
0.557178 0.738507 0.742718
0.559508 0.741752 0.735437
0.570771 0.739859 0.747573
0.550333 0.737426 0.737864
0.547109 0.737426 0.733010
0.548371 0.745809 0.740291
0.549411 0.746079 0.740291
0.563932 0.742564 0.733010
0.541347 0.743375 0.745146
0.539977 0.729854 0.750000
0.540177 0.727691 0.742718
0.557382 0.735803 0.740291
0.542508 0.740671 0.742718
0.529905 0.730395 0.742718
0.558850 0.740671 0.735437
0.543569 0.734721 0.752427
0.555689 0.733640 0.740291
0.536528 0.747431 0.737864
0.574608 0.736614 0.740291
0.549233 0.741752 0.740291
0.549191 0.737966 0.728155
0.560865 0.743104 0.733010
0.555545 0.736885 0.745146
0.553088 0.737426 0.740291
0.558291 0.739859 0.745146
0.580053 0.744456 0.754854
0.545372 0.738237 0.737864
0.544516 0.742023 0.740291
0.533428 0.739859 0.735437
0.542953 0.741211 0.737864
0.550406 0.733640 0.730583
0.548142 0.740941 0.745146
0.585378 0.739589 0.737864
0.536749 0.736074 0.747573
0.534038 0.744727 0.747573
0.551950 0.743916 0.750000
0.535471 0.743104 0.745146
0.531983 0.745268 0.747573
0.544992 0.745809 0.742718
0.552079 0.743104 0.737864
0.552978 0.741211 0.737864
0.550382 0.739589 0.740291
0.560240 0.742564 0.737864
0.536979 0.736885 0.737864
0.541552 0.736344 0.730583
0.547981 0.737966 0.735437
0.531885 0.742293 0.735437
0.535281 0.739589 0.745146
0.531338 0.740941 0.737864
0.556916 0.744456 0.742718
0.553180 0.743104 0.742718
0.555903 0.746079 0.742718
0.546132 0.735803 0.728155
0.538950 0.742564 0.733010
0.546705 0.744186 0.740291
0.550756 0.734181 0.742718
0.526008 0.737426 0.730583
0.528130 0.740671 0.737864
0.530410 0.739859 0.730583
0.524125 0.746890 0.728155
0.522234 0.747972 0.735437
0.542861 0.742293 0.728155
0.542939 0.743645 0.745146
0.546849 0.742023 0.752427
0.558210 0.744727 0.730583
0.529224 0.742834 0.735437
0.565095 0.740941 0.730583
0.520225 0.737426 0.730583
0.531191 0.739859 0.735437
0.545777 0.741752 0.735437
0.518112 0.739048 0.737864
0.555154 0.740130 0.737864
0.548298 0.734721 0.740291
0.557209 0.735803 0.740291
0.553148 0.747701 0.740291
0.553596 0.744727 0.733010
0.529137 0.742564 0.730583
0.523307 0.739319 0.728155
0.561811 0.742023 0.723301
0.553566 0.743375 0.728155
0.536280 0.740400 0.730583
0.536137 0.741482 0.737864
0.540735 0.739859 0.737864
0.534201 0.744186 0.740291
0.531709 0.740941 0.725728
0.555629 0.736074 0.745146
0.539217 0.739589 0.728155
0.538348 0.741482 0.737864
0.541118 0.739589 0.728155
0.560212 0.745809 0.740291
0.550706 0.739859 0.725728
0.536039 0.743645 0.742718
0.537269 0.742023 0.737864
0.548471 0.742564 0.742718
0.541549 0.745538 0.747573
0.534483 0.743375 0.737864
0.541454 0.741752 0.733010
0.524590 0.741482 0.740291
0.546208 0.741752 0.752427
0.545979 0.740130 0.735437
0.540739 0.742834 0.745146
0.542974 0.743375 0.733010
0.515574 0.743645 0.740291
0.574343 0.745538 0.742718
0.533695 0.740400 0.745146
0.531972 0.743645 0.745146
0.542240 0.742293 0.737864
0.545841 0.742564 0.737864
0.546231 0.743916 0.740291
0.544485 0.744456 0.740291
0.547798 0.744186 0.745146
0.547603 0.746079 0.752427
0.523169 0.744456 0.735437
0.548960 0.745268 0.740291
0.535264 0.746079 0.740291
0.540268 0.744186 0.745146
0.544715 0.744997 0.742718
0.530479 0.747701 0.745146
0.524636 0.749054 0.754854
0.554619 0.748242 0.747573
0.550552 0.747701 0.750000
0.518317 0.746349 0.742718
0.536854 0.744456 0.747573
0.524854 0.745538 0.740291
0.533587 0.745538 0.747573
0.526081 0.747972 0.740291
0.540975 0.744186 0.747573
0.550191 0.745268 0.750000
0.539392 0.746349 0.740291
0.548463 0.747972 0.757282
0.548743 0.748242 0.752427
0.547509 0.745268 0.737864
0.539303 0.746349 0.750000
