7.027135 0.499189 0.500000
2.826319 0.527312 0.519417
2.431486 0.649811 0.699029
1.861939 0.597891 0.601942
1.576876 0.661439 0.665049
1.496496 0.638994 0.611650
1.203930 0.642239 0.679612
1.489729 0.651433 0.667476
1.700140 0.630882 0.628641
1.534314 0.649811 0.662621
1.441575 0.672255 0.694175
1.162941 0.668469 0.689320
1.125914 0.612223 0.640777
1.108516 0.673337 0.701456
0.863416 0.675500 0.713592
0.737073 0.611682 0.626214
0.784730 0.668199 0.682039
0.674420 0.683613 0.708738
0.701753 0.660898 0.701456
0.707168 0.678745 0.713592
0.685500 0.681720 0.706311
0.661415 0.677934 0.699029
0.686640 0.692266 0.696602
0.624198 0.684965 0.713592
0.666074 0.666036 0.662621
0.685208 0.667658 0.669903
0.650308 0.669822 0.686893
0.668926 0.657653 0.682039
0.682564 0.646566 0.669903
0.666975 0.697134 0.725728
0.639186 0.702812 0.682039
0.600953 0.706328 0.735437
0.615702 0.673607 0.689320
0.633693 0.695511 0.742718
0.592293 0.710654 0.735437
0.628445 0.690373 0.728155
0.610697 0.694970 0.716019
0.638041 0.693618 0.711165
0.602223 0.697674 0.699029
0.653342 0.691725 0.723301
0.620391 0.708221 0.725728
0.619743 0.695782 0.713592
0.626006 0.662250 0.669903
0.624895 0.701460 0.716019
0.617025 0.659275 0.662621
0.608550 0.628448 0.648058
0.640024 0.691725 0.706311
0.587298 0.709302 0.728155
0.623675 0.706869 0.718447
0.574420 0.713899 0.735437
0.607638 0.706328 0.723301
0.596661 0.710384 0.737864
0.604006 0.705246 0.725728
0.599148 0.687128 0.686893
0.593709 0.711736 0.720874
0.588975 0.708221 0.725728
0.598617 0.700649 0.723301
0.586959 0.700919 0.728155
0.594636 0.707409 0.728155
0.580354 0.695241 0.701456
0.596155 0.704976 0.711165
0.576941 0.691725 0.682039
0.594643 0.714440 0.708738
0.595361 0.710925 0.735437
0.611000 0.695782 0.708738
0.605113 0.703894 0.701456
0.579600 0.714170 0.745146
0.588064 0.710114 0.716019
0.583929 0.722012 0.728155
0.591016 0.706057 0.733010
0.572450 0.709843 0.735437
0.594351 0.714981 0.745146
0.581742 0.705246 0.706311
0.586322 0.696322 0.716019
0.587098 0.713088 0.723301
0.578773 0.709843 0.728155
0.601735 0.706328 0.713592
0.585092 0.702812 0.701456
0.582617 0.712277 0.733010
0.586412 0.712006 0.728155
0.592761 0.708221 0.725728
0.578453 0.705787 0.725728
0.577813 0.700108 0.725728
0.585921 0.711736 0.720874
0.588685 0.693889 0.718447
0.611236 0.681449 0.694175
0.618583 0.673878 0.682039
0.588425 0.702542 0.708738
0.577193 0.709573 0.699029
0.580615 0.686858 0.691748
0.617897 0.698486 0.699029
0.580520 0.711195 0.720874
0.598285 0.711736 0.711165
0.588096 0.707139 0.708738
0.582203 0.709032 0.718447
0.577643 0.707950 0.737864
0.589319 0.703624 0.718447
0.607324 0.681179 0.696602
0.585131 0.686587 0.657767
0.591517 0.693618 0.706311
0.622650 0.705246 0.706311
0.603032 0.707950 0.703883
0.585869 0.709843 0.720874
0.592470 0.712818 0.733010
0.589561 0.701731 0.711165
0.566044 0.722282 0.728155
0.592372 0.696322 0.694175
0.580238 0.702542 0.701456
0.590281 0.703894 0.713592
0.585887 0.704435 0.718447
0.590128 0.689832 0.711165
0.587923 0.713359 0.718447
0.595168 0.709032 0.720874
0.598632 0.714711 0.720874
0.570966 0.717685 0.713592
0.577242 0.712277 0.725728
0.574888 0.695241 0.706311
0.566881 0.719037 0.728155
0.584452 0.713899 0.733010
0.567269 0.714981 0.718447
0.579472 0.710654 0.745146
0.606652 0.712818 0.718447
0.588122 0.707680 0.718447
0.570451 0.714440 0.735437
0.583006 0.717956 0.730583
0.586133 0.722823 0.733010
0.576961 0.719578 0.747573
0.575839 0.710384 0.718447
0.582603 0.710654 0.713592
0.566665 0.712547 0.723301
0.585929 0.697404 0.706311
0.586989 0.713359 0.730583
0.579595 0.712006 0.711165
0.619916 0.707950 0.701456
0.584544 0.714981 0.720874
0.595004 0.714711 0.716019
0.578330 0.710654 0.713592
0.577033 0.716063 0.742718
0.596306 0.715251 0.713592
0.596511 0.725798 0.747573
0.583395 0.713629 0.718447
0.580001 0.712277 0.708738
0.579457 0.713088 0.730583
0.577904 0.707680 0.737864
0.575565 0.717415 0.716019
0.579846 0.713359 0.708738
0.563327 0.714981 0.728155
0.559453 0.720119 0.742718
0.575501 0.704164 0.703883
0.585386 0.716333 0.723301
0.593183 0.716063 0.735437
0.567108 0.717956 0.742718
0.562072 0.716063 0.737864
0.557268 0.714981 0.728155
0.586556 0.707680 0.718447
0.578287 0.711466 0.733010
0.585044 0.719308 0.728155
0.564014 0.712006 0.703883
0.559903 0.714440 0.728155
0.564855 0.705787 0.718447
0.572538 0.716604 0.728155
0.560377 0.722012 0.720874
0.563757 0.724986 0.742718
0.548034 0.725527 0.737864
0.558946 0.725527 0.757282
0.574261 0.719578 0.735437
0.577969 0.717415 0.720874
0.581460 0.714981 0.725728
0.575910 0.724716 0.742718
0.561231 0.710925 0.725728
0.567245 0.724986 0.750000
0.564170 0.696052 0.703883
0.558790 0.725798 0.728155
0.596765 0.725257 0.737864
0.572481 0.723634 0.723301
0.566495 0.726339 0.728155
0.570912 0.710654 0.716019
0.568640 0.724986 0.750000
0.563149 0.727150 0.730583
0.572216 0.721201 0.728155
0.570459 0.722012 0.740291
0.552038 0.724986 0.742718
0.562952 0.724175 0.725728
0.546727 0.720660 0.740291
0.576835 0.722282 0.733010
0.569460 0.724446 0.737864
0.556461 0.724175 0.733010
0.594626 0.718226 0.728155
0.558574 0.724175 0.742718
0.576509 0.722282 0.745146
0.553664 0.722823 0.730583
0.583918 0.720660 0.720874
0.569869 0.723634 0.728155
0.572142 0.723905 0.735437
0.559617 0.694429 0.694175
0.563740 0.726879 0.737864
0.573702 0.724986 0.737864
0.554976 0.722012 0.730583
0.565319 0.723634 0.740291
0.577680 0.722012 0.737864
0.544591 0.724716 0.740291
0.551891 0.726879 0.735437
0.576101 0.727961 0.735437
0.545188 0.731747 0.742718
0.550147 0.724716 0.742718
0.557013 0.727691 0.740291
0.574547 0.727691 0.737864
0.549462 0.728502 0.740291
0.558341 0.726339 0.733010
0.573369 0.728231 0.733010
0.560990 0.729313 0.745146
0.579291 0.726339 0.733010
0.568880 0.720389 0.730583
0.544288 0.716333 0.730583
0.577185 0.724986 0.737864
0.555998 0.728772 0.728155
0.520244 0.724986 0.733010
0.564137 0.727420 0.742718
0.560192 0.732829 0.730583
0.580485 0.728231 0.733010
0.561516 0.728772 0.750000
0.558527 0.723364 0.737864
0.557616 0.726879 0.740291
0.553361 0.728502 0.730583
0.571345 0.727420 0.745146
0.548780 0.726339 0.752427
0.539303 0.722012 0.725728
0.551923 0.712547 0.718447
0.560653 0.720389 0.740291
0.546719 0.725527 0.735437
0.545489 0.725527 0.750000
0.557929 0.727150 0.730583
0.549047 0.731747 0.737864
0.569012 0.726879 0.725728
0.545671 0.727691 0.737864
0.588419 0.732017 0.737864
0.553411 0.727420 0.733010
0.571715 0.727150 0.723301
0.569220 0.729854 0.723301
0.570265 0.725257 0.730583
0.570789 0.717144 0.733010
0.571352 0.729854 0.733010
0.584323 0.727150 0.742718
0.552935 0.718226 0.733010
0.559927 0.729043 0.718447
0.545783 0.727961 0.733010
0.553620 0.727420 0.735437
0.570572 0.716063 0.716019
0.562390 0.730936 0.740291
0.586570 0.727150 0.725728
0.556474 0.730395 0.750000
0.547664 0.733910 0.737864
0.559988 0.729584 0.737864
0.538683 0.727420 0.735437
0.548838 0.728502 0.737864
0.554182 0.731476 0.735437
0.559030 0.730665 0.728155
0.563920 0.730665 0.737864
0.569105 0.728772 0.728155
0.567165 0.730665 0.730583
0.552120 0.728502 0.733010
0.558031 0.728772 0.730583
0.554228 0.727150 0.733010
0.549561 0.729313 0.733010
0.546338 0.730936 0.735437
0.555492 0.728502 0.737864
0.572098 0.732017 0.737864
0.558559 0.724175 0.730583
0.565594 0.729854 0.733010
0.554366 0.724446 0.742718
0.544172 0.731476 0.737864
0.561907 0.731476 0.730583
0.557888 0.725257 0.730583
0.547688 0.726609 0.740291
0.536029 0.731476 0.730583
0.543485 0.730936 0.733010
0.539831 0.733099 0.735437
0.531603 0.734451 0.733010
0.545855 0.727961 0.735437
0.556050 0.732558 0.737864
0.559138 0.732829 0.728155
0.566450 0.731476 0.733010
0.538762 0.733099 0.735437
0.564132 0.729584 0.728155
0.533489 0.728231 0.733010
0.544572 0.728231 0.742718
0.550503 0.730936 0.733010
0.539062 0.727961 0.737864
0.568772 0.726068 0.730583
0.559473 0.727691 0.740291
0.575030 0.727961 0.728155
0.559575 0.731206 0.728155
0.558612 0.732288 0.735437
0.537467 0.731747 0.737864
0.541211 0.729584 0.740291
0.572575 0.730124 0.737864
0.561813 0.729043 0.730583
0.555427 0.730124 0.728155
0.545998 0.734992 0.733010
0.556052 0.733099 0.733010
0.550625 0.735262 0.735437
0.547860 0.733640 0.733010
0.554157 0.726879 0.737864
0.549784 0.730665 0.737864
0.549151 0.733640 0.735437
0.552056 0.734181 0.737864
0.562729 0.732017 0.742718
0.559540 0.732017 0.737864
0.541422 0.732017 0.740291
0.558097 0.734721 0.740291
0.560781 0.735803 0.735437
0.558153 0.733910 0.740291
0.560512 0.732558 0.740291
0.550861 0.733640 0.733010
0.536092 0.729043 0.737864
0.560548 0.732288 0.735437
0.572237 0.732558 0.735437
0.552417 0.733369 0.733010
0.556521 0.735533 0.733010
0.535793 0.731476 0.737864
0.585576 0.733910 0.733010
0.545875 0.730124 0.725728
0.544724 0.733910 0.733010
0.552516 0.731206 0.737864
0.556103 0.729313 0.728155
0.562370 0.733099 0.728155
0.564454 0.732829 0.735437
0.554585 0.734181 0.735437
0.561461 0.733640 0.737864
0.538427 0.730665 0.737864
0.552292 0.734181 0.735437
0.547717 0.735803 0.735437
0.547838 0.735533 0.735437
0.553255 0.732558 0.735437
0.547064 0.734451 0.733010
0.543951 0.735533 0.737864
0.561945 0.735803 0.740291
0.564877 0.733640 0.740291
0.531712 0.733099 0.740291
0.548633 0.732017 0.733010
0.542139 0.735533 0.742718
0.545234 0.733369 0.730583
0.544455 0.731747 0.733010
0.551084 0.734181 0.735437
0.560142 0.734992 0.728155
0.556354 0.735533 0.735437
0.561017 0.735262 0.737864
0.556046 0.734721 0.737864
0.560739 0.732558 0.735437
0.558490 0.731476 0.740291
