8.474779 0.499730 0.492718
3.902914 0.628177 0.643204
3.866746 0.636290 0.652913
2.715076 0.686587 0.701456
1.733144 0.519200 0.514563
1.764259 0.632504 0.635922
1.546917 0.707139 0.696602
1.507874 0.632774 0.626214
1.500686 0.664684 0.657767
1.412185 0.669822 0.691748
1.286976 0.616820 0.631068
1.049771 0.713359 0.740291
1.020130 0.663061 0.655340
1.039689 0.707950 0.747573
0.741443 0.713088 0.759709
0.843140 0.675500 0.691748
0.879672 0.674148 0.689320
0.788302 0.697945 0.716019
0.845140 0.564630 0.548544
0.744404 0.709843 0.752427
0.625924 0.724716 0.742718
0.633464 0.724175 0.759709
0.680194 0.618983 0.618932
0.608288 0.722823 0.757282
0.637005 0.733099 0.728155
0.698017 0.540022 0.516990
0.681082 0.609519 0.604369
0.667408 0.723905 0.723301
0.642989 0.726609 0.752427
0.608705 0.724986 0.762136
0.595481 0.724986 0.764563
0.558722 0.556787 0.538835
0.614554 0.653867 0.638350
0.632790 0.730124 0.745146
0.569218 0.733640 0.747573
0.607727 0.717956 0.733010
0.594634 0.730124 0.713592
0.632778 0.679286 0.679612
0.597332 0.658464 0.660194
0.620058 0.687939 0.689320
0.612728 0.604381 0.597087
0.607388 0.651974 0.645631
0.582289 0.675230 0.689320
0.585200 0.683883 0.691748
0.592768 0.724175 0.720874
0.590900 0.652244 0.672330
0.634672 0.712006 0.740291
0.562846 0.731206 0.752427
0.587109 0.720660 0.730583
0.556281 0.723905 0.750000
0.568412 0.743645 0.771845
0.571944 0.627366 0.648058
0.574689 0.709843 0.730583
0.571257 0.683883 0.689320
0.546074 0.742564 0.759709
0.551818 0.709573 0.720874
0.555021 0.731476 0.740291
0.543782 0.752569 0.781553
0.556633 0.739589 0.762136
0.539145 0.738778 0.740291
0.548476 0.721471 0.713592
0.537378 0.737426 0.742718
0.544102 0.747972 0.742718
0.571622 0.727150 0.720874
0.563336 0.736614 0.733010
0.561903 0.755273 0.779126
0.560734 0.758518 0.771845
0.553404 0.734721 0.728155
0.561438 0.743916 0.745146
0.551830 0.709302 0.737864
0.540066 0.719578 0.742718
0.567414 0.756896 0.771845
0.559217 0.737155 0.771845
0.548551 0.728502 0.740291
0.578328 0.739589 0.776699
0.565472 0.723634 0.718447
0.568675 0.733640 0.766990
0.545363 0.732558 0.718447
0.565718 0.746349 0.764563
0.554268 0.663872 0.652913
0.558536 0.691725 0.713592
0.539852 0.731476 0.750000
0.545257 0.713899 0.716019
0.542526 0.709032 0.699029
0.556237 0.666036 0.679612
0.564625 0.703083 0.711165
0.565055 0.680368 0.691748
0.555554 0.732829 0.745146
0.546934 0.742564 0.730583
0.558158 0.736344 0.757282
0.575578 0.711736 0.699029
0.549063 0.700379 0.665049
0.568753 0.730665 0.740291
0.576995 0.739319 0.745146
0.537430 0.761763 0.764563
0.559105 0.735533 0.730583
0.555284 0.740400 0.730583
0.554637 0.675500 0.686893
0.563967 0.704164 0.696602
0.534881 0.762845 0.776699
0.563116 0.715522 0.713592
0.544184 0.755814 0.764563
0.549822 0.768253 0.752427
0.543475 0.764197 0.762136
0.549353 0.769335 0.771845
0.521599 0.765549 0.762136
0.516031 0.776366 0.769417
0.530656 0.769876 0.752427
0.559998 0.766901 0.769417
0.535860 0.767712 0.776699
0.539564 0.740941 0.720874
0.533145 0.763926 0.764563
0.544952 0.768253 0.779126
0.536847 0.767712 0.764563
0.522293 0.766090 0.771845
0.531246 0.662791 0.652913
0.543419 0.781504 0.786408
0.502788 0.736074 0.725728
0.522545 0.762304 0.776699
0.510250 0.773661 0.779126
0.528672 0.771769 0.747573
0.558053 0.769335 0.740291
0.540588 0.754462 0.752427
0.504391 0.789075 0.774272
0.518685 0.784208 0.776699
0.536911 0.764738 0.776699
0.515221 0.778259 0.774272
0.539771 0.765549 0.764563
0.530535 0.781233 0.786408
0.528417 0.753380 0.733010
0.519546 0.769876 0.754854
0.521889 0.777177 0.766990
0.521298 0.770416 0.771845
0.535333 0.783396 0.764563
0.513955 0.789075 0.779126
0.551315 0.769335 0.788835
0.520760 0.742293 0.718447
0.525523 0.768794 0.771845
0.556864 0.781774 0.776699
0.546518 0.766090 0.747573
0.520125 0.777177 0.764563
0.514770 0.778529 0.788835
0.538048 0.772309 0.764563
0.506965 0.790968 0.769417
0.521420 0.772850 0.762136
0.522279 0.780151 0.781553
0.501067 0.756355 0.764563
0.492410 0.789075 0.800971
0.520633 0.778529 0.793689
0.496227 0.782856 0.786408
0.526962 0.790698 0.800971
0.508486 0.783126 0.771845
0.492384 0.796106 0.786408
0.501441 0.776906 0.747573
0.511511 0.783937 0.766990
0.491006 0.780692 0.771845
0.504171 0.786641 0.769417
0.495461 0.788534 0.788835
0.498729 0.793131 0.798544
0.497748 0.779881 0.769417
0.504922 0.793402 0.791262
0.488577 0.797188 0.766990
0.488260 0.782044 0.764563
0.456906 0.793672 0.783981
0.485408 0.796106 0.774272
0.489002 0.793402 0.788835
0.506792 0.786371 0.766990
0.529121 0.795836 0.788835
0.495474 0.796647 0.774272
0.509985 0.785289 0.766990
0.475868 0.797729 0.774272
0.481965 0.793672 0.771845
0.493737 0.803948 0.798544
0.499540 0.795295 0.774272
0.481902 0.800433 0.759709
0.486914 0.793402 0.774272
0.483135 0.784208 0.757282
0.514293 0.782856 0.762136
0.492036 0.796917 0.788835
0.487113 0.796376 0.793689
0.484525 0.797188 0.776699
0.471821 0.789346 0.786408
0.483232 0.800433 0.791262
0.468517 0.802326 0.793689
0.505964 0.808545 0.783981
0.472260 0.802596 0.791262
0.471862 0.805300 0.800971
0.477188 0.800703 0.766990
0.489670 0.808545 0.783981
0.497179 0.802866 0.788835
0.491210 0.798540 0.783981
0.486807 0.800703 0.786408
0.483811 0.802326 0.769417
0.468743 0.801785 0.791262
0.503655 0.793131 0.759709
0.473028 0.805571 0.779126
0.495231 0.802866 0.788835
0.477969 0.799621 0.793689
0.464203 0.805571 0.783981
0.463402 0.815576 0.796117
0.467347 0.812601 0.788835
0.456833 0.809897 0.774272
0.459757 0.806382 0.793689
0.460766 0.811249 0.783981
0.446602 0.807193 0.796117
0.469682 0.810708 0.798544
0.477562 0.818010 0.796117
0.456501 0.811520 0.800971
0.461605 0.814494 0.791262
0.468315 0.811520 0.791262
0.459019 0.814765 0.791262
0.478076 0.810979 0.776699
0.471308 0.814224 0.776699
0.436959 0.812331 0.769417
0.472503 0.813683 0.783981
0.465177 0.813142 0.783981
0.413197 0.811249 0.776699
0.446620 0.810708 0.800971
0.475058 0.821525 0.783981
0.484650 0.809356 0.791262
0.458503 0.813413 0.786408
0.468967 0.818280 0.774272
0.456161 0.819091 0.776699
0.451918 0.818280 0.791262
0.483676 0.820984 0.800971
0.458714 0.815306 0.805825
0.463991 0.815846 0.796117
0.442422 0.814765 0.781553
0.438110 0.820443 0.791262
0.435155 0.819091 0.788835
0.417222 0.815306 0.791262
0.454749 0.815846 0.793689
0.453667 0.816928 0.779126
0.460776 0.817739 0.791262
0.421937 0.815306 0.796117
0.475776 0.820443 0.783981
0.468289 0.819632 0.779126
0.459673 0.815846 0.791262
0.464782 0.815035 0.786408
0.469743 0.813142 0.769417
0.462023 0.808816 0.766990
0.463961 0.819091 0.774272
0.452214 0.820173 0.779126
0.444162 0.816928 0.769417
0.462717 0.822607 0.793689
0.435171 0.823148 0.783981
0.461969 0.819091 0.791262
0.458355 0.810708 0.759709
0.457794 0.815035 0.774272
0.472761 0.815846 0.769417
0.436794 0.816928 0.781553
0.441420 0.819362 0.788835
0.462878 0.820984 0.776699
0.438328 0.829097 0.786408
0.434144 0.828015 0.783981
0.444477 0.824229 0.786408
0.433765 0.826393 0.788835
0.447858 0.822066 0.779126
0.437981 0.828556 0.781553
0.448795 0.830178 0.774272
0.422529 0.823418 0.776699
0.456780 0.825311 0.779126
0.452317 0.829638 0.779126
0.411497 0.830719 0.781553
0.428493 0.826122 0.793689
0.433038 0.829097 0.781553
0.433322 0.826393 0.779126
0.447926 0.828015 0.791262
0.452395 0.830719 0.788835
0.436237 0.824500 0.800971
0.445329 0.832342 0.788835
0.440286 0.832342 0.798544
0.430879 0.832071 0.796117
0.444330 0.828015 0.786408
0.439589 0.836398 0.793689
0.433919 0.833964 0.803398
0.417079 0.833694 0.788835
0.418147 0.833694 0.788835
0.416764 0.836939 0.791262
0.438947 0.837209 0.786408
0.444574 0.833153 0.776699
0.451205 0.833694 0.796117
0.421053 0.831260 0.781553
0.446186 0.828286 0.791262
0.407248 0.832071 0.796117
0.415031 0.833423 0.786408
0.426389 0.830719 0.776699
0.422149 0.834235 0.798544
0.458390 0.835587 0.781553
0.433228 0.831260 0.788835
0.439840 0.832342 0.791262
0.436439 0.835857 0.783981
0.443928 0.834776 0.788835
0.407467 0.831260 0.779126
0.438743 0.831801 0.791262
0.437940 0.835046 0.791262
0.439899 0.835857 0.796117
0.427871 0.837209 0.783981
0.436014 0.835316 0.786408
0.444270 0.840184 0.803398
0.412110 0.838561 0.788835
0.419313 0.836398 0.791262
0.417839 0.839102 0.803398
0.424788 0.835857 0.793689
0.424316 0.835857 0.796117
0.448930 0.838832 0.793689
0.424968 0.839913 0.796117
0.436738 0.838832 0.803398
0.427663 0.840995 0.798544
0.429533 0.837209 0.800971
0.438633 0.836668 0.800971
0.399957 0.842077 0.786408
0.417608 0.836668 0.798544
0.445807 0.837209 0.803398
0.424042 0.841536 0.793689
0.420687 0.841266 0.800971
0.425189 0.838832 0.800971
0.437605 0.834776 0.783981
0.432804 0.839913 0.803398
0.441729 0.838832 0.798544
0.462775 0.835587 0.793689
0.449003 0.837750 0.803398
0.418231 0.838021 0.791262
0.441307 0.837209 0.798544
0.426739 0.839913 0.786408
0.439279 0.843429 0.800971
0.439495 0.837750 0.788835
0.423141 0.842077 0.803398
0.442980 0.843699 0.788835
0.424062 0.841536 0.793689
0.449164 0.833694 0.798544
0.441033 0.842618 0.805825
0.433074 0.843429 0.803398
0.423451 0.840725 0.810680
0.413071 0.837750 0.803398
0.410864 0.840995 0.803398
0.426729 0.841266 0.798544
0.442480 0.841536 0.800971
0.411269 0.842618 0.800971
0.422508 0.840454 0.800971
0.417888 0.840454 0.800971
0.433417 0.839643 0.796117
0.423747 0.843699 0.796117
0.430547 0.840725 0.796117
0.421623 0.841266 0.783981
0.435537 0.844240 0.800971
0.422588 0.839373 0.776699
0.439337 0.841806 0.798544
0.438500 0.841536 0.786408
0.410358 0.841266 0.791262
