5.898307 0.514062 0.509709
3.575266 0.598702 0.604369
2.104983 0.634397 0.677184
1.900807 0.644132 0.682039
1.809221 0.608707 0.621359
1.465365 0.608437 0.616505
1.287892 0.606003 0.621359
1.067771 0.571120 0.575243
1.610473 0.647107 0.660194
1.113228 0.694159 0.703883
1.072896 0.671985 0.708738
0.903714 0.646836 0.669903
0.878740 0.618442 0.616505
1.039868 0.680638 0.706311
0.877262 0.643862 0.694175
0.811822 0.670903 0.650485
0.822840 0.676041 0.694175
0.829562 0.674419 0.711165
0.817999 0.682802 0.696602
0.711702 0.671714 0.720874
0.686157 0.694970 0.711165
0.775380 0.674689 0.711165
0.718161 0.689292 0.701456
0.679140 0.700108 0.706311
0.692151 0.677934 0.694175
0.671819 0.670092 0.677184
0.643987 0.633045 0.638350
0.672358 0.684965 0.669903
0.694377 0.701731 0.723301
0.651791 0.686858 0.708738
0.628729 0.709573 0.725728
0.595531 0.709032 0.733010
0.617333 0.677664 0.716019
0.628986 0.704976 0.733010
0.584597 0.699567 0.723301
0.615167 0.673878 0.689320
0.619480 0.686858 0.713592
0.639165 0.671444 0.682039
0.612454 0.706869 0.752427
0.646838 0.694700 0.733010
0.612568 0.702001 0.730583
0.620589 0.708761 0.723301
0.608887 0.659275 0.665049
0.612068 0.708221 0.745146
0.603170 0.660087 0.657767
0.611237 0.694700 0.735437
0.638319 0.661979 0.672330
0.588162 0.706328 0.730583
0.622961 0.676041 0.684466
0.580111 0.708491 0.754854
0.600685 0.708491 0.737864
0.603592 0.717144 0.730583
0.582795 0.706328 0.737864
0.601167 0.695511 0.730583
0.585434 0.721201 0.745146
0.584511 0.716063 0.735437
0.596007 0.707409 0.733010
0.574188 0.717415 0.747573
0.585919 0.711736 0.730583
0.580686 0.703894 0.735437
0.597257 0.710114 0.725728
0.561888 0.699567 0.694175
0.590127 0.709573 0.745146
0.594858 0.714711 0.742718
0.606864 0.710114 0.745146
0.601971 0.705787 0.720874
0.587538 0.713359 0.737864
0.586994 0.713359 0.740291
0.584669 0.718767 0.752427
0.584741 0.707139 0.747573
0.568271 0.714981 0.779126
0.594442 0.698486 0.706311
0.574542 0.715792 0.752427
0.575189 0.692266 0.733010
0.591983 0.709573 0.725728
0.570756 0.721201 0.733010
0.599896 0.690644 0.703883
0.580538 0.706057 0.720874
0.587852 0.686587 0.699029
0.602643 0.711736 0.720874
0.584249 0.718767 0.733010
0.580331 0.701731 0.733010
0.565830 0.717144 0.728155
0.588316 0.707680 0.708738
0.590854 0.676312 0.674757
0.615533 0.716063 0.735437
0.599846 0.672796 0.686893
0.592141 0.714440 0.737864
0.572750 0.717685 0.718447
0.578417 0.676582 0.689320
0.609953 0.692537 0.694175
0.573241 0.686317 0.694175
0.587351 0.696863 0.725728
0.598528 0.719037 0.733010
0.563772 0.724446 0.733010
0.574696 0.721741 0.754854
0.577582 0.716604 0.728155
0.602694 0.686317 0.713592
0.582025 0.657923 0.655340
0.589019 0.712006 0.725728
0.623151 0.720389 0.730583
0.598433 0.716063 0.747573
0.579862 0.724986 0.740291
0.579787 0.724446 0.737864
0.577683 0.710925 0.733010
0.558458 0.723094 0.740291
0.562529 0.730665 0.747573
0.565171 0.719308 0.730583
0.579830 0.713088 0.730583
0.582826 0.727420 0.745146
0.577821 0.710925 0.725728
0.568946 0.732558 0.737864
0.587404 0.722823 0.735437
0.583121 0.727961 0.733010
0.558596 0.730124 0.747573
0.558613 0.720119 0.730583
0.573998 0.722823 0.733010
0.553469 0.734451 0.737864
0.574501 0.731476 0.752427
0.561461 0.726068 0.733010
0.564351 0.729043 0.759709
0.599321 0.728502 0.742718
0.571337 0.738778 0.750000
0.545198 0.730936 0.759709
0.565632 0.733369 0.766990
0.575843 0.731747 0.742718
0.560992 0.729584 0.754854
0.569026 0.734451 0.745146
0.557025 0.720389 0.745146
0.560845 0.726339 0.735437
0.567058 0.717144 0.730583
0.576291 0.727150 0.742718
0.579040 0.716063 0.718447
0.595453 0.724175 0.745146
0.578746 0.720660 0.730583
0.584066 0.718496 0.728155
0.568451 0.722553 0.728155
0.560702 0.706869 0.730583
0.597751 0.717144 0.737864
0.583018 0.728772 0.750000
0.573673 0.729043 0.723301
0.570722 0.727420 0.737864
0.573370 0.723364 0.747573
0.564100 0.728231 0.745146
0.573705 0.719578 0.720874
0.567773 0.719308 0.745146
0.555533 0.728231 0.735437
0.552466 0.719578 0.754854
0.566768 0.726068 0.737864
0.559794 0.729854 0.742718
0.580664 0.729043 0.762136
0.550897 0.729854 0.745146
0.553120 0.728772 0.759709
0.545733 0.726339 0.745146
0.574266 0.728231 0.740291
0.553426 0.723364 0.740291
0.565517 0.732288 0.757282
0.547880 0.726609 0.740291
0.550686 0.729313 0.766990
0.564942 0.722012 0.728155
0.558627 0.729043 0.752427
0.549097 0.730936 0.754854
0.559550 0.729584 0.728155
0.532916 0.733369 0.750000
0.541769 0.737155 0.752427
0.557250 0.737155 0.764563
0.566579 0.734992 0.757282
0.568531 0.736614 0.750000
0.558855 0.737155 0.754854
0.555268 0.727150 0.725728
0.544196 0.730665 0.752427
0.554018 0.720389 0.730583
0.545401 0.738778 0.759709
0.576556 0.738778 0.750000
0.554571 0.736074 0.752427
0.550735 0.736344 0.747573
0.557436 0.715792 0.708738
0.558019 0.734181 0.740291
0.541589 0.734181 0.759709
0.555359 0.737426 0.754854
0.550060 0.743916 0.752427
0.538385 0.741752 0.759709
0.547242 0.740941 0.742718
0.543600 0.737426 0.754854
0.560785 0.729043 0.733010
0.552202 0.742023 0.764563
0.537916 0.740400 0.750000
0.575651 0.740400 0.742718
0.547148 0.741752 0.764563
0.562901 0.736344 0.745146
0.538066 0.743104 0.754854
0.563125 0.737155 0.742718
0.555546 0.742564 0.762136
0.558054 0.742293 0.754854
0.548396 0.676041 0.665049
0.550564 0.737966 0.754854
0.556255 0.734992 0.747573
0.541896 0.734721 0.754854
0.554160 0.744997 0.757282
0.558674 0.744997 0.764563
0.521922 0.747972 0.759709
0.528840 0.744997 0.757282
0.551633 0.743916 0.747573
0.531394 0.747972 0.764563
0.531076 0.741211 0.774272
0.547426 0.743916 0.754854
0.561363 0.744186 0.747573
0.545038 0.745268 0.750000
0.533438 0.747431 0.752427
0.543615 0.745809 0.757282
0.534822 0.747431 0.747573
0.573064 0.743916 0.740291
0.551989 0.737966 0.745146
0.528667 0.740671 0.740291
0.553145 0.749324 0.752427
0.531581 0.748242 0.754854
0.499032 0.745809 0.757282
0.546111 0.742834 0.762136
0.550125 0.744727 0.759709
0.555555 0.746349 0.750000
0.542872 0.750406 0.759709
0.542850 0.746079 0.750000
0.537600 0.748513 0.759709
0.527480 0.748783 0.757282
0.549526 0.750406 0.745146
0.528368 0.749865 0.764563
0.518347 0.743645 0.766990
0.528667 0.735803 0.740291
0.539528 0.749594 0.754854
0.532946 0.749865 0.759709
0.514336 0.754462 0.766990
0.542930 0.753921 0.745146
0.533521 0.750946 0.757282
0.533059 0.749054 0.752427
0.524665 0.747161 0.757282
0.559440 0.756355 0.747573
0.540930 0.750135 0.757282
0.560624 0.755814 0.759709
0.556170 0.756896 0.754854
0.545229 0.744186 0.742718
0.538617 0.747161 0.742718
0.556145 0.749324 0.745146
0.557149 0.747431 0.742718
0.524883 0.742564 0.742718
0.535988 0.756896 0.747573
0.518662 0.753110 0.742718
0.522702 0.751758 0.737864
0.539968 0.753651 0.733010
0.539365 0.758248 0.750000
0.561272 0.747431 0.742718
0.524304 0.753380 0.766990
0.513226 0.756625 0.764563
0.528972 0.756355 0.774272
0.524761 0.754732 0.757282
0.531147 0.755003 0.766990
0.534181 0.757977 0.759709
0.535187 0.756625 0.762136
0.540192 0.749324 0.745146
0.543006 0.754191 0.762136
0.545068 0.756084 0.754854
0.526990 0.751758 0.757282
0.532305 0.750406 0.759709
0.545707 0.748513 0.757282
0.515866 0.752028 0.764563
0.513357 0.756896 0.766990
0.511468 0.752839 0.766990
0.540945 0.759870 0.757282
0.533152 0.753921 0.762136
0.544562 0.755273 0.750000
0.536297 0.746890 0.750000
0.530594 0.755003 0.754854
0.539010 0.758789 0.759709
0.533516 0.752569 0.771845
0.521879 0.754462 0.759709
0.509303 0.756896 0.766990
0.513231 0.754191 0.764563
0.511242 0.755273 0.766990
0.514747 0.762034 0.752427
0.530876 0.758789 0.757282
0.531524 0.763115 0.754854
0.541507 0.762845 0.747573
0.549063 0.759059 0.754854
0.507450 0.753651 0.764563
0.540302 0.761222 0.766990
0.504165 0.758789 0.757282
0.509638 0.756355 0.774272
0.526153 0.759059 0.769417
0.500196 0.759329 0.769417
0.550677 0.758248 0.754854
0.535441 0.756355 0.764563
0.557399 0.758248 0.762136
0.538530 0.762845 0.759709
0.539547 0.762304 0.762136
0.513122 0.760952 0.759709
0.512408 0.758789 0.776699
0.538614 0.759600 0.764563
0.530016 0.760681 0.764563
0.532883 0.761763 0.771845
0.520338 0.759059 0.750000
0.524626 0.756355 0.757282
0.516742 0.764738 0.759709
0.526982 0.761493 0.769417
0.529594 0.759870 0.754854
0.528816 0.756084 0.759709
0.520846 0.757707 0.764563
0.523943 0.760952 0.771845
0.539962 0.763115 0.771845
0.540817 0.757436 0.762136
0.523280 0.760952 0.774272
0.530948 0.756355 0.764563
0.534353 0.758518 0.769417
0.530338 0.764467 0.769417
0.518052 0.761222 0.769417
0.534379 0.760411 0.759709
0.509330 0.761493 0.762136
0.528704 0.761222 0.759709
0.527237 0.762034 0.766990
0.515777 0.759059 0.759709
0.518659 0.761493 0.766990
0.511164 0.759870 0.747573
0.556339 0.761763 0.754854
0.518750 0.761763 0.764563
0.516600 0.762034 0.762136
0.533342 0.763115 0.757282
0.522542 0.763926 0.759709
0.531972 0.763656 0.750000
0.527006 0.762034 0.766990
0.529439 0.764467 0.764563
0.531733 0.767171 0.762136
0.505411 0.762034 0.766990
0.528699 0.766901 0.769417
0.533432 0.764738 0.745146
0.522951 0.768524 0.759709
0.518660 0.765279 0.774272
0.514921 0.765279 0.766990
0.503196 0.767983 0.757282
0.522336 0.766360 0.759709
0.537812 0.766090 0.764563
0.505704 0.768524 0.752427
0.522819 0.766631 0.766990
0.506282 0.765549 0.762136
0.510898 0.763386 0.769417
0.519292 0.764197 0.766990
0.518260 0.768253 0.776699
0.532872 0.767442 0.774272
0.535644 0.763926 0.776699
0.515309 0.767983 0.764563
0.538107 0.764738 0.766990
0.534837 0.762845 0.764563
0.526424 0.763656 0.764563
4.566294 0.537588 0.550971
1.890087 0.570038 0.565534
1.499467 0.587885 0.560680
1.278645 0.643862 0.631068
1.009708 0.676312 0.689320
1.090745 0.659546 0.665049
1.026284 0.656842 0.672330
0.908708 0.664143 0.660194
1.039117 0.670903 0.660194
0.970731 0.624392 0.626214
0.906304 0.664143 0.682039
0.797422 0.697404 0.716019
0.820905 0.642509 0.648058
0.817035 0.688480 0.723301
0.701521 0.698486 0.711165
0.678744 0.683072 0.730583
0.742140 0.686047 0.718447
0.685036 0.693889 0.711165
0.741260 0.599243 0.589806
0.680413 0.692537 0.708738
0.671044 0.658194 0.665049
0.697925 0.706057 0.725728
0.687143 0.651433 0.650485
0.669242 0.696052 0.706311
0.709179 0.680097 0.711165
0.679305 0.695782 0.708738
0.685009 0.676852 0.689320
0.711011 0.705787 0.720874
0.725098 0.653867 0.655340
0.652387 0.686858 0.713592
0.635380 0.709032 0.713592
0.596407 0.676852 0.689320
0.633751 0.663332 0.684466
0.645904 0.700919 0.735437
0.603925 0.691725 0.701456
0.626292 0.701190 0.708738
0.635117 0.680368 0.686893
0.651460 0.686317 0.694175
0.637971 0.696052 0.701456
0.628335 0.700379 0.733010
0.620774 0.687128 0.694175
0.620664 0.708491 0.742718
0.626440 0.633586 0.628641
0.600048 0.694159 0.728155
0.591855 0.667388 0.665049
0.609246 0.676852 0.686893
0.641479 0.701731 0.699029
0.581051 0.712547 0.716019
0.627558 0.701190 0.718447
0.585520 0.711195 0.733010
0.617013 0.717415 0.735437
0.594024 0.716063 0.733010
0.600438 0.709573 0.745146
0.597458 0.694700 0.699029
0.593311 0.712547 0.733010
0.586551 0.695511 0.706311
0.607454 0.714440 0.742718
0.583317 0.710114 0.745146
0.592994 0.713629 0.742718
0.582895 0.695511 0.701456
0.592747 0.707950 0.720874
0.571267 0.703083 0.699029
0.595217 0.717415 0.742718
0.597571 0.710384 0.723301
0.615835 0.704164 0.713592
0.606748 0.703353 0.701456
0.585841 0.711736 0.737864
0.591574 0.721201 0.728155
0.588169 0.709843 0.713592
0.590344 0.699027 0.728155
0.576412 0.699027 0.740291
0.597187 0.701460 0.723301
0.587378 0.704976 0.752427
0.582170 0.707950 0.737864
0.592407 0.708761 0.735437
0.588191 0.713359 0.733010
0.595839 0.700919 0.723301
0.586035 0.694970 0.691748
0.583396 0.717144 0.730583
0.593257 0.716333 0.745146
0.591880 0.723094 0.728155
0.589071 0.709032 0.737864
0.571289 0.714711 0.754854
0.593809 0.708221 0.725728
0.587870 0.679286 0.686893
0.612099 0.681720 0.696602
0.583341 0.664143 0.672330
0.589506 0.717685 0.716019
0.566782 0.719308 0.706311
0.581348 0.718767 0.723301
0.617855 0.710654 0.713592
0.586308 0.705246 0.716019
0.599009 0.712277 0.730583
0.589992 0.709032 0.716019
0.577779 0.715251 0.718447
0.571824 0.708221 0.718447
0.586306 0.710925 0.718447
0.596936 0.694970 0.708738
0.590437 0.689562 0.682039
0.593353 0.698756 0.725728
0.616580 0.716874 0.730583
0.602533 0.720119 0.737864
0.583662 0.716063 0.742718
0.593459 0.715522 0.713592
0.585549 0.705516 0.735437
0.564185 0.719849 0.742718
0.576541 0.722823 0.730583
0.573108 0.708761 0.711165
0.585202 0.714440 0.701456
0.594219 0.716333 0.725728
0.587094 0.677393 0.686893
0.579051 0.723634 0.737864
0.591784 0.710925 0.720874
0.592205 0.711736 0.745146
0.572117 0.713359 0.733010
0.579610 0.715251 0.723301
0.577109 0.707950 0.703883
0.571015 0.723364 0.757282
0.593881 0.715251 0.735437
0.572986 0.719037 0.725728
0.578517 0.717685 0.720874
0.599636 0.715792 0.716019
0.587930 0.699838 0.713592
0.569919 0.708761 0.725728
0.581065 0.720119 0.745146
0.585150 0.720389 0.737864
0.574338 0.718226 0.752427
0.575011 0.713629 0.713592
0.571667 0.720389 0.735437
0.564057 0.720660 0.725728
0.580724 0.709032 0.713592
0.573053 0.717415 0.750000
0.581245 0.720119 0.740291
0.616396 0.710654 0.720874
0.588102 0.714711 0.733010
0.587834 0.717415 0.733010
0.585040 0.713359 0.728155
0.578674 0.712006 0.730583
0.597952 0.704705 0.716019
0.590895 0.716333 0.750000
0.580114 0.717685 0.728155
0.571345 0.723364 0.733010
0.577239 0.721471 0.754854
0.584064 0.713359 0.745146
0.585608 0.720119 0.740291
0.575865 0.714170 0.750000
0.558901 0.719849 0.735437
0.562206 0.724986 0.759709
0.573137 0.714440 0.745146
0.584148 0.715792 0.730583
0.586057 0.720119 0.747573
0.573093 0.723905 0.740291
0.562415 0.723905 0.740291
0.557420 0.708491 0.718447
0.586880 0.722282 0.742718
0.570400 0.709032 0.728155
0.579935 0.724175 0.745146
0.557330 0.723634 0.725728
0.565998 0.719037 0.745146
0.564890 0.704976 0.723301
0.570228 0.713899 0.742718
0.570568 0.723094 0.730583
0.565050 0.713629 0.745146
0.551878 0.719578 0.742718
0.566284 0.720389 0.740291
0.570088 0.725257 0.740291
0.584440 0.720660 0.733010
0.589651 0.720119 0.723301
0.577633 0.720660 0.740291
0.560355 0.720389 0.740291
0.563133 0.722823 0.747573
0.560191 0.709302 0.733010
0.559898 0.724986 0.735437
0.588430 0.717956 0.735437
0.571995 0.725257 0.742718
0.564057 0.724446 0.735437
0.566257 0.724175 0.725728
0.568865 0.711195 0.730583
0.562898 0.723364 0.737864
0.568787 0.722282 0.750000
0.561680 0.721201 0.730583
0.548325 0.723094 0.752427
0.564284 0.728231 0.740291
0.548911 0.720660 0.757282
0.574957 0.720930 0.723301
0.567722 0.728772 0.742718
0.557182 0.727150 0.733010
0.588722 0.723634 0.733010
0.553027 0.725527 0.759709
0.576327 0.709032 0.735437
0.544156 0.719037 0.728155
0.584686 0.719308 0.733010
0.570868 0.730395 0.745146
0.570532 0.729043 0.747573
0.557995 0.694970 0.720874
0.564053 0.728502 0.728155
0.573589 0.726068 0.747573
0.558959 0.729043 0.740291
0.568792 0.726068 0.750000
0.575508 0.724716 0.750000
0.542913 0.726879 0.754854
0.550072 0.727961 0.735437
0.576657 0.724446 0.750000
0.551420 0.727691 0.750000
0.549221 0.719308 0.757282
0.553993 0.727961 0.730583
0.576961 0.724716 0.742718
0.552803 0.729313 0.742718
0.555940 0.726339 0.742718
0.572084 0.724986 0.745146
0.565310 0.723634 0.754854
0.581538 0.720119 0.745146
0.568952 0.727961 0.735437
0.542225 0.723364 0.725728
0.566326 0.722553 0.745146
0.551494 0.726609 0.742718
0.529143 0.723905 0.750000
0.566780 0.725257 0.742718
0.567374 0.728772 0.737864
0.573047 0.731206 0.745146
0.554461 0.725798 0.737864
0.558216 0.729313 0.730583
0.558969 0.728502 0.747573
0.547542 0.730665 0.740291
0.571171 0.730395 0.737864
0.544165 0.729043 0.747573
0.535508 0.725798 0.754854
0.545564 0.723094 0.733010
0.560575 0.724175 0.733010
0.548796 0.727961 0.737864
0.538678 0.731206 0.762136
0.564242 0.725798 0.733010
0.551999 0.724175 0.735437
0.563210 0.727150 0.740291
0.545426 0.731206 0.747573
0.584659 0.733640 0.740291
0.559893 0.729854 0.745146
0.572099 0.732288 0.750000
0.574650 0.733640 0.742718
0.568681 0.726609 0.740291
0.559226 0.728502 0.747573
0.573020 0.727420 0.747573
0.584995 0.728772 0.737864
0.546218 0.729313 0.735437
0.565735 0.735262 0.750000
0.543571 0.733099 0.742718
0.548158 0.733099 0.757282
0.562334 0.720660 0.730583
0.559718 0.732288 0.759709
0.583099 0.738778 0.742718
0.541999 0.737696 0.757282
0.536322 0.738778 0.754854
0.554653 0.734451 0.766990
0.543136 0.734992 0.752427
0.546916 0.735803 0.759709
0.546855 0.739589 0.752427
0.557842 0.738778 0.759709
0.561293 0.736344 0.733010
0.557173 0.730395 0.759709
0.573798 0.737426 0.750000
0.547103 0.733369 0.740291
0.554037 0.735533 0.735437
0.552226 0.732288 0.733010
0.538569 0.733099 0.740291
0.536975 0.734451 0.762136
0.546834 0.734451 0.745146
0.569665 0.736885 0.735437
0.563604 0.729584 0.750000
0.568827 0.732558 0.750000
0.552245 0.729043 0.752427
0.547530 0.734992 0.740291
0.560264 0.737696 0.737864
0.554897 0.730936 0.752427
0.536437 0.729313 0.759709
0.535620 0.738237 0.754854
0.539113 0.734721 0.757282
0.532899 0.736885 0.750000
0.547744 0.735262 0.742718
0.555149 0.734721 0.747573
0.556769 0.734992 0.745146
0.564000 0.736885 0.742718
0.569134 0.734721 0.742718
0.530574 0.736614 0.742718
0.559484 0.737966 0.747573
0.527103 0.735803 0.757282
0.529296 0.735803 0.750000
0.549752 0.741752 0.747573
0.540112 0.732829 0.750000
0.562344 0.732288 0.737864
0.559020 0.726609 0.747573
0.571249 0.736074 0.742718
0.560330 0.737155 0.747573
0.565967 0.740130 0.752427
0.535199 0.739859 0.747573
0.539492 0.736344 0.747573
0.568051 0.736614 0.754854
0.556467 0.736344 0.754854
0.551572 0.736885 0.750000
0.549248 0.734721 0.750000
0.557159 0.734451 0.750000
0.542632 0.739048 0.747573
0.549681 0.733910 0.740291
0.556543 0.734451 0.752427
0.548331 0.733369 0.750000
0.543858 0.735803 0.742718
0.549904 0.733099 0.754854
0.569064 0.737155 0.742718
0.561740 0.736614 0.745146
0.549168 0.736614 0.740291
0.561714 0.732558 0.754854
0.558654 0.734721 0.737864
0.558117 0.736885 0.747573
0.547803 0.734992 0.745146
0.552335 0.737426 0.745146
0.543264 0.732829 0.757282
0.547660 0.734181 0.745146
0.562210 0.731206 0.733010
0.544639 0.733099 0.740291
0.553050 0.736614 0.742718
0.536124 0.735533 0.742718
0.577975 0.736885 0.737864
0.551401 0.732288 0.745146
0.551304 0.739048 0.745146
0.555685 0.737696 0.742718
0.564125 0.738237 0.747573
0.560825 0.739859 0.745146
0.561234 0.735262 0.747573
0.554394 0.740400 0.745146
0.559915 0.739048 0.747573
0.535364 0.737696 0.747573
0.554458 0.739048 0.745146
0.557120 0.736614 0.747573
0.549120 0.738237 0.750000
0.555639 0.737426 0.742718
0.544990 0.737426 0.742718
0.543873 0.740941 0.745146
0.558513 0.739319 0.745146
0.568675 0.741211 0.747573
0.535374 0.736074 0.740291
0.547149 0.738507 0.750000
0.543883 0.740130 0.747573
0.547305 0.736614 0.737864
0.551664 0.737966 0.740291
0.550065 0.740400 0.745146
0.556168 0.737426 0.750000
0.553146 0.735533 0.750000
0.558208 0.735533 0.747573
0.562800 0.737426 0.752427
0.553834 0.737966 0.742718
0.548654 0.740941 0.740291
