6.367717 0.505138 0.502427
2.005839 0.623851 0.633495
1.948750 0.638724 0.689320
1.472972 0.712547 0.752427
1.421339 0.682261 0.701456
1.340287 0.657112 0.652913
1.017201 0.670903 0.716019
1.204446 0.703894 0.723301
1.133740 0.661709 0.628641
1.260851 0.648729 0.665049
1.082257 0.670362 0.701456
0.842881 0.716063 0.737864
0.772988 0.702271 0.703883
0.951472 0.734992 0.754854
0.759843 0.717415 0.754854
0.813590 0.719849 0.733010
0.834707 0.672526 0.706311
0.769978 0.711195 0.723301
0.862778 0.544619 0.516990
0.785635 0.723364 0.759709
0.645828 0.735533 0.759709
0.669173 0.724446 0.750000
0.705720 0.664684 0.677184
0.615713 0.711466 0.740291
0.660195 0.727691 0.728155
0.731303 0.573824 0.555825
0.656507 0.608707 0.594660
0.725885 0.727420 0.730583
0.690495 0.709302 0.720874
0.658185 0.706598 0.730583
0.627524 0.689021 0.708738
0.581859 0.543267 0.533981
0.641750 0.675230 0.674757
0.632457 0.724446 0.723301
0.594342 0.703894 0.713592
0.639220 0.694700 0.720874
0.627856 0.731476 0.737864
0.643734 0.679286 0.689320
0.604507 0.657382 0.660194
0.639781 0.669551 0.660194
0.630430 0.684154 0.682039
0.606541 0.635749 0.628641
0.589283 0.675500 0.677184
0.599046 0.665495 0.677184
0.594979 0.715251 0.703883
0.591882 0.694700 0.718447
0.648178 0.683613 0.686893
0.576821 0.733640 0.752427
0.586823 0.707680 0.711165
0.556054 0.749594 0.774272
0.576111 0.738778 0.757282
0.567202 0.684965 0.703883
0.562248 0.693618 0.703883
0.585869 0.674959 0.682039
0.553812 0.738507 0.737864
0.552656 0.738778 0.735437
0.564061 0.740941 0.750000
0.542950 0.749865 0.779126
0.558479 0.734992 0.754854
0.545433 0.724175 0.720874
0.563723 0.711466 0.699029
0.533157 0.725257 0.740291
0.545740 0.738778 0.742718
0.580837 0.738778 0.735437
0.565325 0.740671 0.718447
0.569448 0.754732 0.759709
0.559759 0.768524 0.769417
0.560016 0.739048 0.737864
0.562506 0.763386 0.762136
0.553928 0.697404 0.725728
0.539535 0.693348 0.718447
0.570494 0.753110 0.771845
0.547864 0.752299 0.783981
0.552359 0.741211 0.747573
0.587694 0.733369 0.750000
0.562635 0.737696 0.735437
0.557898 0.723905 0.728155
0.544150 0.745268 0.764563
0.565539 0.744456 0.752427
0.547950 0.712006 0.699029
0.565277 0.669010 0.669903
0.544728 0.756355 0.762136
0.546705 0.738237 0.733010
0.541375 0.727150 0.740291
0.554110 0.717144 0.716019
0.552885 0.727420 0.718447
0.564535 0.651433 0.652913
0.563727 0.754462 0.752427
0.535228 0.748242 0.747573
0.556160 0.733910 0.757282
0.586014 0.717685 0.723301
0.571648 0.693348 0.672330
0.569652 0.738507 0.723301
0.564728 0.742023 0.730583
0.541929 0.753110 0.766990
0.544385 0.748783 0.754854
0.545518 0.746079 0.740291
0.549125 0.734181 0.725728
0.560028 0.741211 0.733010
0.529996 0.758518 0.762136
0.562256 0.700919 0.689320
0.540318 0.757707 0.769417
0.540684 0.762304 0.762136
0.530251 0.769335 0.762136
0.534387 0.780692 0.771845
0.519991 0.772580 0.783981
0.517477 0.768794 0.781553
0.519930 0.777447 0.774272
0.542169 0.763115 0.745146
0.527532 0.758248 0.747573
0.539554 0.759870 0.764563
0.521315 0.772039 0.764563
0.541404 0.747701 0.745146
0.526740 0.773932 0.754854
0.516377 0.773932 0.759709
0.534839 0.662791 0.655340
0.518510 0.770416 0.759709
0.510058 0.766090 0.752427
0.519635 0.771228 0.769417
0.507747 0.776636 0.766990
0.507503 0.785289 0.786408
0.555577 0.764197 0.742718
0.541864 0.777447 0.759709
0.498303 0.785830 0.769417
0.507965 0.769064 0.766990
0.524595 0.767712 0.779126
0.517205 0.758518 0.769417
0.529497 0.777177 0.762136
0.527387 0.780151 0.766990
0.520757 0.760141 0.752427
0.519225 0.785830 0.783981
0.511947 0.772039 0.762136
0.508742 0.792861 0.774272
0.535723 0.777988 0.752427
0.503084 0.786371 0.781553
0.544221 0.758789 0.766990
0.520581 0.783126 0.766990
0.503604 0.780692 0.750000
0.529243 0.796106 0.781553
0.537460 0.773121 0.742718
0.508511 0.797188 0.769417
0.513876 0.787182 0.769417
0.518437 0.773391 0.750000
0.503492 0.783667 0.759709
0.522385 0.780692 0.764563
0.516048 0.785560 0.764563
0.497711 0.791509 0.786408
0.476554 0.789616 0.781553
0.521592 0.784208 0.779126
0.485825 0.794213 0.783981
0.524368 0.802326 0.798544
0.509315 0.796376 0.803398
0.477793 0.794213 0.800971
0.487830 0.789075 0.762136
0.505050 0.780692 0.769417
0.498647 0.783937 0.776699
0.507177 0.796647 0.783981
0.487147 0.793672 0.786408
0.477374 0.802596 0.791262
0.483563 0.763926 0.752427
0.495058 0.803137 0.764563
0.490151 0.797999 0.766990
0.481297 0.800162 0.779126
0.453095 0.787453 0.764563
0.486014 0.796917 0.793689
0.507013 0.789346 0.781553
0.497691 0.783126 0.776699
0.526463 0.793402 0.791262
0.493195 0.797729 0.764563
0.499524 0.791509 0.771845
0.483409 0.799892 0.764563
0.465833 0.785830 0.764563
0.497022 0.808816 0.781553
0.507785 0.804759 0.771845
0.487879 0.811520 0.788835
0.489379 0.802055 0.786408
0.479725 0.793131 0.774272
0.523108 0.798269 0.781553
0.474137 0.793943 0.788835
0.484811 0.802055 0.776699
0.481088 0.786641 0.762136
0.469601 0.797729 0.786408
0.478863 0.807734 0.796117
0.467458 0.799892 0.786408
0.515802 0.794213 0.762136
0.477511 0.808545 0.786408
0.470734 0.799892 0.774272
0.480578 0.801244 0.779126
0.477600 0.796917 0.781553
0.502253 0.812601 0.805825
0.496913 0.803678 0.769417
0.486408 0.802866 0.779126
0.477577 0.802055 0.781553
0.474948 0.800973 0.759709
0.492236 0.790427 0.766990
0.474490 0.809086 0.796117
0.486519 0.794754 0.766990
0.469492 0.811520 0.779126
0.473706 0.799081 0.762136
0.459316 0.809897 0.793689
0.453622 0.811249 0.796117
0.450749 0.805030 0.779126
0.473034 0.806652 0.791262
0.464764 0.813683 0.786408
0.460201 0.813683 0.783981
0.456672 0.806382 0.776699
0.491386 0.816117 0.793689
0.459524 0.812601 0.796117
0.465081 0.810438 0.788835
0.487238 0.804218 0.783981
0.469781 0.816117 0.803398
0.495349 0.816387 0.776699
0.465537 0.800433 0.764563
0.451673 0.808545 0.783981
0.488983 0.817198 0.783981
0.464738 0.814224 0.769417
0.415299 0.813953 0.793689
0.467461 0.813953 0.798544
0.474133 0.817469 0.779126
0.477966 0.818280 0.798544
0.468264 0.818280 0.781553
0.462694 0.813413 0.774272
0.451965 0.814224 0.788835
0.452077 0.814224 0.793689
0.494951 0.812061 0.781553
0.455765 0.816117 0.786408
0.459446 0.813142 0.796117
0.453016 0.811790 0.788835
0.448198 0.819091 0.803398
0.445123 0.821255 0.783981
0.437057 0.813953 0.783981
0.459630 0.817739 0.786408
0.468307 0.818280 0.791262
0.461586 0.815576 0.781553
0.441175 0.806652 0.788835
0.477752 0.817198 0.771845
0.464953 0.816928 0.783981
0.468325 0.819903 0.791262
0.454266 0.822066 0.776699
0.478605 0.808545 0.783981
0.478041 0.806111 0.779126
0.469671 0.815846 0.791262
0.465352 0.820173 0.783981
0.452417 0.805841 0.776699
0.470244 0.816387 0.793689
0.438988 0.821525 0.783981
0.448470 0.822066 0.788835
0.471555 0.813683 0.774272
0.464334 0.819091 0.781553
0.476676 0.818551 0.783981
0.450904 0.819091 0.779126
0.459626 0.823148 0.796117
0.467592 0.825041 0.791262
0.448145 0.826122 0.796117
0.446361 0.822336 0.793689
0.446264 0.824229 0.793689
0.447833 0.823418 0.776699
0.463466 0.822336 0.791262
0.447178 0.825852 0.786408
0.458508 0.824500 0.796117
0.418065 0.819632 0.788835
0.469773 0.824500 0.781553
0.441151 0.826663 0.786408
0.426035 0.822877 0.800971
0.427417 0.820443 0.781553
0.428897 0.824770 0.791262
0.454287 0.812601 0.783981
0.455902 0.825581 0.788835
0.461665 0.821255 0.779126
0.463116 0.820173 0.774272
0.449280 0.817198 0.786408
0.446211 0.827745 0.783981
0.447295 0.820443 0.774272
0.451110 0.821796 0.771845
0.442795 0.824500 0.791262
0.435206 0.825581 0.783981
0.430908 0.825311 0.783981
0.431490 0.828826 0.793689
0.433933 0.829638 0.783981
0.446864 0.824500 0.779126
0.449570 0.824770 0.779126
0.470105 0.825311 0.783981
0.436780 0.828015 0.788835
0.458547 0.823418 0.781553
0.426388 0.823148 0.793689
0.418498 0.826122 0.796117
0.447987 0.820173 0.769417
0.445133 0.829908 0.783981
0.471285 0.825581 0.783981
0.440258 0.821796 0.769417
0.446476 0.826663 0.757282
0.468104 0.826122 0.774272
0.456425 0.825852 0.779126
0.418076 0.819903 0.781553
0.437916 0.828015 0.779126
0.458211 0.826933 0.779126
0.452846 0.826122 0.796117
0.440180 0.828826 0.786408
0.438394 0.829638 0.791262
0.451096 0.828286 0.781553
0.437224 0.824770 0.788835
0.446737 0.827474 0.783981
0.443475 0.825581 0.788835
0.432481 0.828826 0.788835
0.440149 0.827474 0.796117
0.462800 0.827204 0.783981
0.448711 0.830178 0.783981
0.439100 0.828015 0.776699
0.444725 0.827745 0.788835
0.440816 0.823148 0.798544
0.452137 0.828015 0.798544
0.424686 0.830449 0.783981
0.438003 0.826393 0.793689
0.460604 0.829367 0.793689
0.422011 0.826122 0.786408
0.431940 0.828015 0.791262
0.433852 0.827474 0.788835
0.449192 0.826933 0.791262
0.437830 0.827745 0.788835
0.446341 0.827204 0.783981
0.493398 0.829908 0.776699
0.456319 0.828556 0.791262
0.418483 0.833694 0.779126
0.444262 0.825311 0.783981
0.447564 0.827745 0.791262
0.443634 0.828826 0.788835
0.453468 0.826393 0.793689
0.431399 0.829638 0.788835
0.465518 0.828015 0.783981
0.426707 0.828826 0.779126
0.463459 0.829097 0.781553
0.459234 0.832612 0.788835
0.445456 0.829097 0.781553
0.461092 0.829908 0.781553
0.431867 0.829097 0.793689
0.429787 0.826663 0.786408
0.438095 0.826663 0.786408
0.460297 0.827745 0.781553
0.416411 0.828015 0.793689
0.421289 0.830449 0.786408
0.434868 0.828015 0.788835
0.437533 0.827745 0.783981
0.443257 0.826393 0.781553
0.450383 0.831260 0.786408
0.435422 0.830449 0.781553
0.442772 0.830719 0.783981
0.438383 0.820443 0.788835
0.444994 0.823959 0.788835
0.458813 0.825852 0.776699
0.438201 0.822336 0.776699
3.845797 0.585722 0.618932
1.495840 0.656301 0.694175
1.297100 0.677393 0.725728
1.094403 0.678475 0.696602
1.012883 0.630611 0.640777
0.995705 0.713629 0.742718
1.033973 0.714440 0.747573
0.940330 0.738778 0.750000
0.945348 0.719578 0.745146
1.117934 0.638724 0.643204
0.887255 0.714440 0.723301
0.752175 0.726879 0.774272
0.776428 0.641969 0.633495
0.955657 0.726339 0.776699
0.676712 0.723364 0.769417
0.730007 0.709843 0.723301
0.762237 0.726339 0.762136
0.686786 0.687399 0.684466
0.716301 0.620065 0.623786
0.700250 0.737696 0.759709
0.625273 0.703353 0.706311
0.643235 0.731747 0.754854
0.643590 0.654408 0.660194
0.594530 0.727150 0.747573
0.640610 0.731476 0.754854
0.676126 0.550027 0.533981
0.665460 0.643050 0.643204
0.663790 0.746890 0.742718
0.680708 0.689021 0.684466
0.613341 0.737155 0.762136
0.569062 0.768253 0.776699
0.558460 0.594646 0.577670
0.613348 0.659275 0.657767
0.634642 0.736344 0.764563
0.562454 0.735803 0.764563
0.601694 0.672526 0.674757
0.599013 0.754191 0.764563
0.643958 0.638183 0.611650
0.611831 0.684965 0.672330
0.629899 0.725798 0.718447
0.609010 0.663602 0.652913
0.602534 0.732017 0.762136
0.574048 0.741211 0.745146
0.595219 0.744186 0.759709
0.569360 0.740400 0.750000
0.584346 0.685506 0.691748
0.631958 0.636831 0.643204
0.568231 0.744186 0.737864
0.581097 0.736614 0.718447
0.542098 0.751487 0.759709
0.549700 0.744186 0.728155
0.566206 0.736614 0.718447
0.560432 0.744997 0.745146
0.571675 0.737966 0.706311
0.550251 0.752839 0.774272
0.555254 0.704976 0.684466
0.556280 0.761493 0.737864
0.534104 0.742023 0.771845
0.536670 0.761493 0.766990
0.530941 0.755544 0.720874
0.545911 0.729584 0.713592
0.532086 0.746349 0.759709
0.554660 0.765008 0.752427
0.564630 0.763115 0.733010
0.553063 0.743916 0.720874
0.553815 0.768253 0.771845
0.542496 0.763656 0.750000
0.542856 0.760681 0.747573
0.541180 0.759059 0.752427
0.539060 0.730936 0.728155
0.536366 0.737155 0.723301
0.562239 0.736074 0.735437
0.529794 0.742023 0.754854
0.536692 0.736614 0.723301
0.571886 0.749865 0.766990
0.545144 0.747701 0.752427
0.567151 0.753921 0.735437
0.521088 0.762574 0.745146
0.548521 0.759600 0.740291
0.563056 0.770416 0.757282
0.551960 0.689021 0.669903
0.545661 0.741211 0.757282
0.542167 0.746349 0.750000
0.534981 0.716063 0.713592
0.546967 0.696593 0.691748
0.552474 0.753651 0.747573
0.554335 0.680097 0.667476
0.560255 0.756625 0.747573
0.531214 0.749594 0.730583
0.547767 0.754191 0.766990
0.577799 0.743104 0.725728
0.575662 0.749324 0.720874
0.557555 0.761493 0.747573
0.565579 0.768253 0.766990
0.527543 0.768794 0.774272
0.548059 0.765008 0.764563
0.542600 0.765008 0.750000
0.544547 0.763926 0.747573
0.560033 0.717144 0.706311
0.543687 0.771769 0.766990
0.566201 0.753921 0.735437
0.526825 0.769605 0.764563
0.545468 0.762304 0.747573
0.530646 0.774743 0.747573
0.541197 0.775014 0.771845
0.508650 0.783396 0.769417
0.513408 0.779881 0.769417
0.520740 0.776906 0.757282
0.547367 0.783937 0.769417
0.519133 0.773121 0.757282
0.526639 0.740130 0.716019
0.528929 0.779070 0.750000
0.536043 0.764467 0.742718
0.532993 0.773121 0.762136
0.513791 0.783937 0.771845
0.513779 0.709573 0.701456
0.511805 0.781233 0.800971
0.490172 0.751217 0.737864
0.529239 0.772039 0.740291
0.510462 0.785289 0.783981
0.504658 0.773661 0.774272
0.555251 0.778259 0.774272
0.542804 0.790157 0.781553
0.495192 0.786371 0.764563
0.520151 0.790427 0.788835
0.532562 0.770146 0.774272
0.517941 0.790968 0.800971
0.531401 0.760952 0.752427
0.527866 0.778799 0.762136
0.519722 0.784749 0.771845
0.522868 0.752569 0.747573
0.535306 0.782044 0.757282
0.515874 0.772580 0.752427
0.524351 0.787994 0.779126
0.519449 0.772309 0.766990
0.552636 0.779881 0.776699
0.521575 0.783126 0.764563
0.520063 0.780422 0.771845
0.537457 0.793402 0.786408
0.546808 0.740941 0.740291
0.524169 0.784478 0.776699
0.516500 0.784749 0.757282
0.533460 0.774743 0.762136
0.523192 0.773932 0.769417
0.525164 0.757707 0.750000
0.513276 0.795024 0.788835
0.498669 0.772850 0.774272
0.492907 0.784749 0.791262
0.544956 0.765279 0.783981
0.502708 0.793943 0.800971
0.512271 0.798269 0.803398
0.505233 0.782315 0.781553
0.489958 0.791779 0.781553
0.497596 0.780692 0.759709
0.503463 0.787994 0.781553
0.478984 0.782856 0.774272
0.507313 0.798269 0.769417
0.484939 0.801244 0.786408
0.496636 0.803948 0.796117
0.500143 0.764467 0.747573
0.492078 0.798810 0.762136
0.483229 0.801785 0.779126
0.494407 0.786641 0.791262
0.455632 0.771228 0.759709
0.486907 0.801244 0.803398
0.496486 0.781774 0.786408
0.506648 0.785560 0.771845
0.520993 0.803678 0.793689
0.479056 0.800433 0.781553
0.507415 0.785289 0.774272
0.480082 0.787994 0.781553
0.487980 0.768253 0.754854
0.490388 0.801514 0.779126
0.519700 0.789886 0.771845
0.476595 0.800973 0.779126
0.477771 0.798540 0.786408
0.490804 0.780151 0.742718
0.510357 0.794213 0.769417
0.485003 0.798540 0.783981
0.490942 0.797458 0.798544
0.477964 0.803407 0.796117
0.470285 0.793131 0.771845
0.494619 0.799081 0.788835
0.474226 0.804489 0.786408
0.507273 0.803678 0.798544
0.477317 0.810168 0.793689
0.484251 0.797188 0.774272
0.486372 0.796106 0.779126
0.481491 0.806382 0.788835
0.502918 0.810438 0.788835
0.491843 0.802055 0.766990
0.500489 0.809897 0.781553
0.487840 0.808816 0.786408
0.499849 0.813953 0.800971
0.485879 0.782044 0.771845
0.466703 0.806111 0.771845
0.510500 0.795836 0.771845
0.469584 0.805030 0.776699
0.478442 0.804759 0.783981
0.476441 0.810168 0.781553
0.474482 0.809897 0.798544
0.450001 0.803137 0.776699
0.466713 0.808275 0.766990
0.475517 0.806382 0.783981
0.469690 0.808004 0.796117
0.467197 0.803678 0.774272
0.497654 0.811790 0.800971
0.484797 0.809897 0.771845
0.481172 0.802866 0.776699
0.483693 0.810979 0.791262
0.482516 0.810979 0.783981
0.495678 0.803407 0.786408
0.474436 0.804489 0.783981
0.440670 0.801244 0.774272
0.495794 0.817469 0.791262
0.469207 0.816658 0.786408
0.425331 0.813142 0.783981
0.477842 0.815035 0.788835
0.488142 0.807734 0.791262
0.490733 0.814224 0.791262
0.476272 0.817198 0.793689
0.470372 0.813683 0.788835
0.465469 0.807193 0.774272
0.471420 0.816387 0.800971
0.502576 0.811790 0.800971
0.475040 0.817739 0.779126
0.463109 0.813413 0.800971
0.452660 0.807734 0.788835
0.465074 0.817198 0.796117
0.455382 0.811790 0.796117
0.423865 0.810168 0.779126
0.485284 0.809627 0.793689
0.446887 0.820714 0.783981
0.478502 0.810708 0.776699
0.445950 0.814765 0.796117
0.487588 0.813683 0.796117
0.469630 0.819091 0.788835
0.470348 0.815306 0.776699
0.484456 0.813953 0.788835
0.476647 0.807463 0.781553
0.490370 0.801514 0.779126
0.490452 0.807734 0.793689
0.473793 0.812061 0.774272
0.451005 0.804759 0.769417
0.466660 0.811249 0.796117
0.466870 0.811249 0.791262
0.459978 0.815035 0.791262
0.465053 0.800433 0.771845
0.477290 0.809627 0.791262
0.506229 0.805571 0.764563
0.466007 0.813683 0.788835
0.459190 0.813413 0.798544
0.479870 0.818010 0.800971
0.462103 0.817198 0.793689
0.461043 0.818821 0.788835
0.477470 0.814224 0.793689
0.469407 0.815306 0.779126
0.482538 0.818821 0.791262
0.462825 0.817739 0.803398
0.484898 0.820443 0.791262
0.437058 0.816658 0.798544
0.467995 0.818821 0.796117
0.459859 0.817469 0.798544
0.425673 0.815576 0.803398
0.448896 0.819091 0.796117
0.437370 0.815846 0.788835
0.465027 0.810708 0.779126
0.474754 0.818280 0.800971
0.474129 0.814494 0.783981
0.462583 0.809356 0.766990
0.463110 0.815306 0.800971
0.449402 0.819903 0.791262
0.463974 0.816658 0.791262
0.451015 0.817198 0.783981
0.442521 0.817469 0.800971
0.457587 0.819903 0.796117
0.448384 0.818010 0.798544
0.431116 0.818010 0.798544
0.439703 0.817198 0.791262
0.474652 0.815576 0.796117
0.473477 0.816117 0.796117
0.476641 0.816387 0.791262
0.436313 0.815306 0.788835
0.472005 0.814224 0.786408
0.439894 0.810708 0.788835
0.440893 0.818280 0.783981
0.458646 0.813953 0.783981
0.442656 0.819903 0.779126
0.484358 0.813953 0.791262
0.464266 0.816658 0.783981
0.456989 0.819091 0.786408
0.487559 0.815306 0.793689
0.470041 0.816117 0.788835
0.428009 0.814224 0.786408
0.463707 0.813953 0.786408
0.479043 0.815846 0.796117
0.460913 0.813953 0.796117
0.457874 0.815576 0.788835
0.442850 0.818821 0.796117
0.467878 0.816658 0.788835
0.446937 0.815846 0.796117
0.451163 0.814765 0.783981
0.447260 0.817198 0.786408
0.451953 0.819091 0.796117
0.446919 0.814494 0.796117
0.467890 0.817198 0.793689
0.459207 0.820173 0.791262
0.467763 0.818280 0.786408
0.467825 0.819091 0.798544
0.464042 0.819362 0.796117
0.483103 0.817739 0.798544
0.435058 0.818010 0.788835
0.447903 0.818010 0.788835
0.474895 0.818010 0.791262
0.445479 0.820173 0.788835
0.459945 0.816117 0.783981
0.457151 0.820173 0.793689
0.465423 0.814494 0.788835
0.452445 0.816658 0.783981
0.450784 0.815846 0.783981
0.510269 0.814494 0.779126
0.474329 0.816117 0.793689
0.447393 0.817198 0.796117
0.460502 0.816117 0.783981
0.459914 0.815035 0.776699
0.475213 0.815846 0.788835
0.472494 0.818280 0.798544
0.447408 0.815576 0.791262
0.473636 0.814765 0.788835
0.458340 0.817469 0.788835
0.475157 0.816117 0.800971
0.460316 0.816658 0.800971
0.452924 0.816928 0.783981
0.463193 0.817739 0.796117
0.443438 0.819903 0.800971
0.462651 0.818551 0.793689
0.466895 0.818551 0.798544
0.462466 0.818280 0.793689
0.432845 0.818821 0.798544
0.445551 0.818821 0.803398
0.444947 0.818821 0.800971
0.449278 0.821255 0.796117
0.454421 0.820714 0.800971
0.475302 0.818010 0.798544
0.454639 0.819091 0.796117
0.460588 0.818551 0.791262
0.463534 0.816117 0.793689
0.465034 0.815846 0.796117
0.462019 0.818280 0.788835
0.452715 0.819362 0.796117
