6.799960 0.576257 0.609223
1.962007 0.631152 0.660194
1.848004 0.707409 0.718447
1.290129 0.629529 0.643204
1.111793 0.675771 0.686893
1.094068 0.610330 0.604369
1.116014 0.681720 0.708738
1.144855 0.643591 0.628641
1.221117 0.666577 0.694175
1.264772 0.691184 0.684466
0.867992 0.702001 0.728155
0.792586 0.681179 0.723301
0.848426 0.651704 0.667476
0.861773 0.696863 0.735437
0.801708 0.695511 0.716019
0.747828 0.587345 0.597087
1.111409 0.648999 0.689320
0.829792 0.699838 0.720874
0.777321 0.700379 0.735437
0.679130 0.638724 0.657767
0.699543 0.704435 0.706311
0.696365 0.653867 0.667476
0.727633 0.674419 0.711165
0.630272 0.693889 0.696602
0.686548 0.700919 0.696602
0.719089 0.626284 0.609223
0.674253 0.617361 0.638350
0.718255 0.699027 0.723301
0.698572 0.675230 0.686893
0.663449 0.683883 0.699029
0.627577 0.679016 0.686893
0.587282 0.693889 0.720874
0.647104 0.651974 0.669903
0.640565 0.691725 0.725728
0.594816 0.709032 0.735437
0.616462 0.680368 0.708738
0.633551 0.698756 0.737864
0.643940 0.637642 0.643204
0.614107 0.699838 0.720874
0.637926 0.712547 0.733010
0.639768 0.702271 0.720874
0.644138 0.706869 0.735437
0.609201 0.698756 0.694175
0.608324 0.686047 0.713592
0.599384 0.639535 0.652913
0.618259 0.678745 0.696602
0.646442 0.688480 0.706311
0.594175 0.715792 0.737864
0.625994 0.699567 0.696602
0.568657 0.698486 0.728155
0.606446 0.697674 0.713592
0.590108 0.719849 0.747573
0.596479 0.710925 0.742718
0.596017 0.663061 0.660194
0.582490 0.714440 0.737864
0.585799 0.707680 0.716019
0.594052 0.709573 0.737864
0.580848 0.717956 0.750000
0.581540 0.711736 0.735437
0.579291 0.667388 0.650485
0.589778 0.713088 0.723301
0.568995 0.695782 0.689320
0.599303 0.719308 0.723301
0.594202 0.718226 0.728155
0.605830 0.684965 0.691748
0.597467 0.695241 0.716019
0.577965 0.719308 0.747573
0.587135 0.705516 0.725728
0.575539 0.719308 0.733010
0.583338 0.687399 0.694175
0.570683 0.724716 0.750000
0.594802 0.707139 0.706311
0.589134 0.711466 0.759709
0.574940 0.683072 0.694175
0.595885 0.707409 0.737864
0.583857 0.715251 0.733010
0.598524 0.709573 0.718447
0.588435 0.704705 0.708738
0.578678 0.720660 0.737864
0.586557 0.711736 0.725728
0.585787 0.719037 0.740291
0.578498 0.718226 0.718447
0.564463 0.719037 0.740291
0.582067 0.714711 0.718447
0.585824 0.691455 0.686893
0.607569 0.704435 0.703883
0.594211 0.621147 0.599515
0.592241 0.710925 0.718447
0.574124 0.719037 0.720874
0.575814 0.693618 0.703883
0.612893 0.704435 0.701456
0.589412 0.687399 0.696602
0.598216 0.714711 0.725728
0.585405 0.699567 0.718447
0.562588 0.713088 0.711165
0.568528 0.721471 0.718447
0.585374 0.698486 0.716019
0.594139 0.668199 0.672330
0.589591 0.702812 0.699029
0.571911 0.716333 0.713592
0.615622 0.716874 0.735437
0.588959 0.721471 0.735437
0.571099 0.719308 0.745146
0.585328 0.720389 0.733010
0.577153 0.712547 0.742718
0.561730 0.726879 0.754854
0.567653 0.725798 0.742718
0.564317 0.713629 0.723301
0.577861 0.722282 0.718447
0.578109 0.718767 0.745146
0.584484 0.696322 0.701456
0.572860 0.728772 0.745146
0.581094 0.716874 0.708738
0.587492 0.722012 0.745146
0.557797 0.722282 0.733010
0.558079 0.733640 0.730583
0.574658 0.725257 0.730583
0.552110 0.733099 0.725728
0.583149 0.729584 0.750000
0.556539 0.727961 0.742718
0.563498 0.730124 0.742718
0.592104 0.724986 0.737864
0.574514 0.726609 0.740291
0.554731 0.729313 0.747573
0.563478 0.728502 0.742718
0.578418 0.736614 0.737864
0.564885 0.732288 0.735437
0.575663 0.718496 0.720874
0.563602 0.716604 0.720874
0.555897 0.726339 0.735437
0.571780 0.680368 0.691748
0.574951 0.726339 0.735437
0.569533 0.738237 0.745146
0.593677 0.736885 0.730583
0.573770 0.722823 0.728155
0.585848 0.726879 0.733010
0.566453 0.723364 0.723301
0.558295 0.726879 0.737864
0.584119 0.734451 0.747573
0.588818 0.738237 0.745146
0.570512 0.696863 0.694175
0.557418 0.734721 0.737864
0.561586 0.737966 0.745146
0.559710 0.738237 0.757282
0.568922 0.723634 0.716019
0.556968 0.732017 0.725728
0.547028 0.724446 0.737864
0.546615 0.733640 0.752427
0.563301 0.728231 0.730583
0.560223 0.737966 0.750000
0.565506 0.739319 0.745146
0.556065 0.741752 0.750000
0.542433 0.737155 0.752427
0.533258 0.731476 0.733010
0.570770 0.732829 0.725728
0.556233 0.733640 0.737864
0.567905 0.739859 0.750000
0.545591 0.727691 0.725728
0.548730 0.743645 0.745146
0.548284 0.725798 0.747573
0.558773 0.735262 0.733010
0.547613 0.741752 0.747573
0.548118 0.737696 0.742718
0.534696 0.747161 0.750000
0.542344 0.734181 0.725728
0.563232 0.733099 0.737864
0.558024 0.744727 0.747573
0.575173 0.734992 0.742718
0.554881 0.741482 0.740291
0.548667 0.725257 0.723301
0.544962 0.730124 0.735437
0.550391 0.724716 0.728155
0.550215 0.736344 0.735437
0.574115 0.740941 0.733010
0.561427 0.741211 0.737864
0.544625 0.749054 0.733010
0.561724 0.727691 0.733010
0.564317 0.732017 0.745146
0.543609 0.749054 0.745146
0.545148 0.746079 0.754854
0.538403 0.744997 0.752427
0.532700 0.744727 0.737864
0.545065 0.736614 0.730583
0.536245 0.740400 0.740291
0.553785 0.736344 0.723301
0.556274 0.747701 0.730583
0.538256 0.747431 0.740291
0.572665 0.743375 0.737864
0.539199 0.749324 0.745146
0.561286 0.750135 0.754854
0.543377 0.743375 0.745146
0.561637 0.736344 0.725728
0.557895 0.736344 0.740291
0.557404 0.741752 0.762136
0.545443 0.718226 0.718447
0.543528 0.736614 0.742718
0.549068 0.746349 0.757282
0.541645 0.744727 0.752427
0.552452 0.750406 0.757282
0.542750 0.752028 0.764563
0.520827 0.743916 0.725728
0.526303 0.748242 0.745146
0.551482 0.750946 0.762136
0.528398 0.751217 0.742718
0.536840 0.741482 0.747573
0.539268 0.738778 0.735437
0.565439 0.742023 0.757282
0.528688 0.741211 0.747573
0.533387 0.746349 0.730583
0.547901 0.746349 0.745146
0.534800 0.749324 0.742718
0.561542 0.750946 0.750000
0.548603 0.741482 0.745146
0.514902 0.745809 0.735437
0.544352 0.748783 0.740291
0.534959 0.747972 0.740291
0.495018 0.753651 0.752427
0.537237 0.752569 0.754854
0.556262 0.745268 0.733010
0.555481 0.743375 0.750000
0.535362 0.739048 0.737864
0.530541 0.749865 0.733010
0.535195 0.751758 0.750000
0.528318 0.752299 0.737864
0.547796 0.758248 0.750000
0.523650 0.751487 0.757282
0.521419 0.733099 0.737864
0.528466 0.738237 0.728155
0.544013 0.743645 0.747573
0.528450 0.750135 0.754854
0.510460 0.755003 0.757282
0.548649 0.748783 0.750000
0.542391 0.740400 0.737864
0.544016 0.733910 0.728155
0.519390 0.752299 0.747573
0.556320 0.751758 0.742718
0.537816 0.750946 0.737864
0.549234 0.750406 0.740291
0.545008 0.754191 0.745146
0.542141 0.737696 0.723301
0.549321 0.742293 0.742718
0.544563 0.735533 0.730583
0.552098 0.749594 0.762136
0.523608 0.744727 0.735437
0.535897 0.747701 0.740291
0.526963 0.743375 0.728155
0.524497 0.746349 0.737864
0.544010 0.737696 0.718447
0.538314 0.744456 0.747573
0.566674 0.741752 0.742718
0.530154 0.751487 0.747573
0.520385 0.750135 0.742718
0.531253 0.747701 0.740291
0.521674 0.749865 0.740291
0.527622 0.749054 0.752427
0.528880 0.744997 0.747573
0.537392 0.745538 0.745146
0.537268 0.743916 0.735437
0.537494 0.749054 0.747573
0.547018 0.748242 0.745146
0.528447 0.740130 0.745146
0.530617 0.750135 0.737864
0.527598 0.743104 0.750000
0.510701 0.746620 0.757282
0.514199 0.755273 0.754854
0.518730 0.754191 0.747573
0.551564 0.743645 0.745146
0.532269 0.749865 0.740291
0.545962 0.749594 0.745146
0.542521 0.744456 0.730583
0.522167 0.747431 0.752427
0.532263 0.747161 0.742718
0.531965 0.747431 0.747573
0.514018 0.753110 0.747573
0.516604 0.742564 0.735437
0.515146 0.753110 0.740291
0.521317 0.752299 0.742718
0.507954 0.751758 0.742718
0.530424 0.752569 0.747573
0.540757 0.756625 0.750000
0.535863 0.748242 0.740291
0.543300 0.755273 0.745146
0.519946 0.746349 0.737864
0.533683 0.746079 0.735437
0.506608 0.744727 0.733010
0.521873 0.747431 0.740291
0.531343 0.743104 0.745146
0.514586 0.748783 0.740291
0.541508 0.747972 0.740291
0.539531 0.752299 0.750000
0.549803 0.757977 0.745146
0.539768 0.755814 0.737864
0.545718 0.751758 0.737864
0.516096 0.753921 0.740291
0.520345 0.757166 0.745146
0.549007 0.752569 0.735437
0.530092 0.756625 0.733010
0.524337 0.755003 0.745146
0.519611 0.752028 0.745146
0.532853 0.751217 0.735437
0.528300 0.752569 0.745146
0.530340 0.748783 0.747573
0.537698 0.746349 0.742718
0.534393 0.745538 0.730583
0.527104 0.743375 0.742718
0.522456 0.753651 0.733010
0.539077 0.746079 0.745146
0.538817 0.744727 0.737864
0.521900 0.750135 0.742718
0.530958 0.755814 0.742718
0.536696 0.749865 0.742718
0.529152 0.752028 0.737864
0.529180 0.752569 0.740291
0.527645 0.753380 0.733010
0.509670 0.756896 0.740291
0.530026 0.753110 0.735437
0.539032 0.756625 0.737864
0.522107 0.755814 0.733010
0.527455 0.755003 0.747573
0.502989 0.753921 0.735437
0.568912 0.752569 0.733010
0.525957 0.757436 0.742718
0.522912 0.752839 0.737864
0.529430 0.760681 0.740291
0.535858 0.760411 0.737864
0.535605 0.763386 0.742718
0.538817 0.750406 0.740291
0.538213 0.749594 0.742718
0.538981 0.754462 0.740291
0.511808 0.759870 0.742718
0.538520 0.753110 0.733010
0.537847 0.757436 0.735437
0.527580 0.753921 0.735437
0.523252 0.755273 0.728155
0.520426 0.757977 0.735437
0.516853 0.759600 0.730583
0.536533 0.757166 0.735437
0.532559 0.758248 0.745146
0.511475 0.759059 0.740291
0.520599 0.757707 0.740291
0.506462 0.757166 0.740291
0.515992 0.761222 0.740291
0.517658 0.763386 0.742718
0.518815 0.757977 0.740291
0.523938 0.756355 0.737864
0.531110 0.755003 0.733010
0.530874 0.752839 0.742718
0.537706 0.758248 0.735437
0.531097 0.763386 0.745146
0.522744 0.762034 0.737864
3.921221 0.603569 0.582524
1.739470 0.682802 0.703883
1.211680 0.663061 0.677184
1.194539 0.634397 0.611650
1.068802 0.637372 0.650485
0.988007 0.676582 0.682039
0.939639 0.695782 0.718447
0.857605 0.619524 0.584951
0.918111 0.696322 0.689320
0.815086 0.683342 0.706311
0.828380 0.703894 0.733010
0.797493 0.680368 0.716019
0.941794 0.642509 0.674757
0.857918 0.702001 0.725728
0.724256 0.707680 0.711165
0.724513 0.693618 0.686893
0.789303 0.655489 0.665049
0.728767 0.669010 0.708738
0.786727 0.643050 0.667476
0.677668 0.686587 0.686893
0.673928 0.710114 0.711165
0.695584 0.686047 0.708738
0.721455 0.641969 0.643204
0.620896 0.688210 0.703883
0.661804 0.699297 0.701456
0.738261 0.639264 0.621359
0.687560 0.650081 0.643204
0.675606 0.679827 0.696602
0.680114 0.680368 0.684466
0.657117 0.695782 0.720874
0.620395 0.700919 0.699029
0.590579 0.688210 0.689320
0.618050 0.659546 0.677184
0.634582 0.686317 0.720874
0.609034 0.695782 0.723301
0.622963 0.701460 0.720874
0.619311 0.711466 0.742718
0.638432 0.692807 0.696602
0.607593 0.708221 0.703883
0.642576 0.692537 0.728155
0.622558 0.717144 0.740291
0.609115 0.716063 0.733010
0.611596 0.684694 0.679612
0.606331 0.699838 0.725728
0.606962 0.669551 0.655340
0.609561 0.674689 0.691748
0.640305 0.713629 0.718447
0.579790 0.711736 0.728155
0.620538 0.704705 0.711165
0.581811 0.691455 0.708738
0.609429 0.717144 0.723301
0.593716 0.722282 0.740291
0.590093 0.719578 0.745146
0.597408 0.712277 0.699029
0.584503 0.719849 0.708738
0.580623 0.720930 0.708738
0.592171 0.717144 0.735437
0.571070 0.709573 0.737864
0.580689 0.725798 0.742718
0.566176 0.729043 0.723301
0.587583 0.718226 0.713592
0.560824 0.696322 0.701456
0.588344 0.720119 0.730583
0.592625 0.718496 0.750000
0.604578 0.698215 0.691748
0.596174 0.717685 0.733010
0.578941 0.725527 0.730583
0.583313 0.706057 0.701456
0.579618 0.716063 0.723301
0.582695 0.704164 0.737864
0.567732 0.716333 0.725728
0.584967 0.722012 0.728155
0.576309 0.713899 0.720874
0.570630 0.718496 0.720874
0.601102 0.712818 0.747573
0.576996 0.725798 0.733010
0.592765 0.713088 0.733010
0.583402 0.713088 0.718447
0.578332 0.727961 0.737864
0.586292 0.715251 0.725728
0.585895 0.714440 0.733010
0.579641 0.721471 0.742718
0.566987 0.722553 0.723301
0.594110 0.719849 0.720874
0.589658 0.705246 0.720874
0.604486 0.688751 0.691748
0.587193 0.676582 0.684466
0.585504 0.703624 0.708738
0.561531 0.710114 0.694175
0.572069 0.723634 0.723301
0.605846 0.712547 0.725728
0.578006 0.709573 0.720874
0.599178 0.703353 0.699029
0.589715 0.717685 0.713592
0.565976 0.721201 0.718447
0.574879 0.724986 0.742718
0.582461 0.727691 0.735437
0.604996 0.665224 0.640777
0.592816 0.703353 0.696602
0.584559 0.717144 0.720874
0.614350 0.723634 0.735437
0.589792 0.729854 0.725728
0.575125 0.725257 0.742718
0.583974 0.723634 0.735437
0.573769 0.703083 0.708738
0.553928 0.730665 0.747573
0.567045 0.736885 0.735437
0.570693 0.721201 0.725728
0.576740 0.729584 0.735437
0.579218 0.733910 0.735437
0.582891 0.707139 0.713592
0.579151 0.736885 0.750000
0.582382 0.714981 0.735437
0.577057 0.724446 0.745146
0.569632 0.719308 0.725728
0.565794 0.734181 0.718447
0.565236 0.728231 0.752427
0.556983 0.734451 0.730583
0.585030 0.731476 0.750000
0.564680 0.731747 0.730583
0.566366 0.735262 0.747573
0.598566 0.730936 0.737864
0.584240 0.723094 0.733010
0.563644 0.723634 0.745146
0.567998 0.735803 0.737864
0.582415 0.738507 0.737864
0.571289 0.737155 0.752427
0.579444 0.704976 0.711165
0.565736 0.723094 0.723301
0.565349 0.725257 0.725728
0.578455 0.713088 0.718447
0.581014 0.727150 0.740291
0.576511 0.730395 0.747573
0.601929 0.730124 0.750000
0.583347 0.737426 0.752427
0.577643 0.722823 0.740291
0.570705 0.725257 0.730583
0.565082 0.722012 0.745146
0.586534 0.725527 0.752427
0.585302 0.730124 0.742718
0.579842 0.728231 0.735437
0.562393 0.735803 0.740291
0.569231 0.733369 0.742718
0.574987 0.732558 0.747573
0.577143 0.728772 0.725728
0.569040 0.719037 0.728155
0.551204 0.732829 0.754854
0.554256 0.732288 0.730583
0.567221 0.727420 0.740291
0.569430 0.727150 0.737864
0.578067 0.740400 0.757282
0.558167 0.740941 0.752427
0.551230 0.733640 0.750000
0.548327 0.729313 0.759709
0.582138 0.730936 0.735437
0.559281 0.725527 0.740291
0.567562 0.739859 0.762136
0.554652 0.729043 0.735437
0.559606 0.737966 0.733010
0.564533 0.722282 0.737864
0.558118 0.739048 0.757282
0.559106 0.738237 0.752427
0.561979 0.732558 0.742718
0.544060 0.737696 0.759709
0.546036 0.736074 0.757282
0.563947 0.735803 0.750000
0.579917 0.740400 0.733010
0.577698 0.731747 0.740291
0.561507 0.735803 0.747573
0.550191 0.731476 0.730583
0.551775 0.734992 0.747573
0.553479 0.727150 0.718447
0.560059 0.740941 0.742718
0.579735 0.743645 0.745146
0.554516 0.742023 0.752427
0.563073 0.739319 0.752427
0.562210 0.722823 0.718447
0.568190 0.733640 0.752427
0.549779 0.738237 0.740291
0.548822 0.736074 0.752427
0.555294 0.739319 0.747573
0.550326 0.740130 0.752427
0.550233 0.740130 0.742718
0.537303 0.742293 0.752427
0.567315 0.736885 0.733010
0.556776 0.742564 0.745146
0.545260 0.747431 0.752427
0.587993 0.739589 0.750000
0.548898 0.746620 0.762136
0.572147 0.739048 0.745146
0.540430 0.737966 0.740291
0.571434 0.730665 0.716019
0.559803 0.741752 0.730583
0.566307 0.751487 0.754854
0.547349 0.723364 0.718447
0.553978 0.745268 0.750000
0.555476 0.743104 0.742718
0.546894 0.740400 0.750000
0.555661 0.746079 0.752427
0.565679 0.742564 0.754854
0.534439 0.744186 0.762136
0.536623 0.742564 0.745146
0.563931 0.746079 0.750000
0.541038 0.745809 0.759709
0.542027 0.739319 0.754854
0.549543 0.737966 0.750000
0.572858 0.740400 0.747573
0.554129 0.743104 0.750000
0.550886 0.746620 0.759709
0.566014 0.741752 0.754854
0.551226 0.747701 0.750000
0.580564 0.741482 0.742718
0.563369 0.739319 0.750000
0.530069 0.738778 0.747573
0.563757 0.748242 0.754854
0.549340 0.749324 0.752427
0.516555 0.744456 0.759709
0.558276 0.749865 0.757282
0.560747 0.744997 0.757282
0.565241 0.743104 0.757282
0.547372 0.742564 0.750000
0.550400 0.743375 0.750000
0.547173 0.747431 0.750000
0.542773 0.750135 0.754854
0.562248 0.748242 0.754854
0.542458 0.743375 0.752427
0.535244 0.738778 0.742718
0.539335 0.727961 0.730583
0.546515 0.739589 0.740291
0.537915 0.747431 0.745146
0.520311 0.739048 0.762136
0.561814 0.744456 0.742718
0.542253 0.741211 0.742718
0.555644 0.735262 0.728155
0.532515 0.749054 0.766990
0.570928 0.745809 0.752427
0.546453 0.745268 0.742718
0.554334 0.742293 0.747573
0.558962 0.747972 0.747573
0.555072 0.736614 0.740291
0.550716 0.729584 0.735437
0.557716 0.731206 0.725728
0.576075 0.749054 0.740291
0.541204 0.739589 0.745146
0.551506 0.748242 0.745146
0.532096 0.746890 0.750000
0.541888 0.751217 0.750000
0.552867 0.737426 0.730583
0.552906 0.745538 0.742718
0.582032 0.738237 0.740291
0.532883 0.745809 0.750000
0.534360 0.751217 0.757282
0.545827 0.749054 0.752427
0.533468 0.747972 0.757282
0.534419 0.752839 0.754854
0.535910 0.748783 0.752427
0.547705 0.747431 0.754854
0.550872 0.744456 0.754854
0.549103 0.751758 0.754854
0.563876 0.749324 0.752427
0.541983 0.749054 0.745146
0.543871 0.750406 0.754854
0.547916 0.743104 0.742718
0.533661 0.747701 0.745146
0.537919 0.749594 0.747573
0.530395 0.748783 0.742718
0.555163 0.743645 0.742718
0.546343 0.751217 0.750000
0.563804 0.750676 0.750000
0.551701 0.746349 0.754854
0.540926 0.748783 0.745146
0.548938 0.750676 0.752427
0.537557 0.748783 0.745146
0.523824 0.752569 0.752427
0.520293 0.747972 0.754854
0.527211 0.753651 0.754854
0.529735 0.753110 0.764563
0.524516 0.746620 0.754854
0.552053 0.751217 0.757282
0.545349 0.748783 0.752427
0.547621 0.746620 0.759709
0.558012 0.747701 0.750000
0.520413 0.745809 0.747573
0.561565 0.749054 0.747573
0.522966 0.748242 0.747573
0.522254 0.752028 0.754854
0.539558 0.751758 0.747573
0.523166 0.749594 0.747573
0.555901 0.734992 0.728155
0.546656 0.750676 0.752427
0.559818 0.745268 0.750000
0.556857 0.753380 0.752427
0.555564 0.750676 0.750000
0.528343 0.750135 0.754854
0.526682 0.749865 0.759709
0.554071 0.753380 0.759709
0.548876 0.752299 0.757282
0.540879 0.755544 0.757282
0.536615 0.750135 0.750000
0.549684 0.751758 0.759709
0.542284 0.751758 0.757282
0.541156 0.749054 0.762136
0.550975 0.746620 0.759709
0.535725 0.750676 0.750000
0.534996 0.749324 0.752427
0.529647 0.751758 0.757282
0.563673 0.750946 0.759709
0.551305 0.749324 0.757282
0.537606 0.748513 0.759709
0.545065 0.754191 0.762136
0.543204 0.753651 0.754854
0.543728 0.751758 0.757282
0.539882 0.750676 0.762136
0.539740 0.749865 0.759709
0.528734 0.747431 0.764563
0.546723 0.744456 0.747573
0.550422 0.749324 0.752427
0.543511 0.750946 0.757282
0.540018 0.749865 0.754854
0.519812 0.750135 0.752427
0.570573 0.748783 0.754854
0.539184 0.750135 0.762136
0.535697 0.751487 0.757282
0.545659 0.752839 0.754854
0.553962 0.750406 0.759709
0.547287 0.750676 0.747573
0.553263 0.746349 0.745146
0.547989 0.751487 0.754854
0.548973 0.752299 0.757282
0.527744 0.750135 0.766990
0.550795 0.751217 0.762136
0.547460 0.751758 0.759709
0.542801 0.754462 0.759709
0.548178 0.753110 0.759709
0.537912 0.754191 0.757282
0.533464 0.752028 0.757282
0.545238 0.753651 0.750000
0.553082 0.749054 0.764563
0.518111 0.750946 0.759709
0.538131 0.750135 0.754854
0.526460 0.754191 0.754854
0.532351 0.749865 0.754854
0.531728 0.750406 0.762136
0.535891 0.749865 0.757282
0.546741 0.752569 0.759709
0.547234 0.751487 0.754854
0.546814 0.749324 0.747573
0.547445 0.749594 0.750000
0.543086 0.750946 0.764563
0.541501 0.750135 0.759709
