6.534127 0.620065 0.660194
3.198837 0.597891 0.614078
3.432972 0.597350 0.631068
2.334700 0.662791 0.665049
1.330790 0.585992 0.577670
1.540803 0.683613 0.703883
1.328454 0.647918 0.650485
1.074515 0.614657 0.604369
1.211769 0.687669 0.694175
1.298391 0.651163 0.648058
1.014950 0.683342 0.713592
1.005591 0.616009 0.584951
0.980605 0.592482 0.589806
1.404996 0.651163 0.660194
0.822999 0.694429 0.718447
0.779412 0.648999 0.660194
0.920160 0.699297 0.718447
0.855451 0.657112 0.684466
0.786337 0.650892 0.696602
0.805122 0.632234 0.631068
0.786075 0.670903 0.716019
0.716912 0.671174 0.691748
0.723683 0.593294 0.604369
0.691395 0.653867 0.679612
0.735952 0.690914 0.723301
0.702180 0.684154 0.699029
0.732067 0.647918 0.684466
0.769074 0.686047 0.694175
0.746027 0.697945 0.720874
0.665247 0.678745 0.703883
0.667580 0.705516 0.735437
0.654868 0.675230 0.691748
0.654050 0.664413 0.686893
0.683107 0.660627 0.667476
0.625788 0.686858 0.706311
0.688857 0.683883 0.703883
0.673286 0.695511 0.716019
0.660321 0.687669 0.682039
0.666088 0.672255 0.691748
0.668083 0.702542 0.718447
0.697200 0.646295 0.669903
0.673215 0.665765 0.689320
0.640742 0.643050 0.657767
0.635354 0.683613 0.703883
0.622989 0.607355 0.628641
0.623164 0.617631 0.626214
0.645374 0.655489 0.667476
0.594267 0.702271 0.740291
0.629813 0.672526 0.682039
0.597424 0.694700 0.713592
0.609536 0.714170 0.740291
0.602862 0.676852 0.689320
0.625636 0.657653 0.672330
0.600439 0.685235 0.694175
0.592893 0.716333 0.745146
0.606026 0.707680 0.745146
0.597018 0.715251 0.735437
0.577739 0.679827 0.699029
0.589569 0.726609 0.747573
0.580074 0.671985 0.672330
0.598711 0.702271 0.711165
0.581352 0.714981 0.725728
0.615087 0.707950 0.713592
0.609567 0.717956 0.742718
0.611130 0.709843 0.725728
0.603269 0.710654 0.728155
0.596867 0.707950 0.728155
0.581402 0.719849 0.742718
0.591241 0.709302 0.742718
0.591668 0.713359 0.752427
0.587026 0.712818 0.752427
0.613963 0.646025 0.662621
0.587993 0.726068 0.737864
0.576679 0.716874 0.725728
0.606174 0.692266 0.713592
0.600233 0.687399 0.711165
0.609829 0.712547 0.725728
0.592600 0.711466 0.713592
0.588189 0.700379 0.728155
0.599317 0.713088 0.723301
0.589196 0.707409 0.720874
0.580692 0.715251 0.742718
0.572997 0.707409 0.699029
0.583128 0.696863 0.694175
0.596225 0.651433 0.648058
0.607984 0.615738 0.592233
0.597959 0.640617 0.643204
0.587528 0.717685 0.728155
0.596597 0.705516 0.706311
0.582300 0.726339 0.747573
0.624239 0.680368 0.662621
0.586159 0.687939 0.696602
0.604987 0.707139 0.730583
0.598155 0.723634 0.740291
0.582547 0.692537 0.730583
0.594257 0.711736 0.733010
0.592832 0.707950 0.723301
0.592402 0.677934 0.677184
0.606340 0.652785 0.657767
0.576000 0.661709 0.677184
0.617707 0.720660 0.747573
0.593914 0.708221 0.723301
0.580978 0.708491 0.703883
0.582928 0.717144 0.733010
0.595660 0.717685 0.730583
0.567180 0.714170 0.706311
0.563991 0.719849 0.745146
0.569866 0.717415 0.728155
0.589122 0.713629 0.728155
0.588044 0.722823 0.759709
0.576094 0.684154 0.701456
0.590947 0.724175 0.733010
0.589045 0.710384 0.716019
0.583126 0.723094 0.747573
0.573407 0.720119 0.735437
0.563165 0.700649 0.691748
0.575551 0.718226 0.747573
0.552406 0.728231 0.742718
0.573626 0.724446 0.737864
0.563946 0.726879 0.762136
0.573987 0.727420 0.742718
0.608409 0.730665 0.747573
0.588019 0.716874 0.742718
0.569590 0.700919 0.703883
0.586642 0.728231 0.757282
0.581148 0.715522 0.752427
0.582474 0.729313 0.740291
0.578439 0.726068 0.737864
0.564943 0.718767 0.728155
0.568155 0.724446 0.728155
0.574516 0.699838 0.725728
0.579822 0.733640 0.752427
0.568633 0.724986 0.733010
0.593138 0.711736 0.699029
0.578393 0.707680 0.708738
0.589024 0.712006 0.699029
0.576514 0.733910 0.754854
0.570846 0.724446 0.733010
0.596199 0.718226 0.745146
0.609902 0.725527 0.747573
0.576187 0.712547 0.725728
0.574243 0.730665 0.754854
0.574872 0.723905 0.720874
0.569847 0.730665 0.745146
0.580699 0.720930 0.742718
0.575482 0.730395 0.750000
0.550956 0.724716 0.750000
0.553216 0.725798 0.759709
0.580072 0.724175 0.769417
0.563197 0.726609 0.759709
0.583564 0.735533 0.757282
0.560713 0.727961 0.745146
0.569359 0.727961 0.752427
0.561754 0.729313 0.747573
0.570860 0.732829 0.757282
0.558981 0.725527 0.750000
0.570308 0.729584 0.757282
0.548296 0.717415 0.718447
0.564685 0.729584 0.762136
0.564247 0.714981 0.708738
0.576136 0.729584 0.750000
0.563697 0.733910 0.752427
0.559961 0.726609 0.752427
0.528103 0.722012 0.723301
0.561282 0.735262 0.742718
0.573222 0.728502 0.737864
0.580363 0.734721 0.752427
0.567335 0.729584 0.730583
0.569305 0.738778 0.745146
0.544621 0.720660 0.713592
0.557224 0.730395 0.735437
0.555156 0.729854 0.747573
0.559198 0.741482 0.754854
0.577963 0.735262 0.735437
0.560409 0.739589 0.747573
0.566339 0.724986 0.723301
0.561564 0.729043 0.720874
0.569391 0.726339 0.728155
0.557668 0.739048 0.745146
0.563771 0.736074 0.754854
0.565003 0.734721 0.742718
0.545698 0.727420 0.745146
0.557914 0.724716 0.725728
0.537648 0.732288 0.747573
0.565818 0.736885 0.754854
0.551605 0.738237 0.737864
0.547815 0.729584 0.745146
0.577264 0.735262 0.733010
0.549680 0.725527 0.745146
0.579970 0.736614 0.752427
0.541595 0.728772 0.720874
0.569920 0.736074 0.747573
0.568328 0.731747 0.730583
0.565838 0.717415 0.718447
0.563548 0.699838 0.699029
0.552387 0.731206 0.740291
0.567470 0.735803 0.747573
0.548827 0.733369 0.762136
0.559774 0.730936 0.752427
0.559664 0.734451 0.762136
0.538622 0.731747 0.754854
0.543078 0.725527 0.740291
0.570731 0.737696 0.747573
0.540173 0.738507 0.747573
0.547909 0.737155 0.754854
0.552335 0.734992 0.742718
0.579188 0.737966 0.742718
0.563789 0.729584 0.737864
0.553186 0.739859 0.745146
0.561675 0.735803 0.752427
0.547870 0.735803 0.754854
0.569442 0.739319 0.752427
0.554537 0.725798 0.735437
0.527102 0.727691 0.742718
0.564453 0.741752 0.747573
0.539057 0.741752 0.754854
0.508759 0.742564 0.757282
0.556781 0.741482 0.747573
0.556775 0.739319 0.737864
0.572952 0.726609 0.728155
0.550681 0.741482 0.745146
0.548625 0.737426 0.733010
0.541042 0.743916 0.745146
0.545033 0.736885 0.740291
0.571020 0.740941 0.747573
0.529923 0.741211 0.745146
0.527786 0.737696 0.730583
0.540479 0.728231 0.740291
0.541131 0.737696 0.735437
0.524723 0.739048 0.750000
0.528166 0.743375 0.754854
0.554588 0.742023 0.740291
0.544221 0.742023 0.754854
0.545579 0.731747 0.750000
0.539751 0.740400 0.742718
0.578216 0.743104 0.759709
0.559668 0.738237 0.745146
0.565740 0.738778 0.745146
0.569114 0.737155 0.730583
0.550002 0.735262 0.728155
0.563823 0.722553 0.713592
0.557283 0.737696 0.737864
0.567007 0.742834 0.737864
0.542135 0.732017 0.745146
0.563008 0.739589 0.742718
0.534637 0.734451 0.737864
0.531460 0.735533 0.757282
0.562365 0.724446 0.723301
0.560698 0.739048 0.752427
0.588104 0.737155 0.735437
0.544388 0.744727 0.754854
0.536464 0.734992 0.754854
0.540200 0.737426 0.745146
0.530552 0.732017 0.750000
0.532772 0.743916 0.747573
0.541564 0.742293 0.754854
0.540593 0.740130 0.754854
0.545926 0.737696 0.728155
0.541264 0.743645 0.754854
0.561599 0.738507 0.747573
0.538738 0.740941 0.740291
0.545477 0.742564 0.745146
0.536374 0.741482 0.733010
0.537830 0.738237 0.747573
0.529985 0.743104 0.757282
0.528569 0.746349 0.754854
0.562882 0.737966 0.747573
0.545365 0.744997 0.754854
0.555190 0.743104 0.742718
0.546716 0.741482 0.735437
0.536112 0.742293 0.735437
0.539747 0.740941 0.759709
0.543536 0.745538 0.759709
0.540510 0.741482 0.757282
0.531317 0.744456 0.754854
0.538159 0.745268 0.759709
0.537320 0.745538 0.747573
0.531497 0.741752 0.742718
0.540054 0.743104 0.747573
0.553589 0.742023 0.750000
0.548188 0.742834 0.745146
0.554987 0.737155 0.733010
0.531006 0.739589 0.745146
0.555200 0.743916 0.750000
0.519018 0.737426 0.750000
0.524064 0.742564 0.764563
0.538132 0.739048 0.754854
0.532762 0.740671 0.752427
0.554056 0.736885 0.735437
0.546309 0.742293 0.740291
0.557504 0.743104 0.742718
0.559455 0.740400 0.750000
0.561786 0.739048 0.745146
0.529418 0.740671 0.745146
0.531911 0.743916 0.762136
0.559455 0.738507 0.745146
0.546809 0.742834 0.757282
0.543569 0.738778 0.750000
0.535615 0.739589 0.745146
0.547618 0.749594 0.745146
0.526588 0.743375 0.750000
0.542068 0.747701 0.757282
0.537360 0.748783 0.762136
0.527023 0.748513 0.750000
0.538665 0.748783 0.750000
0.540924 0.748783 0.754854
0.551658 0.741482 0.740291
0.556646 0.747431 0.752427
0.549610 0.747701 0.759709
0.550144 0.748242 0.769417
0.546987 0.746349 0.757282
0.547975 0.740671 0.752427
0.547419 0.741482 0.750000
0.556179 0.746890 0.762136
0.525576 0.750946 0.757282
0.547475 0.743375 0.735437
0.545648 0.746890 0.757282
0.540172 0.741211 0.752427
0.533515 0.746349 0.754854
0.535037 0.739319 0.750000
0.570859 0.739859 0.747573
0.549265 0.745268 0.750000
0.534540 0.740671 0.747573
0.546589 0.748242 0.747573
0.551074 0.747701 0.745146
0.547105 0.741482 0.757282
0.550410 0.739589 0.747573
0.550513 0.745809 0.747573
0.563473 0.744727 0.754854
0.534038 0.745268 0.745146
0.545074 0.745809 0.752427
0.548369 0.743645 0.752427
0.542051 0.745268 0.762136
0.545695 0.746079 0.752427
0.534536 0.744186 0.742718
0.532079 0.745538 0.752427
0.548046 0.745538 0.750000
0.560236 0.743104 0.747573
0.535454 0.746349 0.754854
0.543261 0.743645 0.742718
0.538389 0.743104 0.742718
0.535614 0.747701 0.740291
0.540966 0.750676 0.752427
0.539710 0.742564 0.747573
0.545567 0.747161 0.745146
0.540779 0.739319 0.745146
0.543563 0.740130 0.740291
0.555930 0.744727 0.754854
0.550374 0.744456 0.754854
0.554131 0.746349 0.752427
