5.227843 0.500270 0.497573
2.460526 0.603299 0.606796
1.907648 0.591671 0.572816
1.678728 0.659546 0.650485
1.342295 0.683072 0.677184
1.547945 0.672526 0.691748
1.381343 0.709032 0.720874
1.124505 0.617090 0.623786
1.485527 0.702542 0.725728
1.198092 0.679827 0.686893
1.106587 0.636831 0.645631
1.033150 0.649540 0.667476
0.917306 0.676582 0.691748
0.839133 0.660087 0.689320
0.882550 0.635749 0.640777
0.757330 0.658194 0.677184
0.993199 0.599513 0.589806
0.895860 0.670362 0.669903
0.798646 0.639264 0.674757
0.805775 0.639805 0.657767
0.786483 0.669010 0.713592
0.718991 0.705787 0.728155
0.801701 0.696052 0.716019
0.681638 0.676852 0.679612
0.747419 0.697134 0.718447
0.694479 0.691184 0.689320
0.731574 0.544078 0.524272
0.755159 0.701460 0.716019
0.825048 0.677393 0.679612
0.683281 0.685506 0.691748
0.659265 0.713629 0.733010
0.593033 0.715522 0.723301
0.630039 0.692266 0.706311
0.658877 0.696052 0.723301
0.599323 0.709573 0.718447
0.649345 0.690103 0.711165
0.619557 0.710654 0.720874
0.645743 0.699297 0.674757
0.624559 0.714170 0.713592
0.652604 0.704164 0.716019
0.646690 0.710114 0.703883
0.613673 0.682802 0.686893
0.620363 0.635208 0.643204
0.620498 0.721741 0.728155
0.616778 0.669281 0.665049
0.597007 0.682531 0.694175
0.637112 0.705246 0.716019
0.583912 0.720389 0.752427
0.609165 0.707139 0.713592
0.575333 0.719308 0.740291
0.601106 0.730395 0.730583
0.588677 0.724986 0.733010
0.596016 0.713629 0.737864
0.582718 0.701731 0.694175
0.576175 0.725257 0.725728
0.589258 0.726609 0.735437
0.584967 0.721741 0.728155
0.561807 0.724716 0.747573
0.577257 0.720389 0.735437
0.575117 0.663061 0.665049
0.581363 0.727961 0.735437
0.559711 0.715792 0.725728
0.577575 0.733910 0.740291
0.595600 0.729584 0.733010
0.591747 0.706328 0.694175
0.592462 0.722282 0.725728
0.580078 0.725257 0.725728
0.570419 0.705246 0.708738
0.564573 0.729584 0.725728
0.574411 0.717685 0.733010
0.572430 0.727691 0.747573
0.581289 0.722553 0.745146
0.566447 0.725527 0.747573
0.572843 0.703624 0.706311
0.582215 0.730124 0.750000
0.605490 0.711466 0.716019
0.601052 0.722282 0.750000
0.588982 0.708761 0.723301
0.579793 0.709302 0.711165
0.580224 0.726879 0.747573
0.592512 0.723364 0.735437
0.579594 0.722553 0.737864
0.564241 0.725798 0.728155
0.584263 0.676582 0.672330
0.584191 0.696593 0.699029
0.593757 0.727420 0.735437
0.578425 0.692266 0.706311
0.573334 0.722823 0.730583
0.576343 0.721201 0.718447
0.566880 0.691455 0.686893
0.597522 0.721741 0.703883
0.565124 0.727961 0.720874
0.583138 0.725257 0.725728
0.576409 0.730124 0.735437
0.558828 0.732288 0.735437
0.569718 0.731206 0.742718
0.577104 0.714981 0.730583
0.584150 0.671174 0.674757
0.572579 0.685235 0.686893
0.566032 0.715251 0.708738
0.611008 0.725257 0.718447
0.586935 0.732829 0.757282
0.568913 0.728502 0.737864
0.574724 0.736885 0.750000
0.578821 0.719308 0.725728
0.545982 0.725798 0.728155
0.555910 0.735803 0.747573
0.564273 0.732288 0.725728
0.576581 0.738778 0.728155
0.577432 0.732558 0.747573
0.569493 0.690373 0.691748
0.577145 0.739048 0.745146
0.576177 0.726339 0.718447
0.571360 0.731206 0.708738
0.561219 0.727150 0.723301
0.552557 0.733369 0.720874
0.566818 0.735262 0.720874
0.548793 0.740400 0.750000
0.562328 0.732017 0.730583
0.547148 0.742834 0.757282
0.560811 0.738778 0.757282
0.596025 0.735262 0.742718
0.575060 0.723905 0.737864
0.552592 0.745538 0.728155
0.560831 0.736614 0.757282
0.561479 0.743375 0.737864
0.563808 0.734451 0.737864
0.558520 0.725257 0.723301
0.561196 0.740400 0.747573
0.548224 0.735803 0.735437
0.568562 0.730665 0.735437
0.562681 0.737426 0.752427
0.559203 0.731206 0.728155
0.584207 0.735533 0.728155
0.566752 0.740130 0.740291
0.579159 0.732558 0.728155
0.561832 0.716333 0.716019
0.565198 0.738237 0.752427
0.574958 0.735262 0.737864
0.589881 0.740130 0.750000
0.558405 0.743104 0.742718
0.561388 0.740671 0.730583
0.564096 0.739859 0.733010
0.561240 0.735533 0.711165
0.562093 0.746620 0.754854
0.562047 0.741752 0.750000
0.538301 0.742564 0.764563
0.542608 0.740671 0.766990
0.558293 0.738507 0.764563
0.551823 0.739048 0.752427
0.568299 0.742564 0.759709
0.551602 0.749324 0.757282
0.548384 0.747972 0.745146
0.546982 0.736885 0.733010
0.564051 0.744727 0.754854
0.550287 0.745268 0.737864
0.569586 0.752569 0.759709
0.529269 0.737696 0.737864
0.542876 0.761222 0.742718
0.557333 0.724175 0.720874
0.560791 0.752028 0.745146
0.545515 0.745538 0.737864
0.544236 0.749865 0.762136
0.527038 0.750946 0.759709
0.544138 0.757707 0.747573
0.570195 0.746349 0.745146
0.559684 0.750406 0.745146
0.555123 0.734181 0.737864
0.546797 0.759329 0.750000
0.551541 0.733910 0.735437
0.544759 0.744456 0.733010
0.545774 0.722553 0.733010
0.547034 0.755544 0.747573
0.575819 0.760141 0.759709
0.557494 0.752299 0.762136
0.550519 0.750946 0.733010
0.537519 0.738778 0.725728
0.552944 0.744186 0.733010
0.540473 0.760681 0.735437
0.551391 0.758789 0.754854
0.552317 0.761763 0.745146
0.534525 0.761222 0.754854
0.542910 0.744186 0.723301
0.528139 0.749865 0.747573
0.555212 0.739319 0.737864
0.539443 0.755003 0.745146
0.535424 0.760411 0.757282
0.563886 0.744997 0.725728
0.541020 0.762845 0.764563
0.561405 0.756084 0.742718
0.529231 0.755273 0.759709
0.555721 0.736074 0.725728
0.544462 0.756084 0.740291
0.556212 0.756896 0.757282
0.545241 0.693889 0.694175
0.543885 0.757707 0.764563
0.558557 0.758789 0.742718
0.543340 0.748242 0.762136
0.548604 0.743645 0.754854
0.546115 0.761493 0.764563
0.536546 0.748783 0.745146
0.533434 0.748513 0.742718
0.546073 0.752839 0.762136
0.524798 0.758518 0.766990
0.529709 0.759870 0.776699
0.538328 0.752028 0.759709
0.550280 0.759870 0.771845
0.549196 0.749054 0.766990
0.544641 0.753651 0.766990
0.554590 0.757436 0.757282
0.543690 0.761222 0.754854
0.554083 0.755814 0.747573
0.537507 0.744456 0.740291
0.520730 0.746890 0.733010
0.558367 0.764197 0.769417
0.529456 0.765549 0.774272
0.491823 0.762845 0.764563
0.531404 0.759059 0.752427
0.536579 0.755273 0.750000
0.556012 0.751217 0.754854
0.541508 0.760681 0.762136
0.542899 0.760681 0.757282
0.530119 0.765819 0.774272
0.526981 0.759329 0.762136
0.546000 0.764738 0.766990
0.527186 0.766090 0.769417
0.518610 0.754732 0.754854
0.530504 0.742564 0.737864
0.532362 0.762304 0.766990
0.516593 0.763115 0.771845
0.512748 0.766090 0.766990
0.544979 0.757707 0.745146
0.531080 0.759329 0.762136
0.543019 0.759059 0.762136
0.532075 0.764467 0.774272
0.559967 0.758518 0.754854
0.547542 0.759600 0.745146
0.552194 0.753921 0.740291
0.547562 0.750406 0.737864
0.547634 0.748513 0.747573
0.549243 0.751758 0.728155
0.544072 0.761222 0.759709
0.549066 0.754191 0.762136
0.530273 0.747161 0.740291
0.541559 0.760141 0.745146
0.530093 0.755814 0.750000
0.519869 0.761493 0.774272
0.553468 0.745538 0.737864
0.539868 0.767983 0.766990
0.583725 0.756625 0.762136
0.528042 0.765279 0.769417
0.532155 0.762034 0.762136
0.546118 0.771228 0.766990
0.518001 0.762845 0.766990
0.514220 0.768794 0.769417
0.537137 0.762845 0.779126
0.533401 0.765549 0.752427
0.526436 0.760681 0.728155
0.533543 0.765549 0.759709
0.555089 0.765549 0.762136
0.520248 0.765819 0.754854
0.526920 0.757707 0.757282
0.527892 0.762304 0.740291
0.522561 0.759870 0.742718
0.523029 0.766631 0.745146
0.522563 0.766090 0.762136
0.548170 0.761222 0.754854
0.536065 0.765008 0.759709
0.537764 0.760681 0.750000
0.529986 0.762574 0.759709
0.529261 0.761763 0.757282
0.533642 0.764738 0.764563
0.528399 0.771228 0.762136
0.531444 0.766631 0.762136
0.510773 0.762574 0.762136
0.516249 0.763386 0.754854
0.516429 0.760411 0.745146
0.499957 0.764197 0.745146
0.527281 0.766090 0.754854
0.537973 0.760681 0.754854
0.539673 0.762034 0.747573
0.539936 0.761763 0.774272
0.514431 0.761222 0.752427
0.543058 0.762304 0.757282
0.514358 0.767171 0.759709
0.523084 0.764738 0.769417
0.522974 0.760411 0.762136
0.525836 0.768524 0.762136
0.534600 0.759059 0.733010
0.527413 0.764738 0.757282
0.536510 0.764197 0.757282
0.548979 0.764738 0.762136
0.542103 0.761493 0.742718
0.510834 0.765549 0.762136
0.522318 0.767712 0.774272
0.553420 0.765549 0.771845
0.532971 0.767712 0.769417
0.532703 0.766901 0.762136
0.533490 0.763656 0.750000
0.533126 0.769064 0.769417
0.515901 0.765819 0.769417
0.530197 0.767171 0.769417
0.525069 0.773121 0.766990
0.520773 0.767171 0.766990
0.528974 0.765819 0.766990
0.531994 0.769064 0.776699
0.539744 0.765279 0.769417
0.530835 0.765819 0.769417
0.528327 0.764738 0.754854
0.536234 0.772580 0.769417
0.537022 0.770687 0.764563
0.520744 0.763926 0.752427
0.534339 0.766360 0.759709
0.541933 0.766360 0.762136
0.511539 0.771228 0.766990
0.526522 0.761493 0.759709
0.540314 0.768794 0.769417
0.532050 0.765819 0.754854
0.524916 0.769876 0.762136
0.523071 0.766631 0.757282
0.568906 0.766901 0.764563
0.537303 0.769876 0.762136
0.525520 0.763926 0.759709
0.538908 0.766360 0.762136
0.517632 0.768794 0.766990
0.539482 0.765549 0.766990
0.542142 0.762034 0.759709
0.537507 0.762845 0.762136
0.544357 0.765549 0.759709
0.518717 0.765549 0.764563
0.541186 0.762845 0.764563
0.522889 0.767171 0.764563
0.537708 0.769876 0.774272
0.531404 0.765819 0.759709
0.518089 0.762845 0.769417
0.516552 0.760952 0.779126
0.535501 0.764197 0.774272
0.546426 0.764467 0.769417
0.517181 0.767442 0.769417
0.530116 0.764738 0.752427
0.517228 0.763115 0.757282
0.528440 0.766631 0.762136
0.515240 0.770146 0.762136
0.533191 0.767712 0.762136
0.536230 0.764738 0.747573
0.527607 0.766360 0.747573
0.541478 0.762034 0.757282
0.546970 0.765008 0.754854
0.533265 0.766901 0.766990
0.531747 0.767442 0.766990
