5.062627 0.531909 0.531553
2.096634 0.632774 0.672330
1.739438 0.631422 0.655340
1.396646 0.581125 0.570388
1.467674 0.694429 0.733010
1.441122 0.701460 0.713592
1.047079 0.651163 0.645631
0.969887 0.688210 0.713592
1.034467 0.622499 0.594660
1.438717 0.710654 0.735437
1.147122 0.710384 0.740291
0.910092 0.707680 0.735437
0.916513 0.676312 0.674757
1.067793 0.689562 0.708738
0.876565 0.646295 0.643204
0.888828 0.611141 0.633495
0.895232 0.664413 0.682039
0.919717 0.699297 0.720874
0.862272 0.691455 0.723301
0.725051 0.713629 0.742718
0.662313 0.682802 0.679612
0.624862 0.696322 0.694175
0.682320 0.726879 0.737864
0.692518 0.726879 0.757282
0.790860 0.590319 0.597087
0.719072 0.603569 0.597087
0.614527 0.694159 0.679612
0.649725 0.726339 0.742718
0.643443 0.713899 0.720874
0.614589 0.736074 0.762136
0.608641 0.731476 0.750000
0.555180 0.716333 0.718447
0.604322 0.719308 0.742718
0.619463 0.737696 0.745146
0.600483 0.729313 0.723301
0.584446 0.733099 0.747573
0.571923 0.741482 0.737864
0.628469 0.722553 0.720874
0.573267 0.738237 0.730583
0.617287 0.669822 0.684466
0.603044 0.675230 0.677184
0.581636 0.740941 0.735437
0.603667 0.673607 0.696602
0.581938 0.738507 0.759709
0.580098 0.706328 0.723301
0.574692 0.712818 0.706311
0.624674 0.731206 0.728155
0.543813 0.750406 0.759709
0.552811 0.749054 0.740291
0.540065 0.755814 0.747573
0.546782 0.746890 0.723301
0.529172 0.757436 0.742718
0.543573 0.747701 0.745146
0.537009 0.742023 0.713592
0.517212 0.765279 0.783981
0.526038 0.766360 0.750000
0.529479 0.756355 0.752427
0.511518 0.762304 0.771845
0.534293 0.770416 0.740291
0.522558 0.740400 0.718447
0.519780 0.762845 0.735437
0.504508 0.740130 0.723301
0.517763 0.739589 0.720874
0.551361 0.766631 0.766990
0.544833 0.740400 0.716019
0.522821 0.771769 0.752427
0.535859 0.772850 0.745146
0.525034 0.772850 0.754854
0.512878 0.774743 0.771845
0.524931 0.758248 0.752427
0.508541 0.770416 0.754854
0.532512 0.780151 0.771845
0.523255 0.775554 0.793689
0.515407 0.769335 0.771845
0.527763 0.763656 0.747573
0.523062 0.782856 0.771845
0.524938 0.786641 0.771845
0.500272 0.765279 0.735437
0.520984 0.770146 0.742718
0.527569 0.770146 0.742718
0.525673 0.783667 0.769417
0.501477 0.775825 0.754854
0.508604 0.768524 0.757282
0.492788 0.786101 0.762136
0.511883 0.769605 0.757282
0.526321 0.755273 0.723301
0.523410 0.742564 0.742718
0.516083 0.766631 0.745146
0.511881 0.779340 0.759709
0.515734 0.768794 0.754854
0.539744 0.736074 0.708738
0.514744 0.778259 0.781553
0.513597 0.793943 0.779126
0.493289 0.794484 0.774272
0.493977 0.798269 0.783981
0.502330 0.787994 0.776699
0.503182 0.777177 0.740291
0.515955 0.775554 0.759709
0.518617 0.769605 0.745146
0.456219 0.798269 0.762136
0.538513 0.785560 0.762136
0.485680 0.796647 0.788835
0.473888 0.805841 0.791262
0.474099 0.810708 0.779126
0.491256 0.806111 0.766990
0.479066 0.809356 0.788835
0.477988 0.811520 0.776699
0.458089 0.807734 0.786408
0.499278 0.805300 0.769417
0.474943 0.801514 0.783981
0.481344 0.772580 0.740291
0.478550 0.811249 0.783981
0.470124 0.805841 0.783981
0.475805 0.816658 0.808252
0.470728 0.816928 0.793689
0.448279 0.794213 0.786408
0.474503 0.813683 0.800971
0.467560 0.815846 0.800971
0.480346 0.807734 0.786408
0.469143 0.801244 0.779126
0.474204 0.804489 0.796117
0.494597 0.817198 0.810680
0.479722 0.816928 0.808252
0.459236 0.824500 0.810680
0.444816 0.804759 0.783981
0.475455 0.810168 0.783981
0.481674 0.822336 0.805825
0.459422 0.809086 0.779126
0.475555 0.807193 0.798544
0.450052 0.810438 0.808252
0.478612 0.822607 0.788835
0.467432 0.809897 0.781553
0.455262 0.803678 0.786408
0.491548 0.810979 0.791262
0.466341 0.815576 0.805825
0.486250 0.815576 0.793689
0.460021 0.806923 0.776699
0.472481 0.813413 0.800971
0.489418 0.818551 0.808252
0.475951 0.820173 0.791262
0.444199 0.827204 0.786408
0.470875 0.813953 0.788835
0.471440 0.821525 0.800971
0.441282 0.810979 0.779126
0.458485 0.816928 0.779126
0.455132 0.811249 0.791262
0.454387 0.819362 0.798544
0.435759 0.819091 0.808252
0.468481 0.812061 0.791262
0.433136 0.832071 0.800971
0.457001 0.832883 0.805825
0.439332 0.836939 0.796117
0.412282 0.835316 0.805825
0.432019 0.834505 0.793689
0.440777 0.829097 0.776699
0.433470 0.835857 0.788835
0.422968 0.838561 0.815534
0.421350 0.831260 0.808252
0.422447 0.843158 0.803398
0.422458 0.838021 0.803398
0.407079 0.841806 0.781553
0.413391 0.843158 0.786408
0.440155 0.836939 0.800971
0.400933 0.845592 0.810680
0.415814 0.840454 0.798544
0.439025 0.842888 0.793689
0.435064 0.838561 0.783981
0.439268 0.843970 0.791262
0.429951 0.838561 0.793689
0.432714 0.832342 0.783981
0.423040 0.836128 0.779126
0.422981 0.831260 0.805825
0.421245 0.841806 0.800971
0.434912 0.847485 0.827670
0.415580 0.852082 0.820388
0.407060 0.843970 0.791262
0.423734 0.831260 0.791262
0.456812 0.851541 0.822816
0.408668 0.851541 0.800971
0.404016 0.854246 0.803398
0.395313 0.848026 0.815534
0.371179 0.849648 0.793689
0.409172 0.843970 0.810680
0.410590 0.838021 0.803398
0.448871 0.851541 0.805825
0.411333 0.853434 0.805825
0.415075 0.850189 0.796117
0.411724 0.839913 0.793689
0.398929 0.851271 0.791262
0.425849 0.846944 0.800971
0.420999 0.852082 0.793689
0.416225 0.852623 0.805825
0.435321 0.849919 0.800971
0.412962 0.856138 0.815534
0.403965 0.835857 0.771845
0.402074 0.851812 0.815534
0.422420 0.857491 0.805825
0.404862 0.848837 0.810680
0.382748 0.858031 0.798544
0.400206 0.859654 0.808252
0.382541 0.854246 0.800971
0.377253 0.857761 0.805825
0.373056 0.855327 0.793689
0.382366 0.863981 0.805825
0.361142 0.857491 0.798544
0.388284 0.866685 0.798544
0.417040 0.859383 0.815534
0.393113 0.859383 0.793689
0.385164 0.863710 0.805825
0.388460 0.866144 0.803398
0.385298 0.869389 0.796117
0.414836 0.868307 0.800971
0.380036 0.868578 0.791262
0.356698 0.858843 0.791262
0.401557 0.868037 0.813107
0.381789 0.867766 0.810680
0.327981 0.861006 0.803398
0.398939 0.864251 0.796117
0.400589 0.868578 0.798544
0.398180 0.862358 0.793689
0.397882 0.862899 0.793689
0.397108 0.858572 0.800971
0.354948 0.864792 0.791262
0.377317 0.868848 0.803398
0.405331 0.866685 0.793689
0.394391 0.872904 0.803398
0.379719 0.869930 0.803398
0.385579 0.869118 0.805825
0.374955 0.871011 0.805825
0.358183 0.873175 0.815534
0.326568 0.870741 0.825243
0.381965 0.865603 0.798544
0.367676 0.868307 0.798544
0.372086 0.877231 0.793689
0.366293 0.873175 0.803398
0.404423 0.871552 0.808252
0.391879 0.873445 0.793689
0.380498 0.880746 0.800971
0.371680 0.877231 0.803398
0.378710 0.868037 0.800971
0.394105 0.876149 0.805825
0.402359 0.865603 0.800971
0.353576 0.874527 0.800971
0.359425 0.878853 0.800971
0.367276 0.878583 0.813107
0.367942 0.875608 0.813107
0.354385 0.878042 0.820388
0.371164 0.865333 0.808252
0.379552 0.877772 0.808252
0.391788 0.874797 0.800971
0.355687 0.879935 0.808252
0.353925 0.881017 0.798544
0.390805 0.881558 0.805825
0.352558 0.881287 0.800971
0.373945 0.880206 0.810680
0.369507 0.885884 0.808252
0.359085 0.881828 0.800971
0.361228 0.883721 0.813107
0.352879 0.881017 0.798544
0.378467 0.881017 0.793689
0.320855 0.879665 0.803398
0.360182 0.879935 0.798544
0.356609 0.879935 0.798544
0.336552 0.880476 0.798544
0.340061 0.884262 0.793689
0.332768 0.879665 0.808252
0.347524 0.878042 0.805825
0.356039 0.880476 0.796117
0.350971 0.875879 0.805825
0.367730 0.875068 0.803398
0.369645 0.880206 0.798544
0.354986 0.881828 0.810680
0.360338 0.882910 0.803398
0.361257 0.880746 0.810680
0.342016 0.881287 0.798544
0.346224 0.881017 0.803398
0.331295 0.885884 0.808252
0.336423 0.883991 0.805825
0.311608 0.884532 0.805825
0.362759 0.884803 0.800971
0.352776 0.879124 0.793689
0.369254 0.879665 0.800971
0.347581 0.882098 0.798544
0.361017 0.883991 0.793689
0.336567 0.879394 0.798544
0.325147 0.881558 0.803398
0.346775 0.879935 0.791262
0.335090 0.881558 0.810680
0.365656 0.880746 0.800971
0.347075 0.882910 0.810680
0.349554 0.881287 0.817961
0.350442 0.883991 0.805825
0.341536 0.883180 0.815534
0.343235 0.882639 0.800971
0.337567 0.883180 0.815534
0.341782 0.885614 0.810680
0.356369 0.883991 0.817961
0.356383 0.883180 0.800971
0.362341 0.889129 0.815534
0.356518 0.885073 0.798544
0.340991 0.889670 0.808252
0.342678 0.887507 0.810680
0.331123 0.885884 0.800971
0.344420 0.889400 0.810680
0.335910 0.889670 0.805825
0.366943 0.885343 0.820388
0.339922 0.887507 0.808252
0.350112 0.882369 0.820388
0.355726 0.882369 0.793689
0.342434 0.888859 0.810680
0.347924 0.888318 0.815534
0.328447 0.885343 0.808252
0.309039 0.889129 0.815534
0.368201 0.892374 0.822816
0.327835 0.889941 0.815534
0.306940 0.890481 0.803398
0.351450 0.889129 0.793689
0.335123 0.888859 0.805825
0.348124 0.888318 0.810680
0.335635 0.888588 0.813107
0.371537 0.889400 0.810680
0.368262 0.889129 0.808252
0.344326 0.891833 0.805825
0.370209 0.889670 0.808252
0.324619 0.891563 0.808252
0.323203 0.890211 0.817961
0.350645 0.893186 0.798544
0.340259 0.892374 0.798544
0.369800 0.895349 0.808252
0.327393 0.892915 0.808252
0.362759 0.890752 0.808252
0.337106 0.892374 0.813107
0.342547 0.894267 0.817961
0.333436 0.893186 0.800971
0.324905 0.894267 0.813107
0.349243 0.894538 0.813107
0.336257 0.892645 0.815534
0.345502 0.891022 0.810680
0.329486 0.892104 0.820388
0.342681 0.892374 0.805825
0.315106 0.895078 0.808252
0.340858 0.895078 0.817961
0.337332 0.894267 0.813107
0.335998 0.897242 0.798544
0.329928 0.895619 0.793689
0.339778 0.891293 0.803398
0.326093 0.893997 0.800971
0.330288 0.893997 0.805825
0.345851 0.894267 0.808252
0.318747 0.893726 0.803398
4.598765 0.588697 0.604369
1.433494 0.624392 0.628641
1.234001 0.664684 0.684466
1.159270 0.698215 0.716019
0.925390 0.692807 0.725728
1.020890 0.722553 0.754854
0.909083 0.684965 0.679612
0.840442 0.711195 0.730583
0.888432 0.714711 0.711165
0.926655 0.670633 0.677184
0.821545 0.690103 0.689320
0.773048 0.713088 0.718447
0.698412 0.615197 0.604369
0.825241 0.726879 0.750000
0.689797 0.702812 0.718447
0.701535 0.705516 0.728155
0.709178 0.722553 0.730583
0.668157 0.720389 0.745146
0.723624 0.684965 0.689320
0.650775 0.723634 0.769417
0.659201 0.716604 0.750000
0.645774 0.727420 0.781553
0.661129 0.723634 0.740291
0.594745 0.731476 0.750000
0.640262 0.737696 0.764563
0.659372 0.709032 0.716019
0.603475 0.711195 0.733010
0.614517 0.722282 0.740291
0.652415 0.702542 0.711165
0.604301 0.722823 0.759709
0.577537 0.740941 0.776699
0.547069 0.737426 0.754854
0.596861 0.680097 0.682039
0.616581 0.711736 0.728155
0.562870 0.723905 0.747573
0.610341 0.715522 0.737864
0.604156 0.720930 0.752427
0.628725 0.680909 0.669903
0.604010 0.737966 0.752427
0.610483 0.704435 0.740291
0.587084 0.675771 0.684466
0.586350 0.740400 0.779126
0.586890 0.703083 0.708738
0.584837 0.712006 0.750000
0.572605 0.719578 0.728155
0.573272 0.697134 0.708738
0.635941 0.733099 0.728155
0.575878 0.736614 0.766990
0.577917 0.736074 0.759709
0.552595 0.743375 0.776699
0.564964 0.746079 0.774272
0.577001 0.726068 0.720874
0.554430 0.745538 0.783981
0.547521 0.722282 0.718447
0.547673 0.740941 0.766990
0.547732 0.710384 0.713592
0.560330 0.747972 0.750000
0.533043 0.743645 0.788835
0.549183 0.737426 0.779126
0.544798 0.758248 0.742718
0.551589 0.737966 0.764563
0.531405 0.747701 0.762136
0.545823 0.752839 0.769417
0.563420 0.747431 0.754854
0.566805 0.726609 0.733010
0.549112 0.740941 0.747573
0.552807 0.753921 0.788835
0.538109 0.736074 0.737864
0.558250 0.739859 0.750000
0.552649 0.734721 0.771845
0.541801 0.717956 0.737864
0.553924 0.756896 0.793689
0.544910 0.749865 0.766990
0.550862 0.744456 0.759709
0.562750 0.750946 0.757282
0.545927 0.739048 0.740291
0.571939 0.743645 0.759709
0.536705 0.715792 0.718447
0.548184 0.742023 0.740291
0.546028 0.753110 0.745146
0.576626 0.753921 0.757282
0.542563 0.747701 0.769417
0.537625 0.741482 0.750000
0.544251 0.734721 0.750000
0.549074 0.744456 0.747573
0.565630 0.724446 0.699029
0.551769 0.650622 0.638350
0.546511 0.746890 0.762136
0.537966 0.756084 0.752427
0.556949 0.730124 0.747573
0.577940 0.758518 0.771845
0.536715 0.723634 0.720874
0.570037 0.745268 0.752427
0.559764 0.742293 0.750000
0.543319 0.750946 0.766990
0.541705 0.748513 0.776699
0.564210 0.751217 0.742718
0.550555 0.718496 0.716019
0.549497 0.750406 0.740291
0.523554 0.750676 0.745146
0.571340 0.752839 0.752427
0.545723 0.748513 0.735437
0.541487 0.763386 0.757282
0.538535 0.763926 0.742718
0.549903 0.747701 0.752427
0.516911 0.763386 0.752427
0.517353 0.763115 0.754854
0.531841 0.759059 0.759709
0.557492 0.753380 0.737864
0.550441 0.743645 0.725728
0.538670 0.721471 0.711165
0.528886 0.759870 0.742718
0.532549 0.760411 0.757282
0.546850 0.777447 0.769417
0.527425 0.758518 0.752427
0.516170 0.750676 0.747573
0.523037 0.755273 0.747573
0.501544 0.766631 0.754854
0.515806 0.763656 0.766990
0.513662 0.743104 0.750000
0.523050 0.772580 0.769417
0.560752 0.755814 0.766990
0.532888 0.765819 0.759709
0.511629 0.764197 0.774272
0.508763 0.783126 0.769417
0.517367 0.775284 0.769417
0.528575 0.772580 0.769417
0.527807 0.753921 0.745146
0.514814 0.775825 0.769417
0.516554 0.759600 0.764563
0.527722 0.769876 0.766990
0.524600 0.771228 0.766990
0.508907 0.777177 0.762136
0.532665 0.762574 0.735437
0.521754 0.776366 0.779126
0.536669 0.755003 0.752427
0.520987 0.772580 0.737864
0.528240 0.763926 0.759709
0.533293 0.782315 0.769417
0.534051 0.783126 0.769417
0.530434 0.772039 0.764563
0.520314 0.769605 0.766990
0.519039 0.786101 0.764563
0.501518 0.779881 0.762136
0.521516 0.784749 0.774272
0.517255 0.786912 0.766990
0.494958 0.776366 0.779126
0.485986 0.769876 0.762136
0.515669 0.774743 0.766990
0.481849 0.792320 0.781553
0.511553 0.790427 0.798544
0.503881 0.797188 0.781553
0.487105 0.803137 0.788835
0.489051 0.791509 0.786408
0.513882 0.774202 0.759709
0.487753 0.798269 0.783981
0.503236 0.797458 0.781553
0.476931 0.794484 0.783981
0.486947 0.800703 0.771845
0.487980 0.793402 0.769417
0.489938 0.794213 0.779126
0.482188 0.801514 0.764563
0.495759 0.800162 0.788835
0.459670 0.800162 0.769417
0.474974 0.798540 0.783981
0.497154 0.795836 0.771845
0.502131 0.779611 0.769417
0.504758 0.799621 0.781553
0.473832 0.794754 0.759709
0.496289 0.784478 0.754854
0.474785 0.810168 0.783981
0.476505 0.794213 0.776699
0.488383 0.806111 0.791262
0.514219 0.799892 0.788835
0.480880 0.806111 0.788835
0.482348 0.800162 0.776699
0.487961 0.756084 0.745146
0.510486 0.802326 0.796117
0.486212 0.805300 0.762136
0.482758 0.801244 0.786408
0.481990 0.795836 0.791262
0.466923 0.808004 0.800971
0.487098 0.790427 0.793689
0.474983 0.805300 0.800971
0.511714 0.799892 0.793689
0.474550 0.806923 0.781553
0.487449 0.804759 0.805825
0.476269 0.802326 0.798544
0.460999 0.808545 0.793689
0.493060 0.809627 0.793689
0.474375 0.807193 0.771845
0.484226 0.803407 0.779126
0.487007 0.802866 0.762136
0.480980 0.802866 0.791262
0.475748 0.789346 0.750000
0.482364 0.810708 0.781553
0.494387 0.807734 0.793689
0.473815 0.811790 0.800971
0.462463 0.813953 0.786408
0.464939 0.815035 0.805825
0.466811 0.814494 0.791262
0.467143 0.815576 0.796117
0.455326 0.813413 0.788835
0.456188 0.818280 0.805825
0.459388 0.810708 0.796117
0.460823 0.806111 0.788835
0.480931 0.813683 0.800971
0.454116 0.810708 0.800971
0.448638 0.816117 0.793689
0.466037 0.815035 0.800971
0.473357 0.813953 0.798544
0.501443 0.815306 0.796117
0.465935 0.819903 0.786408
0.448069 0.813142 0.779126
0.470146 0.820173 0.800971
0.471992 0.818010 0.793689
0.421752 0.810708 0.779126
0.471920 0.811790 0.786408
0.463823 0.819091 0.793689
0.490844 0.818010 0.788835
0.449950 0.820173 0.791262
0.460781 0.815576 0.805825
0.448606 0.816387 0.783981
0.464621 0.820714 0.808252
0.491086 0.816928 0.798544
0.468404 0.820443 0.793689
0.444151 0.819903 0.798544
0.465822 0.821525 0.800971
0.452968 0.822336 0.796117
0.432844 0.817469 0.803398
0.419444 0.815306 0.786408
0.467635 0.813683 0.793689
0.449375 0.823418 0.800971
0.483070 0.820714 0.798544
0.443017 0.820714 0.808252
0.493812 0.817469 0.774272
0.458064 0.822066 0.793689
0.462059 0.822607 0.779126
0.463411 0.820173 0.783981
0.482026 0.813413 0.766990
0.471759 0.813142 0.783981
0.471025 0.813683 0.788835
0.453512 0.821255 0.791262
0.450760 0.816928 0.793689
0.468525 0.826933 0.783981
0.447350 0.822877 0.791262
0.439366 0.821796 0.796117
0.454899 0.829097 0.796117
0.455342 0.820173 0.786408
0.468933 0.823959 0.798544
0.441573 0.822066 0.798544
0.439779 0.823148 0.800971
0.463062 0.824229 0.796117
0.434702 0.830178 0.800971
0.433010 0.824770 0.800971
0.439963 0.826393 0.800971
0.447310 0.829097 0.791262
0.468247 0.827474 0.783981
0.439336 0.829367 0.788835
0.461378 0.829908 0.803398
0.430902 0.826122 0.813107
0.458789 0.831801 0.793689
0.442945 0.825852 0.791262
0.433502 0.823148 0.791262
0.445933 0.823688 0.788835
0.421649 0.826663 0.791262
0.455754 0.823148 0.800971
0.454584 0.829638 0.788835
0.453200 0.822877 0.800971
0.447536 0.818821 0.793689
0.453527 0.832883 0.791262
0.449893 0.828556 0.791262
0.446018 0.835857 0.810680
0.452294 0.824229 0.800971
0.438242 0.830990 0.791262
0.444254 0.830449 0.793689
0.433288 0.831531 0.798544
0.420106 0.832071 0.781553
0.421709 0.828286 0.796117
0.469020 0.827745 0.798544
0.437783 0.827204 0.798544
0.468512 0.829367 0.793689
0.426539 0.830449 0.798544
0.441764 0.828015 0.817961
0.427983 0.827474 0.803398
0.413946 0.829908 0.793689
0.452016 0.828826 0.793689
0.431946 0.829908 0.803398
0.445240 0.830719 0.786408
0.433146 0.822066 0.786408
0.452440 0.823959 0.791262
0.465139 0.823148 0.791262
0.452301 0.828556 0.796117
0.422343 0.829097 0.788835
0.417038 0.832612 0.798544
0.438866 0.823959 0.781553
0.440223 0.825311 0.805825
0.447692 0.832612 0.803398
0.437641 0.834235 0.810680
0.446687 0.826393 0.803398
0.420929 0.830449 0.815534
0.424739 0.832883 0.796117
0.438463 0.827204 0.791262
0.441569 0.832612 0.805825
0.441331 0.836398 0.786408
0.467157 0.828556 0.800971
0.458924 0.832071 0.813107
0.449609 0.828286 0.791262
0.450342 0.833964 0.810680
0.440981 0.830719 0.796117
0.445610 0.830449 0.800971
0.430130 0.832612 0.798544
0.444466 0.830449 0.808252
0.444063 0.833694 0.798544
0.427197 0.831531 0.793689
0.437615 0.834235 0.796117
0.438153 0.830178 0.808252
0.432686 0.832342 0.808252
0.430747 0.833153 0.796117
0.452587 0.832342 0.788835
0.489595 0.834235 0.805825
0.464248 0.833423 0.793689
0.438374 0.833153 0.798544
0.468520 0.833423 0.791262
0.428899 0.832071 0.788835
0.438630 0.830449 0.779126
0.452930 0.833153 0.791262
0.442032 0.831531 0.796117
0.476352 0.832071 0.798544
0.452708 0.835046 0.793689
0.458776 0.836939 0.805825
0.440694 0.831801 0.800971
0.430590 0.833153 0.800971
0.445699 0.829367 0.800971
0.437413 0.824500 0.796117
0.437133 0.830990 0.800971
0.448080 0.830178 0.810680
0.450822 0.830990 0.793689
0.420779 0.826393 0.798544
0.424974 0.835587 0.800971
0.423813 0.832612 0.800971
0.444216 0.835046 0.805825
0.440974 0.834505 0.791262
0.444886 0.832612 0.798544
0.437833 0.830990 0.798544
0.450425 0.834235 0.786408
0.435871 0.832342 0.800971
0.457811 0.836128 0.808252
0.449302 0.833694 0.788835
0.433651 0.834776 0.786408
