5.409555 0.629870 0.583333
2.468272 0.649351 0.500000
1.959402 0.581169 0.444444
1.525160 0.629870 0.583333
1.910825 0.642857 0.527778
1.618557 0.633117 0.583333
1.301424 0.714286 0.611111
0.959351 0.688312 0.416667
1.108506 0.704545 0.472222
1.110889 0.740260 0.500000
0.883084 0.724026 0.500000
0.769336 0.756494 0.361111
0.677605 0.737013 0.611111
0.706901 0.665584 0.416667
0.676190 0.737013 0.500000
0.633578 0.746753 0.444444
0.697349 0.746753 0.500000
0.656663 0.694805 0.527778
0.634930 0.753247 0.527778
0.585928 0.753247 0.472222
0.602930 0.766234 0.583333
0.601006 0.691558 0.555556
0.589587 0.746753 0.500000
0.521756 0.788961 0.527778
0.571924 0.779221 0.555556
0.607914 0.672078 0.388889
0.583847 0.798701 0.500000
0.631635 0.750000 0.472222
0.531500 0.675325 0.611111
0.519481 0.756494 0.500000
0.517653 0.730519 0.583333
0.559006 0.779221 0.527778
0.590914 0.792208 0.527778
0.568309 0.782468 0.583333
0.509105 0.753247 0.444444
0.544423 0.730519 0.500000
0.531009 0.772727 0.444444
0.534653 0.795455 0.555556
0.527847 0.659091 0.416667
0.514549 0.772727 0.555556
0.502028 0.750000 0.555556
0.522147 0.775974 0.500000
0.561477 0.801948 0.500000
0.522647 0.821429 0.555556
0.552934 0.827922 0.611111
0.487462 0.801948 0.527778
0.485047 0.678571 0.500000
0.500494 0.766234 0.472222
0.552187 0.769481 0.527778
0.452238 0.824675 0.555556
0.437578 0.808442 0.555556
0.388783 0.857143 0.583333
0.373365 0.853896 0.472222
0.412454 0.814935 0.500000
0.412446 0.795455 0.472222
0.411984 0.775974 0.555556
0.408966 0.873377 0.583333
0.384623 0.866883 0.555556
0.380285 0.824675 0.555556
0.406406 0.844156 0.583333
0.370632 0.896104 0.583333
0.404054 0.883117 0.527778
0.398951 0.879870 0.500000
0.415503 0.698052 0.583333
0.411152 0.863636 0.527778
0.345254 0.860390 0.583333
0.347723 0.876623 0.555556
0.423571 0.785714 0.444444
0.379462 0.883117 0.583333
0.404817 0.847403 0.472222
0.388484 0.844156 0.638889
0.346768 0.883117 0.527778
0.354812 0.889610 0.500000
0.341748 0.892857 0.527778
0.336651 0.824675 0.583333
0.339857 0.844156 0.555556
0.385430 0.782468 0.611111
0.391782 0.905844 0.555556
0.353224 0.909091 0.555556
0.358434 0.870130 0.527778
0.353868 0.883117 0.527778
0.365360 0.873377 0.583333
0.310284 0.879870 0.472222
0.339815 0.853896 0.611111
0.431638 0.831169 0.583333
0.491037 0.879870 0.583333
0.339047 0.902597 0.555556
0.287563 0.912338 0.527778
0.334584 0.879870 0.555556
0.318464 0.925325 0.500000
0.422521 0.785714 0.555556
0.381674 0.879870 0.611111
0.345740 0.892857 0.527778
0.326773 0.879870 0.611111
0.356190 0.886364 0.527778
0.281219 0.922078 0.611111
0.323358 0.915584 0.638889
0.292594 0.892857 0.527778
0.319540 0.863636 0.555556
0.295720 0.909091 0.583333
0.256663 0.948052 0.583333
0.247983 0.928571 0.555556
0.312396 0.840909 0.611111
0.264810 0.954545 0.527778
0.235241 0.954545 0.583333
0.245693 0.889610 0.638889
0.291599 0.941558 0.527778
0.225965 0.928571 0.555556
0.221073 0.941558 0.500000
0.237988 0.951299 0.527778
0.242331 0.961039 0.527778
0.199264 0.948052 0.583333
0.224315 0.954545 0.500000
0.250407 0.954545 0.527778
0.252061 0.951299 0.611111
0.249347 0.948052 0.583333
0.262349 0.935065 0.527778
0.242494 0.964286 0.527778
0.236274 0.941558 0.555556
0.212765 0.964286 0.583333
0.228008 0.957792 0.527778
0.180585 0.980519 0.583333
0.212136 0.954545 0.555556
0.219104 0.967532 0.611111
0.199677 0.931818 0.500000
0.203923 0.957792 0.527778
0.223376 0.948052 0.527778
0.211909 0.951299 0.583333
0.249861 0.951299 0.611111
0.205611 0.935065 0.611111
0.198245 0.928571 0.583333
0.221341 0.970779 0.527778
0.237133 0.915584 0.611111
0.210467 0.980519 0.555556
0.204333 0.970779 0.500000
0.177961 0.970779 0.555556
0.240092 0.944805 0.500000
0.233484 0.938312 0.611111
0.246010 0.964286 0.611111
0.214121 0.970779 0.500000
0.177713 0.957792 0.500000
0.209554 0.970779 0.583333
0.191749 0.964286 0.611111
0.166537 0.967532 0.527778
0.181496 0.964286 0.555556
0.176380 0.957792 0.527778
0.163326 0.967532 0.555556
0.194038 0.974026 0.500000
0.192624 0.967532 0.527778
0.177224 0.980519 0.527778
0.157121 0.980519 0.555556
0.168241 0.980519 0.500000
0.139084 0.948052 0.500000
0.167110 0.977273 0.527778
0.166987 0.980519 0.555556
0.183899 0.980519 0.527778
0.152987 0.987013 0.555556
0.144719 0.967532 0.500000
0.169478 0.970779 0.555556
0.157217 0.987013 0.472222
0.163136 0.987013 0.555556
0.142819 0.987013 0.583333
0.131981 0.987013 0.583333
0.139131 0.980519 0.500000
0.162269 0.983766 0.500000
0.132925 0.987013 0.583333
0.146874 0.990260 0.555556
0.135408 0.983766 0.555556
0.128931 0.990260 0.500000
0.127994 0.990260 0.555556
0.147392 0.990260 0.555556
0.156758 0.980519 0.500000
0.166932 0.980519 0.555556
0.146288 0.987013 0.527778
0.131195 0.990260 0.555556
0.154573 0.990260 0.555556
0.138507 0.987013 0.555556
0.125261 0.983766 0.527778
0.138224 0.990260 0.611111
0.134142 0.977273 0.527778
0.151621 0.983766 0.527778
0.152874 0.935065 0.555556
0.150247 0.977273 0.527778
0.184572 0.948052 0.527778
0.129694 0.990260 0.555556
0.130932 0.977273 0.527778
0.123368 0.974026 0.555556
0.141303 0.987013 0.527778
0.132278 0.993506 0.555556
0.145288 0.980519 0.555556
0.137001 0.983766 0.527778
0.125151 0.983766 0.527778
0.135473 0.990260 0.555556
0.115890 0.993506 0.527778
0.129162 0.983766 0.500000
0.103238 0.993506 0.555556
0.131443 0.990260 0.583333
0.133682 0.990260 0.583333
0.116913 0.990260 0.500000
0.121284 0.987013 0.472222
0.132527 0.980519 0.500000
0.111104 0.990260 0.527778
0.106305 0.990260 0.555556
0.107963 0.993506 0.555556
0.099522 0.990260 0.527778
0.118553 0.990260 0.527778
0.096995 0.993506 0.500000
0.112185 0.990260 0.500000
0.112506 0.990260 0.527778
0.111785 0.993506 0.527778
0.102121 0.987013 0.527778
0.110804 0.990260 0.527778
0.101486 0.993506 0.583333
0.126699 0.990260 0.555556
0.104274 0.993506 0.583333
0.099923 0.993506 0.583333
0.105875 0.990260 0.555556
0.106849 0.990260 0.527778
0.097493 0.993506 0.555556
0.108599 0.990260 0.555556
0.107757 0.993506 0.527778
0.111448 0.990260 0.555556
0.123717 0.987013 0.527778
0.115178 0.987013 0.527778
0.117565 0.993506 0.555556
0.129004 0.993506 0.583333
0.102524 0.993506 0.527778
0.101814 0.993506 0.555556
0.105219 0.990260 0.555556
0.108835 0.990260 0.500000
0.100993 0.990260 0.527778
0.093966 0.993506 0.527778
0.092258 0.990260 0.555556
0.097860 0.993506 0.555556
0.093398 0.993506 0.500000
0.102440 0.993506 0.583333
0.107924 0.990260 0.500000
0.101515 0.993506 0.555556
0.127530 0.993506 0.555556
0.101977 0.993506 0.500000
0.097621 0.993506 0.472222
0.094231 0.993506 0.583333
0.103867 0.987013 0.555556
0.116348 0.993506 0.555556
0.119224 0.993506 0.527778
0.106718 0.993506 0.527778
0.108690 0.990260 0.500000
0.103991 0.990260 0.500000
0.104879 0.990260 0.527778
0.096520 0.993506 0.527778
0.112977 0.993506 0.500000
0.086539 0.993506 0.527778
0.100781 0.993506 0.527778
0.104336 0.993506 0.500000
0.101318 0.993506 0.500000
0.086456 0.993506 0.527778
0.120807 0.993506 0.500000
0.102098 0.993506 0.527778
0.105084 0.993506 0.527778
0.089663 0.993506 0.555556
0.106020 0.993506 0.527778
0.113715 0.993506 0.555556
0.075622 0.993506 0.555556
0.086046 0.993506 0.555556
0.093320 0.993506 0.527778
0.085123 0.993506 0.527778
0.094173 0.993506 0.500000
0.100948 0.993506 0.527778
0.119036 0.993506 0.472222
0.093959 0.993506 0.500000
0.087664 0.993506 0.527778
0.083352 0.993506 0.527778
0.098852 0.993506 0.555556
0.090221 0.993506 0.527778
0.090468 0.993506 0.472222
0.095688 0.993506 0.555556
0.089488 0.993506 0.527778
0.115521 0.993506 0.527778
0.098174 0.993506 0.527778
0.087841 0.993506 0.555556
0.091963 0.993506 0.527778
0.122881 0.993506 0.555556
0.099152 0.993506 0.500000
0.092894 0.993506 0.555556
0.096214 0.993506 0.527778
0.083728 0.993506 0.527778
0.106092 0.990260 0.472222
0.085546 0.993506 0.555556
0.101854 0.993506 0.527778
0.094169 0.993506 0.527778
0.088655 0.993506 0.527778
0.092005 0.993506 0.500000
0.093768 0.993506 0.500000
0.080619 0.993506 0.472222
0.080457 0.993506 0.527778
0.083837 0.993506 0.527778
0.099867 0.993506 0.500000
0.088720 0.993506 0.500000
0.088347 0.993506 0.527778
0.071593 0.993506 0.500000
0.084054 0.993506 0.527778
0.085085 0.993506 0.527778
0.094198 0.993506 0.500000
0.090656 0.993506 0.527778
0.083707 0.993506 0.500000
0.105821 0.993506 0.527778
0.091030 0.993506 0.500000
0.129196 0.993506 0.555556
0.092385 0.993506 0.500000
0.081503 0.993506 0.527778
0.082842 0.993506 0.500000
0.080551 0.993506 0.527778
0.073511 0.993506 0.527778
0.083791 0.993506 0.500000
0.088948 0.993506 0.500000
0.086860 0.993506 0.527778
0.094996 0.993506 0.527778
0.084797 0.993506 0.500000
0.095004 0.993506 0.527778
0.083616 0.993506 0.527778
0.072549 0.993506 0.527778
0.089829 0.993506 0.527778
0.084437 0.993506 0.500000
0.077820 0.993506 0.527778
0.077845 0.993506 0.527778
0.083960 0.993506 0.500000
0.087254 0.993506 0.527778
0.090846 0.993506 0.500000
0.078200 0.993506 0.527778
0.083857 0.993506 0.527778
0.089526 0.993506 0.527778
0.093013 0.993506 0.500000
0.077895 0.993506 0.472222
0.083455 0.993506 0.527778
0.081542 0.993506 0.555556
0.075731 0.993506 0.500000
0.079460 0.993506 0.472222
0.092171 0.993506 0.527778
0.094514 0.993506 0.500000
0.088320 0.993506 0.555556
0.116044 0.993506 0.555556
0.080565 0.993506 0.527778
0.085645 0.993506 0.472222
0.083968 0.993506 0.527778
0.093863 0.993506 0.527778
0.086986 0.993506 0.527778
0.073103 0.993506 0.500000
0.096096 0.993506 0.527778
0.073321 0.993506 0.527778
0.089645 0.993506 0.500000
4.022976 0.561688 0.416667
1.604318 0.610390 0.388889
1.592823 0.626623 0.472222
1.125336 0.662338 0.555556
1.185253 0.675325 0.527778
1.371857 0.597403 0.555556
1.300983 0.698052 0.527778
0.876093 0.717532 0.527778
0.860064 0.678571 0.444444
1.110132 0.711039 0.527778
1.150418 0.629870 0.611111
0.791342 0.704545 0.416667
0.701882 0.740260 0.555556
0.712573 0.649351 0.500000
0.662478 0.717532 0.500000
0.661231 0.753247 0.472222
0.661215 0.746753 0.388889
0.729382 0.707792 0.611111
0.683972 0.675325 0.472222
0.636446 0.759740 0.444444
0.593056 0.665584 0.416667
0.594661 0.756494 0.583333
0.621769 0.730519 0.527778
0.601296 0.733766 0.527778
0.610100 0.737013 0.555556
0.594642 0.672078 0.388889
0.610213 0.727273 0.500000
0.596546 0.740260 0.500000
0.537951 0.737013 0.583333
0.578167 0.772727 0.583333
0.576101 0.678571 0.611111
0.579478 0.743506 0.638889
0.551595 0.785714 0.500000
0.560970 0.762987 0.583333
0.565555 0.762987 0.527778
0.562263 0.750000 0.555556
0.514096 0.775974 0.527778
0.539633 0.792208 0.555556
0.546766 0.704545 0.444444
0.521800 0.788961 0.583333
0.476594 0.785714 0.500000
0.556882 0.766234 0.555556
0.597296 0.798701 0.583333
0.491147 0.814935 0.555556
0.532364 0.762987 0.583333
0.550369 0.821429 0.666667
0.537961 0.821429 0.500000
0.535788 0.691558 0.472222
0.525984 0.766234 0.555556
0.478945 0.827922 0.555556
0.455604 0.837662 0.527778
0.404251 0.827922 0.638889
0.431012 0.860390 0.555556
0.413211 0.863636 0.555556
0.412977 0.788961 0.611111
0.430681 0.805195 0.555556
0.432166 0.824675 0.583333
0.441867 0.827922 0.611111
0.404057 0.811688 0.555556
0.397211 0.827922 0.583333
0.438413 0.808442 0.527778
0.480043 0.837662 0.500000
0.421621 0.870130 0.555556
0.383053 0.740260 0.527778
0.443254 0.788961 0.500000
0.430024 0.860390 0.666667
0.383087 0.844156 0.527778
0.427293 0.860390 0.694444
0.387549 0.863636 0.583333
0.376773 0.844156 0.638889
0.437736 0.870130 0.583333
0.378514 0.857143 0.583333
0.409187 0.866883 0.611111
0.455179 0.844156 0.500000
0.424948 0.824675 0.611111
0.411883 0.866883 0.500000
0.454137 0.711039 0.555556
0.413603 0.844156 0.527778
0.379196 0.886364 0.555556
0.361583 0.795455 0.666667
0.385321 0.837662 0.527778
0.417717 0.866883 0.611111
0.351056 0.883117 0.527778
0.369058 0.866883 0.638889
0.448603 0.834416 0.555556
0.406756 0.876623 0.583333
0.373194 0.853896 0.472222
0.382040 0.892857 0.583333
0.387060 0.886364 0.583333
0.373061 0.811688 0.500000
0.420174 0.834416 0.527778
0.444104 0.831169 0.638889
0.400520 0.840909 0.527778
0.430085 0.853896 0.555556
0.426905 0.866883 0.472222
0.372070 0.853896 0.611111
0.378917 0.827922 0.500000
0.388957 0.831169 0.611111
0.356161 0.886364 0.555556
0.350607 0.905844 0.583333
0.306945 0.915584 0.611111
0.319648 0.912338 0.583333
0.331020 0.883117 0.638889
0.308905 0.912338 0.555556
0.290871 0.899351 0.555556
0.281172 0.902597 0.611111
0.352120 0.883117 0.611111
0.321432 0.883117 0.555556
0.306302 0.918831 0.527778
0.295746 0.918831 0.638889
0.302722 0.915584 0.638889
0.284367 0.918831 0.555556
0.302438 0.922078 0.555556
0.277370 0.879870 0.527778
0.296585 0.928571 0.638889
0.329340 0.918831 0.500000
0.290408 0.909091 0.527778
0.299129 0.889610 0.500000
0.305387 0.925325 0.583333
0.341622 0.896104 0.527778
0.314479 0.925325 0.555556
0.260713 0.915584 0.611111
0.280136 0.931818 0.527778
0.294200 0.909091 0.527778
0.277801 0.915584 0.527778
0.315502 0.905844 0.583333
0.307672 0.909091 0.611111
0.283632 0.915584 0.527778
0.311666 0.886364 0.500000
0.281288 0.925325 0.611111
0.292118 0.889610 0.527778
0.297240 0.928571 0.527778
0.298393 0.902597 0.500000
0.297646 0.925325 0.583333
0.292215 0.922078 0.527778
0.273559 0.912338 0.583333
0.297298 0.925325 0.527778
0.289382 0.896104 0.583333
0.272447 0.905844 0.500000
0.283811 0.915584 0.555556
0.320008 0.905844 0.500000
0.310549 0.935065 0.555556
0.247758 0.912338 0.555556
0.250625 0.899351 0.555556
0.276128 0.905844 0.583333
0.292794 0.915584 0.583333
0.296035 0.915584 0.500000
0.269439 0.922078 0.611111
0.307530 0.918831 0.500000
0.267282 0.928571 0.583333
0.253338 0.941558 0.583333
0.249145 0.925325 0.500000
0.226732 0.931818 0.583333
0.247767 0.925325 0.527778
0.254374 0.938312 0.583333
0.260478 0.941558 0.555556
0.271699 0.938312 0.583333
0.246852 0.938312 0.583333
0.231048 0.938312 0.555556
0.241089 0.938312 0.555556
0.257156 0.941558 0.527778
0.250824 0.941558 0.611111
0.245693 0.941558 0.555556
0.218135 0.931818 0.555556
0.266569 0.918831 0.555556
0.237372 0.938312 0.527778
0.230551 0.941558 0.527778
0.209080 0.948052 0.583333
0.235304 0.941558 0.527778
0.242311 0.944805 0.527778
0.263215 0.941558 0.583333
0.247205 0.948052 0.500000
0.260320 0.928571 0.555556
0.235478 0.938312 0.527778
0.250599 0.954545 0.555556
0.243212 0.951299 0.583333
0.235254 0.928571 0.527778
0.252993 0.948052 0.583333
0.250238 0.938312 0.527778
0.235429 0.944805 0.555556
0.231920 0.944805 0.527778
0.256030 0.944805 0.472222
0.237349 0.944805 0.555556
0.240975 0.951299 0.555556
0.238540 0.948052 0.527778
0.237534 0.948052 0.555556
0.209915 0.938312 0.527778
0.248326 0.944805 0.555556
0.275570 0.938312 0.555556
0.213394 0.948052 0.500000
0.235057 0.948052 0.555556
0.231681 0.948052 0.527778
0.213775 0.948052 0.500000
0.209782 0.944805 0.583333
0.223067 0.951299 0.527778
0.211560 0.951299 0.527778
0.224366 0.951299 0.500000
0.241106 0.944805 0.527778
0.229557 0.948052 0.555556
0.228373 0.954545 0.500000
0.215141 0.951299 0.555556
0.208476 0.954545 0.527778
0.209129 0.951299 0.555556
0.197800 0.951299 0.527778
0.208351 0.954545 0.527778
0.215366 0.957792 0.527778
0.187554 0.957792 0.527778
0.230191 0.951299 0.500000
0.200604 0.948052 0.555556
0.231856 0.951299 0.583333
0.189574 0.957792 0.583333
0.213889 0.954545 0.583333
0.219989 0.951299 0.555556
0.208563 0.954545 0.555556
0.200785 0.951299 0.527778
0.182874 0.948052 0.555556
0.198644 0.954545 0.583333
0.224654 0.944805 0.527778
0.212418 0.964286 0.527778
0.211394 0.954545 0.583333
0.218457 0.957792 0.500000
0.193000 0.948052 0.527778
0.212254 0.957792 0.500000
0.196559 0.957792 0.527778
0.210332 0.948052 0.527778
0.205766 0.957792 0.500000
0.196757 0.961039 0.555556
0.205985 0.951299 0.500000
0.188745 0.957792 0.527778
0.197452 0.948052 0.527778
0.173837 0.948052 0.527778
0.198217 0.954545 0.527778
0.214907 0.954545 0.527778
0.218468 0.957792 0.527778
0.240770 0.957792 0.527778
0.206966 0.951299 0.500000
0.184024 0.961039 0.527778
0.200822 0.957792 0.500000
0.205643 0.957792 0.555556
0.197509 0.951299 0.500000
0.186490 0.961039 0.583333
0.199054 0.954545 0.527778
0.199918 0.970779 0.472222
0.197652 0.961039 0.500000
0.175607 0.957792 0.500000
0.228713 0.961039 0.500000
0.205302 0.957792 0.500000
0.205441 0.964286 0.555556
0.199489 0.957792 0.500000
0.195079 0.957792 0.500000
0.210251 0.961039 0.555556
0.178869 0.954545 0.527778
0.169837 0.951299 0.555556
0.202775 0.961039 0.527778
0.205345 0.961039 0.583333
0.175299 0.957792 0.555556
0.188885 0.954545 0.555556
0.207156 0.961039 0.500000
0.213110 0.961039 0.500000
0.199710 0.964286 0.527778
0.210787 0.954545 0.500000
0.209719 0.954545 0.527778
0.175074 0.964286 0.555556
0.183511 0.961039 0.555556
0.187974 0.954545 0.527778
0.187675 0.961039 0.555556
0.185905 0.961039 0.527778
0.187856 0.961039 0.500000
0.193882 0.967532 0.555556
0.193758 0.967532 0.527778
0.181913 0.961039 0.527778
0.177290 0.970779 0.527778
0.177923 0.957792 0.527778
0.228235 0.951299 0.527778
0.189689 0.957792 0.527778
0.189524 0.954545 0.527778
0.200763 0.957792 0.583333
0.203578 0.970779 0.527778
0.206687 0.957792 0.555556
0.181171 0.951299 0.527778
0.206967 0.961039 0.527778
0.199652 0.964286 0.527778
0.200253 0.961039 0.500000
0.194280 0.967532 0.527778
0.226006 0.967532 0.527778
0.196166 0.957792 0.527778
0.198718 0.957792 0.500000
0.174569 0.964286 0.555556
0.204390 0.964286 0.527778
0.187776 0.954545 0.555556
0.177005 0.961039 0.527778
0.196800 0.957792 0.555556
0.197156 0.961039 0.527778
0.175276 0.957792 0.527778
0.165569 0.961039 0.500000
0.196492 0.951299 0.555556
0.202118 0.964286 0.527778
0.185128 0.961039 0.555556
0.193855 0.961039 0.555556
0.170699 0.964286 0.555556
0.202540 0.961039 0.500000
0.182681 0.954545 0.500000
0.200396 0.964286 0.500000
0.213066 0.957792 0.500000
0.180695 0.961039 0.500000
0.213064 0.967532 0.500000
0.196428 0.964286 0.500000
0.201837 0.954545 0.500000
0.183717 0.964286 0.500000
0.172835 0.961039 0.527778
0.187880 0.964286 0.500000
0.197505 0.961039 0.555556
0.162599 0.961039 0.500000
0.172235 0.961039 0.500000
0.177659 0.967532 0.500000
0.194458 0.961039 0.555556
0.177959 0.964286 0.500000
0.185546 0.964286 0.500000
0.206159 0.964286 0.500000
0.173535 0.961039 0.527778
0.177826 0.961039 0.500000
0.194733 0.964286 0.527778
0.173135 0.957792 0.583333
0.160574 0.964286 0.500000
0.178981 0.964286 0.500000
0.197861 0.961039 0.500000
0.189704 0.967532 0.527778
0.179095 0.964286 0.500000
0.183388 0.961039 0.500000
0.188485 0.954545 0.527778
0.192774 0.964286 0.527778
0.196841 0.957792 0.527778
0.174832 0.954545 0.500000
0.201373 0.957792 0.527778
0.182717 0.961039 0.500000
0.177512 0.957792 0.500000
0.199016 0.964286 0.555556
0.191497 0.957792 0.527778
0.183879 0.957792 0.527778
0.171841 0.954545 0.500000
0.195643 0.964286 0.500000
0.179421 0.957792 0.500000
0.184191 0.964286 0.500000
0.181143 0.957792 0.500000
0.201169 0.961039 0.555556
0.187521 0.964286 0.527778
0.187147 0.964286 0.500000
0.198164 0.964286 0.555556
0.171985 0.970779 0.500000
0.213054 0.964286 0.500000
