4.172774 0.636364 0.555556
2.916889 0.610390 0.583333
2.383712 0.467532 0.416667
2.161731 0.600649 0.638889
1.326558 0.688312 0.583333
1.306178 0.587662 0.444444
1.589190 0.616883 0.472222
1.118573 0.594156 0.333333
0.824726 0.620130 0.416667
1.077709 0.600649 0.611111
1.134130 0.629870 0.611111
0.835656 0.639610 0.611111
0.806054 0.623377 0.611111
0.724535 0.662338 0.472222
0.782695 0.594156 0.583333
0.874764 0.649351 0.583333
0.805388 0.620130 0.611111
0.769027 0.633117 0.638889
0.822177 0.610390 0.638889
0.724609 0.555195 0.361111
0.684316 0.649351 0.527778
0.674874 0.620130 0.500000
0.689968 0.636364 0.583333
0.619185 0.636364 0.638889
0.679672 0.642857 0.444444
0.663341 0.639610 0.416667
0.677465 0.672078 0.472222
0.653471 0.665584 0.583333
0.635599 0.623377 0.638889
0.629549 0.639610 0.472222
0.641628 0.613636 0.638889
0.604770 0.668831 0.583333
0.586937 0.724026 0.555556
0.676928 0.629870 0.472222
0.638835 0.603896 0.500000
0.631459 0.681818 0.611111
0.601437 0.672078 0.583333
0.625001 0.548701 0.416667
0.607584 0.685065 0.527778
0.583644 0.691558 0.638889
0.599456 0.724026 0.527778
0.615827 0.701299 0.638889
0.649476 0.668831 0.638889
0.613411 0.730519 0.583333
0.589694 0.717532 0.555556
0.584274 0.740260 0.583333
0.573434 0.724026 0.472222
0.546480 0.750000 0.611111
0.593748 0.733766 0.611111
0.537252 0.772727 0.666667
0.536410 0.788961 0.583333
0.530957 0.772727 0.638889
0.530411 0.769481 0.583333
0.507082 0.753247 0.583333
0.514539 0.688312 0.611111
0.548424 0.737013 0.555556
0.517559 0.743506 0.583333
0.516884 0.772727 0.555556
0.504250 0.775974 0.527778
0.522254 0.756494 0.500000
0.521992 0.717532 0.500000
0.536375 0.769481 0.583333
0.504963 0.766234 0.583333
0.511517 0.737013 0.527778
0.487809 0.772727 0.500000
0.492646 0.746753 0.472222
0.489125 0.788961 0.527778
0.485115 0.792208 0.583333
0.486726 0.766234 0.500000
0.505856 0.795455 0.527778
0.493830 0.795455 0.638889
0.458841 0.775974 0.555556
0.465958 0.795455 0.527778
0.485646 0.795455 0.555556
0.453580 0.762987 0.555556
0.450540 0.801948 0.555556
0.479050 0.772727 0.555556
0.446813 0.814935 0.472222
0.485961 0.785714 0.638889
0.466876 0.795455 0.500000
0.458425 0.801948 0.527778
0.478914 0.766234 0.500000
0.425808 0.821429 0.583333
0.437564 0.824675 0.638889
0.443346 0.782468 0.583333
0.444859 0.801948 0.500000
0.413869 0.814935 0.527778
0.426232 0.805195 0.527778
0.445425 0.821429 0.555556
0.433359 0.766234 0.472222
0.443353 0.756494 0.527778
0.493310 0.756494 0.472222
0.435597 0.831169 0.555556
0.398881 0.831169 0.555556
0.421824 0.840909 0.666667
0.379616 0.834416 0.722222
0.415141 0.805195 0.583333
0.381230 0.821429 0.638889
0.449044 0.840909 0.500000
0.387151 0.850649 0.527778
0.336832 0.883117 0.527778
0.346191 0.853896 0.694444
0.367978 0.886364 0.583333
0.312810 0.883117 0.666667
0.341086 0.866883 0.555556
0.304592 0.879870 0.555556
0.383877 0.896104 0.555556
0.332202 0.889610 0.527778
0.309940 0.873377 0.527778
0.323879 0.876623 0.555556
0.301249 0.902597 0.611111
0.287146 0.892857 0.638889
0.282894 0.896104 0.583333
0.325836 0.866883 0.638889
0.326808 0.886364 0.583333
0.342785 0.915584 0.527778
0.289645 0.863636 0.527778
0.344044 0.863636 0.472222
0.336245 0.873377 0.500000
0.335615 0.896104 0.611111
0.322284 0.886364 0.555556
0.270505 0.896104 0.555556
0.307029 0.918831 0.500000
0.330854 0.866883 0.555556
0.304201 0.873377 0.611111
0.276161 0.905844 0.555556
0.281629 0.889610 0.583333
0.294888 0.860390 0.666667
0.325837 0.873377 0.527778
0.270365 0.896104 0.583333
0.263085 0.896104 0.611111
0.259438 0.909091 0.527778
0.308876 0.863636 0.555556
0.283381 0.912338 0.527778
0.310618 0.922078 0.500000
0.252485 0.922078 0.583333
0.259044 0.896104 0.611111
0.272288 0.899351 0.472222
0.243893 0.902597 0.583333
0.265500 0.925325 0.583333
0.277216 0.896104 0.527778
0.295036 0.886364 0.611111
0.260671 0.928571 0.611111
0.235437 0.922078 0.527778
0.252818 0.935065 0.583333
0.218025 0.925325 0.527778
0.244538 0.918831 0.500000
0.236758 0.925325 0.527778
0.238894 0.922078 0.500000
0.222938 0.931818 0.500000
0.221518 0.922078 0.527778
0.230485 0.931818 0.444444
0.237190 0.922078 0.500000
0.202873 0.935065 0.527778
0.233237 0.931818 0.527778
0.203018 0.935065 0.500000
0.236784 0.935065 0.555556
0.215365 0.935065 0.500000
0.209128 0.938312 0.555556
0.205331 0.931818 0.472222
0.201317 0.944805 0.500000
0.207794 0.931818 0.472222
0.215825 0.925325 0.555556
0.186758 0.931818 0.500000
0.220726 0.948052 0.555556
0.192622 0.935065 0.555556
0.189689 0.928571 0.555556
0.205461 0.938312 0.500000
0.191591 0.944805 0.500000
0.205991 0.944805 0.500000
0.187833 0.951299 0.444444
0.194787 0.941558 0.500000
0.187081 0.941558 0.527778
0.185003 0.951299 0.527778
0.169246 0.954545 0.500000
0.201376 0.941558 0.500000
0.188161 0.938312 0.527778
0.199130 0.928571 0.472222
0.186405 0.957792 0.555556
0.187246 0.957792 0.555556
0.202518 0.954545 0.472222
0.182293 0.951299 0.500000
0.188535 0.925325 0.472222
0.208050 0.944805 0.527778
0.165839 0.951299 0.444444
0.169478 0.957792 0.472222
0.180852 0.961039 0.444444
0.168896 0.957792 0.472222
0.185123 0.938312 0.500000
0.168765 0.964286 0.527778
0.163601 0.957792 0.472222
0.178589 0.948052 0.472222
0.202956 0.941558 0.527778
0.162206 0.954545 0.527778
0.204633 0.951299 0.500000
0.154487 0.954545 0.555556
0.170611 0.951299 0.555556
0.178693 0.964286 0.527778
0.168331 0.941558 0.444444
0.198806 0.961039 0.500000
0.150965 0.967532 0.472222
0.142308 0.967532 0.500000
0.162687 0.970779 0.500000
0.167807 0.964286 0.527778
0.146175 0.967532 0.527778
0.139301 0.967532 0.500000
0.141973 0.967532 0.527778
0.147958 0.974026 0.472222
0.132349 0.970779 0.472222
0.164832 0.974026 0.472222
0.147554 0.967532 0.472222
0.163902 0.964286 0.472222
0.172576 0.970779 0.500000
0.144727 0.977273 0.472222
0.132580 0.970779 0.500000
0.133242 0.974026 0.472222
0.150523 0.974026 0.444444
0.134838 0.974026 0.472222
0.136914 0.977273 0.500000
0.168401 0.970779 0.472222
0.156475 0.970779 0.472222
0.140845 0.970779 0.500000
0.143731 0.977273 0.500000
0.154362 0.974026 0.527778
0.140607 0.977273 0.527778
0.146368 0.970779 0.472222
0.149046 0.977273 0.500000
0.119982 0.977273 0.500000
0.113004 0.977273 0.500000
0.140774 0.970779 0.555556
0.129496 0.977273 0.527778
0.145674 0.970779 0.527778
0.122837 0.977273 0.500000
0.128462 0.974026 0.500000
0.117246 0.970779 0.500000
0.156972 0.970779 0.500000
0.144880 0.970779 0.527778
0.128757 0.977273 0.555556
0.109297 0.970779 0.527778
0.116630 0.974026 0.472222
0.121473 0.970779 0.500000
0.112813 0.977273 0.472222
0.132967 0.974026 0.500000
0.144436 0.974026 0.472222
0.137639 0.967532 0.527778
0.135959 0.967532 0.500000
0.155156 0.974026 0.500000
0.134653 0.977273 0.527778
0.133885 0.974026 0.527778
0.137386 0.977273 0.527778
0.119096 0.977273 0.500000
0.109741 0.977273 0.500000
0.104451 0.977273 0.527778
0.118542 0.977273 0.500000
0.118101 0.977273 0.500000
0.098319 0.977273 0.500000
0.110281 0.977273 0.527778
0.111147 0.977273 0.527778
0.133382 0.977273 0.472222
0.100299 0.970779 0.500000
0.130344 0.977273 0.444444
0.113689 0.970779 0.472222
0.101262 0.977273 0.472222
0.102380 0.970779 0.527778
0.116306 0.970779 0.500000
0.117371 0.974026 0.500000
0.114106 0.970779 0.500000
0.126526 0.977273 0.500000
0.121989 0.977273 0.500000
0.121887 0.977273 0.500000
0.108014 0.977273 0.472222
0.100703 0.970779 0.472222
0.129742 0.970779 0.527778
0.108108 0.970779 0.527778
0.118255 0.970779 0.500000
0.099824 0.970779 0.500000
0.100695 0.977273 0.527778
0.116923 0.974026 0.555556
0.122000 0.974026 0.527778
0.104126 0.977273 0.500000
0.103445 0.977273 0.527778
0.108249 0.974026 0.500000
0.096086 0.974026 0.500000
0.105930 0.977273 0.500000
0.120875 0.977273 0.500000
0.103073 0.974026 0.555556
0.107158 0.970779 0.527778
0.106783 0.977273 0.500000
0.112738 0.977273 0.527778
0.101113 0.977273 0.527778
0.094009 0.974026 0.527778
0.117301 0.977273 0.583333
0.113758 0.977273 0.555556
0.110367 0.974026 0.527778
0.091900 0.977273 0.527778
0.091271 0.974026 0.500000
0.114887 0.970779 0.500000
0.107698 0.977273 0.500000
0.097605 0.977273 0.500000
0.089774 0.977273 0.472222
0.110261 0.980519 0.500000
0.101404 0.980519 0.500000
0.097246 0.980519 0.500000
0.096961 0.977273 0.527778
0.100142 0.977273 0.500000
0.097398 0.977273 0.500000
0.086223 0.977273 0.472222
0.101437 0.977273 0.500000
0.099032 0.980519 0.527778
0.086455 0.980519 0.500000
0.095847 0.980519 0.527778
0.103162 0.977273 0.500000
0.090916 0.977273 0.500000
0.098934 0.977273 0.472222
0.103932 0.977273 0.500000
0.119388 0.977273 0.500000
0.083911 0.980519 0.527778
0.086546 0.980519 0.527778
0.121079 0.980519 0.527778
0.089128 0.977273 0.527778
0.084614 0.977273 0.527778
0.101156 0.977273 0.527778
0.094267 0.977273 0.555556
0.102634 0.977273 0.527778
0.087784 0.977273 0.527778
0.102968 0.980519 0.555556
0.119587 0.980519 0.527778
0.102353 0.977273 0.527778
0.091961 0.977273 0.527778
0.094029 0.977273 0.527778
0.104703 0.977273 0.500000
0.106888 0.977273 0.500000
0.089408 0.980519 0.500000
0.096395 0.977273 0.527778
0.117324 0.977273 0.500000
0.088680 0.977273 0.472222
0.104058 0.977273 0.500000
0.094418 0.980519 0.500000
0.104739 0.980519 0.500000
0.083172 0.980519 0.527778
0.142529 0.977273 0.527778
0.092410 0.977273 0.472222
0.104771 0.977273 0.472222
0.090366 0.977273 0.527778
0.101717 0.980519 0.527778
0.095324 0.977273 0.527778
0.076635 0.980519 0.527778
0.116241 0.980519 0.527778
0.116349 0.980519 0.500000
0.094645 0.980519 0.527778
3.625040 0.581169 0.555556
1.504378 0.568182 0.527778
1.621713 0.519481 0.361111
1.162460 0.639610 0.555556
1.051642 0.629870 0.500000
1.179400 0.607143 0.583333
1.042157 0.672078 0.583333
0.839303 0.649351 0.527778
0.882269 0.633117 0.416667
0.950248 0.629870 0.583333
0.768356 0.639610 0.416667
0.686707 0.714286 0.555556
0.683548 0.613636 0.388889
0.730238 0.545455 0.388889
0.666410 0.646104 0.583333
0.719210 0.655844 0.555556
0.663735 0.698052 0.472222
0.684349 0.704545 0.500000
0.654313 0.662338 0.527778
0.600520 0.733766 0.444444
0.663425 0.626623 0.500000
0.677609 0.717532 0.611111
0.617846 0.652597 0.583333
0.638869 0.691558 0.416667
0.602993 0.753247 0.500000
0.596159 0.564935 0.388889
0.581676 0.691558 0.555556
0.593471 0.717532 0.500000
0.586598 0.639610 0.500000
0.578379 0.701299 0.555556
0.568843 0.685065 0.611111
0.570755 0.737013 0.500000
0.565324 0.733766 0.555556
0.589121 0.740260 0.472222
0.586290 0.727273 0.500000
0.580952 0.642857 0.555556
0.577133 0.779221 0.527778
0.570582 0.733766 0.416667
0.608375 0.730519 0.500000
0.542768 0.727273 0.555556
0.550444 0.762987 0.500000
0.522587 0.759740 0.611111
0.553178 0.743506 0.500000
0.548782 0.701299 0.500000
0.526221 0.685065 0.500000
0.549631 0.694805 0.638889
0.599811 0.746753 0.472222
0.546870 0.711039 0.527778
0.549880 0.759740 0.527778
0.504719 0.779221 0.527778
0.501212 0.792208 0.500000
0.499270 0.775974 0.472222
0.493494 0.785714 0.527778
0.474894 0.743506 0.500000
0.452381 0.785714 0.583333
0.498697 0.753247 0.500000
0.474549 0.772727 0.611111
0.492106 0.795455 0.527778
0.465993 0.785714 0.638889
0.478258 0.798701 0.583333
0.465691 0.756494 0.472222
0.484717 0.785714 0.527778
0.492594 0.808442 0.527778
0.468779 0.775974 0.611111
0.470110 0.801948 0.555556
0.471641 0.808442 0.555556
0.460417 0.827922 0.583333
0.455395 0.814935 0.555556
0.423787 0.798701 0.555556
0.488895 0.805195 0.583333
0.476522 0.821429 0.555556
0.431537 0.827922 0.527778
0.446208 0.792208 0.583333
0.489691 0.785714 0.472222
0.438368 0.795455 0.638889
0.479240 0.801948 0.583333
0.487441 0.779221 0.555556
0.454317 0.811688 0.583333
0.461275 0.785714 0.583333
0.447256 0.811688 0.638889
0.401660 0.837662 0.527778
0.477221 0.740260 0.555556
0.433461 0.827922 0.611111
0.426525 0.792208 0.583333
0.441359 0.831169 0.500000
0.460783 0.808442 0.638889
0.452910 0.795455 0.555556
0.434228 0.818182 0.694444
0.448607 0.811688 0.583333
0.420464 0.844156 0.583333
0.434046 0.795455 0.583333
0.447401 0.798701 0.583333
0.449391 0.814935 0.555556
0.468203 0.795455 0.583333
0.465249 0.837662 0.527778
0.393855 0.847403 0.638889
0.411276 0.818182 0.527778
0.403960 0.837662 0.500000
0.432922 0.863636 0.527778
0.380486 0.857143 0.527778
0.360969 0.863636 0.527778
0.352637 0.844156 0.500000
0.360632 0.860390 0.611111
0.370674 0.847403 0.500000
0.345615 0.847403 0.611111
0.366952 0.834416 0.527778
0.372000 0.860390 0.555556
0.374027 0.853896 0.583333
0.363113 0.876623 0.444444
0.339857 0.876623 0.472222
0.367548 0.863636 0.527778
0.350295 0.879870 0.555556
0.356607 0.860390 0.500000
0.353706 0.831169 0.555556
0.342999 0.870130 0.555556
0.370844 0.866883 0.583333
0.327237 0.876623 0.527778
0.363990 0.857143 0.500000
0.350284 0.866883 0.500000
0.363825 0.889610 0.666667
0.343685 0.863636 0.583333
0.319593 0.889610 0.555556
0.320006 0.892857 0.527778
0.353173 0.876623 0.555556
0.336380 0.876623 0.583333
0.334293 0.876623 0.638889
0.335349 0.879870 0.583333
0.327270 0.896104 0.500000
0.337828 0.873377 0.500000
0.316880 0.876623 0.555556
0.357806 0.866883 0.611111
0.322172 0.879870 0.555556
0.336822 0.876623 0.583333
0.342709 0.876623 0.555556
0.354363 0.889610 0.527778
0.338051 0.879870 0.527778
0.318294 0.873377 0.527778
0.342123 0.883117 0.472222
0.339721 0.879870 0.527778
0.329285 0.889610 0.555556
0.326467 0.866883 0.638889
0.343259 0.863636 0.527778
0.331180 0.889610 0.527778
0.330806 0.883117 0.611111
0.307441 0.879870 0.555556
0.275535 0.886364 0.611111
0.297877 0.889610 0.500000
0.314070 0.889610 0.583333
0.326523 0.873377 0.583333
0.309829 0.892857 0.500000
0.297323 0.902597 0.472222
0.288700 0.896104 0.500000
0.283148 0.909091 0.555556
0.309327 0.912338 0.500000
0.307906 0.909091 0.500000
0.302549 0.902597 0.527778
0.262314 0.915584 0.555556
0.290639 0.905844 0.527778
0.282876 0.902597 0.500000
0.277552 0.896104 0.583333
0.290459 0.902597 0.555556
0.319449 0.915584 0.611111
0.263611 0.928571 0.555556
0.267626 0.896104 0.583333
0.287245 0.912338 0.583333
0.277733 0.909091 0.583333
0.268058 0.905844 0.638889
0.263049 0.905844 0.500000
0.294498 0.909091 0.555556
0.283040 0.915584 0.583333
0.282355 0.918831 0.555556
0.272383 0.909091 0.638889
0.281097 0.909091 0.583333
0.258892 0.912338 0.555556
0.291939 0.896104 0.583333
0.270466 0.915584 0.472222
0.271992 0.909091 0.527778
0.268897 0.922078 0.527778
0.279304 0.918831 0.583333
0.275331 0.915584 0.583333
0.269976 0.909091 0.638889
0.264265 0.928571 0.611111
0.251142 0.905844 0.638889
0.288665 0.922078 0.638889
0.258426 0.905844 0.611111
0.259905 0.905844 0.583333
0.246132 0.915584 0.527778
0.266628 0.918831 0.527778
0.283694 0.918831 0.583333
0.245544 0.915584 0.583333
0.242893 0.925325 0.583333
0.250612 0.912338 0.555556
0.221140 0.918831 0.583333
0.266225 0.925325 0.527778
0.246910 0.912338 0.666667
0.248008 0.915584 0.583333
0.265338 0.928571 0.527778
0.250503 0.925325 0.555556
0.262815 0.918831 0.583333
0.269885 0.935065 0.583333
0.239803 0.938312 0.583333
0.233852 0.938312 0.611111
0.239827 0.928571 0.527778
0.232308 0.928571 0.555556
0.218768 0.928571 0.527778
0.258321 0.928571 0.527778
0.215982 0.931818 0.583333
0.234880 0.928571 0.583333
0.259488 0.928571 0.638889
0.243923 0.938312 0.611111
0.208355 0.931818 0.583333
0.240638 0.931818 0.583333
0.260321 0.935065 0.555556
0.217224 0.938312 0.583333
0.234019 0.938312 0.611111
0.210504 0.938312 0.611111
0.232856 0.938312 0.555556
0.247479 0.931818 0.583333
0.226858 0.931818 0.583333
0.236998 0.925325 0.583333
0.251001 0.938312 0.583333
0.219716 0.935065 0.611111
0.220085 0.941558 0.611111
0.231478 0.938312 0.583333
0.206177 0.938312 0.611111
0.221554 0.941558 0.611111
0.208837 0.935065 0.611111
0.222605 0.938312 0.555556
0.200693 0.931818 0.638889
0.209817 0.935065 0.583333
0.213240 0.925325 0.555556
0.215100 0.941558 0.611111
0.224663 0.931818 0.611111
0.233936 0.938312 0.583333
0.220405 0.944805 0.583333
0.225317 0.941558 0.583333
0.226354 0.948052 0.583333
0.243447 0.941558 0.555556
0.228813 0.938312 0.555556
0.210863 0.941558 0.611111
0.203575 0.928571 0.583333
0.217757 0.948052 0.611111
0.207587 0.938312 0.555556
0.208469 0.941558 0.611111
0.184182 0.941558 0.638889
0.214105 0.944805 0.611111
0.216808 0.941558 0.555556
0.214496 0.938312 0.611111
0.209422 0.944805 0.638889
0.219316 0.951299 0.583333
0.196474 0.938312 0.611111
0.220798 0.938312 0.583333
0.210040 0.944805 0.583333
0.194933 0.948052 0.555556
0.206021 0.944805 0.583333
0.187658 0.944805 0.583333
0.204802 0.944805 0.583333
0.205897 0.948052 0.583333
0.208213 0.948052 0.583333
0.202183 0.944805 0.583333
0.205204 0.941558 0.611111
0.193190 0.948052 0.611111
0.187574 0.951299 0.583333
0.172738 0.944805 0.583333
0.202227 0.944805 0.611111
0.229480 0.944805 0.583333
0.222448 0.944805 0.583333
0.204749 0.941558 0.611111
0.233576 0.941558 0.555556
0.205139 0.948052 0.611111
0.196656 0.941558 0.611111
0.179188 0.944805 0.611111
0.207909 0.944805 0.611111
0.221553 0.941558 0.583333
0.185304 0.944805 0.555556
0.200283 0.941558 0.555556
0.219402 0.941558 0.583333
0.215929 0.951299 0.583333
0.204496 0.944805 0.555556
0.214662 0.954545 0.583333
0.209357 0.941558 0.611111
0.218806 0.948052 0.583333
0.229379 0.944805 0.583333
0.195951 0.951299 0.583333
0.185243 0.948052 0.583333
0.213651 0.948052 0.583333
0.206929 0.944805 0.611111
0.186829 0.944805 0.611111
0.208870 0.954545 0.611111
0.193741 0.954545 0.611111
0.188896 0.944805 0.583333
0.205718 0.948052 0.555556
0.183909 0.954545 0.583333
0.190096 0.957792 0.611111
0.181643 0.954545 0.611111
0.185359 0.944805 0.611111
0.214515 0.944805 0.611111
0.202298 0.948052 0.611111
0.184100 0.944805 0.611111
0.179815 0.944805 0.611111
0.193543 0.941558 0.611111
0.185971 0.941558 0.611111
0.200608 0.954545 0.583333
0.193793 0.948052 0.611111
0.179144 0.948052 0.611111
0.210282 0.944805 0.583333
0.188890 0.954545 0.583333
0.210699 0.951299 0.583333
0.195097 0.957792 0.583333
0.178584 0.954545 0.583333
0.191597 0.948052 0.583333
0.207652 0.951299 0.611111
0.169817 0.954545 0.611111
0.183435 0.948052 0.611111
0.169414 0.957792 0.583333
0.199044 0.948052 0.583333
0.178771 0.951299 0.611111
0.174561 0.957792 0.611111
0.193754 0.954545 0.583333
0.170289 0.948052 0.611111
0.168145 0.944805 0.611111
0.180072 0.944805 0.611111
0.168866 0.954545 0.583333
0.193300 0.948052 0.583333
0.186674 0.951299 0.583333
0.176965 0.944805 0.583333
0.192023 0.944805 0.611111
0.189272 0.944805 0.583333
0.175878 0.948052 0.611111
0.205065 0.944805 0.611111
0.196995 0.954545 0.611111
0.225944 0.944805 0.555556
0.182593 0.944805 0.583333
0.203182 0.941558 0.611111
0.203687 0.944805 0.611111
0.174789 0.954545 0.611111
0.184954 0.951299 0.583333
0.209203 0.951299 0.555556
0.207839 0.951299 0.583333
0.194760 0.951299 0.583333
0.191682 0.944805 0.611111
0.172923 0.954545 0.611111
0.189192 0.951299 0.583333
0.180935 0.957792 0.611111
0.190757 0.951299 0.611111
0.186029 0.948052 0.583333
0.183293 0.957792 0.583333
0.202276 0.954545 0.611111
0.166598 0.948052 0.611111
0.203644 0.951299 0.611111
