4.694247 0.633117 0.555556
2.649434 0.678571 0.555556
2.225782 0.487013 0.444444
2.028181 0.600649 0.611111
1.404761 0.613636 0.527778
1.372047 0.629870 0.527778
1.079643 0.564935 0.527778
0.942224 0.685065 0.583333
0.983925 0.561688 0.416667
0.888378 0.691558 0.500000
0.894934 0.636364 0.555556
0.779310 0.694805 0.555556
0.786867 0.685065 0.611111
0.683804 0.600649 0.500000
0.658031 0.662338 0.583333
0.733134 0.672078 0.694444
0.738866 0.672078 0.500000
0.699668 0.672078 0.583333
0.739848 0.678571 0.611111
0.743496 0.675325 0.444444
0.780209 0.659091 0.527778
0.715802 0.646104 0.583333
0.767770 0.665584 0.555556
0.645483 0.691558 0.555556
0.647853 0.662338 0.500000
0.658040 0.577922 0.416667
0.746596 0.698052 0.500000
0.663887 0.698052 0.611111
0.590270 0.626623 0.638889
0.645747 0.681818 0.527778
0.651414 0.642857 0.611111
0.604184 0.691558 0.583333
0.579202 0.711039 0.527778
0.609415 0.714286 0.555556
0.591039 0.698052 0.694444
0.580608 0.714286 0.555556
0.579813 0.737013 0.527778
0.578296 0.746753 0.527778
0.567993 0.737013 0.611111
0.555351 0.685065 0.527778
0.553612 0.740260 0.611111
0.543557 0.730519 0.611111
0.572307 0.740260 0.611111
0.555202 0.753247 0.611111
0.561332 0.733766 0.527778
0.518830 0.730519 0.555556
0.539424 0.772727 0.472222
0.538118 0.756494 0.500000
0.547435 0.740260 0.416667
0.497762 0.762987 0.472222
0.505807 0.756494 0.583333
0.481067 0.756494 0.611111
0.496536 0.769481 0.555556
0.481094 0.753247 0.583333
0.467614 0.762987 0.583333
0.506779 0.756494 0.416667
0.492846 0.759740 0.500000
0.466947 0.772727 0.444444
0.469562 0.785714 0.444444
0.479027 0.782468 0.472222
0.496812 0.753247 0.500000
0.509294 0.772727 0.583333
0.493296 0.759740 0.611111
0.479553 0.772727 0.500000
0.482800 0.766234 0.527778
0.467477 0.743506 0.527778
0.460715 0.766234 0.444444
0.462862 0.792208 0.444444
0.468866 0.772727 0.416667
0.487767 0.753247 0.527778
0.501969 0.762987 0.638889
0.456610 0.795455 0.444444
0.459287 0.801948 0.472222
0.443545 0.788961 0.416667
0.455000 0.785714 0.500000
0.471712 0.814935 0.527778
0.485971 0.759740 0.527778
0.449686 0.805195 0.472222
0.498035 0.795455 0.500000
0.474432 0.772727 0.500000
0.469190 0.788961 0.444444
0.467718 0.792208 0.444444
0.433171 0.798701 0.527778
0.452829 0.775974 0.555556
0.494657 0.805195 0.472222
0.458757 0.775974 0.444444
0.424437 0.814935 0.416667
0.439434 0.811688 0.444444
0.458116 0.792208 0.416667
0.410066 0.808442 0.472222
0.431130 0.772727 0.500000
0.612235 0.678571 0.527778
0.545758 0.775974 0.583333
0.460094 0.782468 0.388889
0.460583 0.792208 0.500000
0.417456 0.762987 0.472222
0.441557 0.785714 0.583333
0.433329 0.788961 0.555556
0.475345 0.811688 0.388889
0.413172 0.831169 0.416667
0.402554 0.837662 0.416667
0.406858 0.831169 0.472222
0.415697 0.827922 0.388889
0.380613 0.844156 0.444444
0.369105 0.834416 0.416667
0.374732 0.834416 0.444444
0.398436 0.824675 0.444444
0.362532 0.834416 0.472222
0.379143 0.831169 0.416667
0.385839 0.840909 0.388889
0.394618 0.844156 0.472222
0.368361 0.821429 0.416667
0.363670 0.821429 0.444444
0.381850 0.831169 0.472222
0.381479 0.853896 0.388889
0.372968 0.860390 0.472222
0.361967 0.821429 0.444444
0.373144 0.837662 0.444444
0.375496 0.837662 0.472222
0.404283 0.834416 0.583333
0.362582 0.821429 0.527778
0.357287 0.847403 0.444444
0.354164 0.824675 0.500000
0.384402 0.850649 0.416667
0.356005 0.844156 0.416667
0.358247 0.831169 0.472222
0.364003 0.844156 0.416667
0.346680 0.840909 0.527778
0.341111 0.847403 0.500000
0.326120 0.853896 0.444444
0.337817 0.844156 0.444444
0.330232 0.834416 0.444444
0.370581 0.840909 0.388889
0.345743 0.844156 0.444444
0.365748 0.857143 0.416667
0.340802 0.857143 0.444444
0.333007 0.847403 0.500000
0.349160 0.827922 0.416667
0.340697 0.863636 0.472222
0.333826 0.853896 0.472222
0.316388 0.847403 0.583333
0.330732 0.850649 0.416667
0.335187 0.857143 0.472222
0.338864 0.827922 0.555556
0.304271 0.853896 0.416667
0.298936 0.860390 0.472222
0.309071 0.860390 0.361111
0.343506 0.863636 0.388889
0.293296 0.870130 0.416667
0.330391 0.870130 0.444444
0.303632 0.873377 0.472222
0.288939 0.866883 0.416667
0.315778 0.873377 0.472222
0.275099 0.870130 0.416667
0.297982 0.873377 0.444444
0.294604 0.873377 0.416667
0.277189 0.876623 0.388889
0.284812 0.873377 0.444444
0.275456 0.886364 0.444444
0.282067 0.863636 0.444444
0.297924 0.886364 0.472222
0.282263 0.879870 0.444444
0.288986 0.889610 0.444444
0.258197 0.889610 0.472222
0.274971 0.873377 0.472222
0.264027 0.892857 0.444444
0.268711 0.892857 0.444444
0.267310 0.892857 0.472222
0.259441 0.892857 0.444444
0.253404 0.886364 0.416667
0.260279 0.889610 0.416667
0.251874 0.889610 0.416667
0.276735 0.886364 0.444444
0.271995 0.905844 0.388889
0.259587 0.899351 0.444444
0.267688 0.892857 0.416667
0.255677 0.886364 0.416667
0.241789 0.899351 0.472222
0.259256 0.899351 0.444444
0.245614 0.886364 0.472222
0.241150 0.892857 0.472222
0.237696 0.899351 0.472222
0.215999 0.896104 0.388889
0.233894 0.899351 0.444444
0.263423 0.886364 0.416667
0.271133 0.886364 0.416667
0.250359 0.909091 0.444444
0.240811 0.912338 0.500000
0.238247 0.912338 0.416667
0.243684 0.902597 0.444444
0.240750 0.896104 0.444444
0.224528 0.915584 0.444444
0.212147 0.912338 0.444444
0.213784 0.909091 0.444444
0.231748 0.915584 0.444444
0.259748 0.879870 0.444444
0.270427 0.905844 0.472222
0.224759 0.915584 0.444444
0.227100 0.909091 0.444444
0.223441 0.915584 0.388889
0.199914 0.918831 0.388889
0.206515 0.912338 0.361111
0.218017 0.918831 0.388889
0.226892 0.918831 0.416667
0.203338 0.922078 0.416667
0.200280 0.909091 0.416667
0.198020 0.915584 0.444444
0.214998 0.925325 0.388889
0.206617 0.899351 0.388889
0.197395 0.915584 0.416667
0.199806 0.918831 0.388889
0.211573 0.912338 0.388889
0.214793 0.912338 0.388889
0.219688 0.915584 0.361111
0.218812 0.915584 0.388889
0.198113 0.928571 0.361111
0.198996 0.918831 0.388889
0.202317 0.922078 0.388889
0.211868 0.928571 0.361111
0.192427 0.922078 0.361111
0.198120 0.918831 0.388889
0.197360 0.922078 0.388889
0.193012 0.928571 0.361111
0.203876 0.925325 0.388889
0.210367 0.925325 0.361111
0.226210 0.915584 0.388889
0.185623 0.928571 0.361111
0.192764 0.931818 0.416667
0.217927 0.931818 0.388889
0.206031 0.931818 0.361111
0.199717 0.922078 0.388889
0.201033 0.922078 0.388889
0.209774 0.922078 0.361111
0.199135 0.928571 0.416667
0.195975 0.928571 0.388889
0.194926 0.928571 0.388889
0.192769 0.925325 0.416667
0.186602 0.931818 0.416667
0.176841 0.928571 0.388889
0.187724 0.935065 0.444444
0.203326 0.915584 0.444444
0.189214 0.925325 0.388889
0.198742 0.925325 0.444444
0.206913 0.931818 0.416667
0.201493 0.928571 0.416667
0.194086 0.931818 0.444444
0.196095 0.925325 0.416667
0.185984 0.915584 0.416667
0.211538 0.928571 0.416667
0.210179 0.931818 0.416667
0.177897 0.928571 0.416667
0.184751 0.931818 0.444444
0.180092 0.928571 0.416667
0.188901 0.925325 0.388889
0.191168 0.928571 0.444444
0.181674 0.925325 0.416667
0.192528 0.922078 0.472222
0.194549 0.925325 0.444444
0.198540 0.925325 0.416667
0.176493 0.928571 0.444444
0.174490 0.925325 0.416667
0.181669 0.928571 0.444444
0.178213 0.925325 0.444444
0.168871 0.925325 0.416667
0.192817 0.928571 0.416667
0.178793 0.928571 0.388889
0.176848 0.931818 0.388889
0.194200 0.922078 0.416667
0.185544 0.922078 0.416667
0.192556 0.925325 0.416667
0.161138 0.925325 0.444444
0.169721 0.931818 0.444444
0.176947 0.925325 0.416667
0.189951 0.931818 0.416667
0.184307 0.935065 0.416667
0.183468 0.931818 0.416667
0.191489 0.931818 0.444444
0.193627 0.935065 0.416667
0.196608 0.931818 0.444444
0.188577 0.928571 0.416667
0.182213 0.931818 0.416667
0.181269 0.931818 0.416667
0.171383 0.928571 0.416667
0.167015 0.922078 0.416667
0.174107 0.925325 0.444444
0.176828 0.928571 0.416667
0.167974 0.931818 0.416667
0.166123 0.928571 0.444444
0.186652 0.928571 0.416667
0.167012 0.931818 0.388889
0.177700 0.925325 0.416667
0.184167 0.928571 0.416667
0.174143 0.931818 0.416667
0.183555 0.928571 0.444444
0.167578 0.925325 0.416667
0.163755 0.928571 0.416667
0.187537 0.928571 0.416667
0.184263 0.928571 0.416667
0.190765 0.928571 0.388889
0.167060 0.931818 0.388889
0.167567 0.928571 0.444444
0.170810 0.931818 0.444444
0.176039 0.928571 0.444444
0.159856 0.928571 0.416667
0.176027 0.925325 0.444444
0.176179 0.925325 0.388889
0.177577 0.925325 0.388889
0.179851 0.928571 0.388889
0.181347 0.928571 0.416667
0.186558 0.925325 0.388889
0.178404 0.925325 0.388889
0.173855 0.928571 0.444444
0.169797 0.928571 0.388889
0.178338 0.931818 0.416667
0.167697 0.928571 0.416667
0.164422 0.928571 0.416667
0.169840 0.928571 0.444444
0.150658 0.931818 0.416667
0.158458 0.931818 0.444444
0.175164 0.931818 0.444444
0.165188 0.938312 0.416667
0.166903 0.931818 0.416667
0.168816 0.931818 0.416667
0.164714 0.931818 0.416667
0.183821 0.931818 0.416667
0.165198 0.928571 0.416667
0.169590 0.931818 0.416667
0.175490 0.935065 0.388889
0.170580 0.935065 0.416667
0.172093 0.931818 0.388889
0.165107 0.931818 0.416667
0.171731 0.931818 0.444444
0.167803 0.931818 0.444444
0.169058 0.931818 0.444444
0.173758 0.931818 0.416667
0.158496 0.935065 0.444444
0.166045 0.938312 0.416667
0.179131 0.935065 0.444444
0.173131 0.931818 0.416667
0.166208 0.938312 0.444444
0.163676 0.935065 0.416667
0.191564 0.925325 0.416667
0.178843 0.935065 0.444444
0.169240 0.928571 0.388889
0.166965 0.931818 0.388889
0.169958 0.931818 0.388889
0.162091 0.931818 0.388889
0.169185 0.931818 0.388889
0.160943 0.935065 0.388889
0.181335 0.931818 0.388889
3.239477 0.626623 0.555556
1.532112 0.603896 0.444444
1.736635 0.519481 0.388889
1.990980 0.600649 0.666667
1.476777 0.584416 0.611111
1.125660 0.646104 0.638889
0.998237 0.623377 0.472222
0.843199 0.616883 0.583333
0.882104 0.668831 0.555556
0.901537 0.685065 0.611111
0.817632 0.659091 0.611111
0.793398 0.681818 0.583333
0.711965 0.616883 0.555556
0.721234 0.636364 0.555556
0.650490 0.639610 0.527778
0.739444 0.646104 0.611111
0.673486 0.665584 0.583333
0.674332 0.675325 0.694444
0.661040 0.717532 0.527778
0.621504 0.633117 0.527778
0.642638 0.691558 0.611111
0.664274 0.701299 0.638889
0.653103 0.672078 0.583333
0.621138 0.691558 0.583333
0.586137 0.646104 0.472222
0.579773 0.626623 0.472222
0.657769 0.672078 0.638889
0.590706 0.737013 0.638889
0.608473 0.594156 0.611111
0.613590 0.678571 0.638889
0.576959 0.688312 0.638889
0.591608 0.685065 0.611111
0.576185 0.681818 0.666667
0.608780 0.698052 0.611111
0.601260 0.714286 0.583333
0.556246 0.724026 0.527778
0.595684 0.668831 0.527778
0.580620 0.688312 0.611111
0.573932 0.711039 0.444444
0.562928 0.701299 0.583333
0.585833 0.720779 0.527778
0.567707 0.704545 0.694444
0.565690 0.733766 0.638889
0.590558 0.707792 0.472222
0.610793 0.727273 0.611111
0.587063 0.720779 0.583333
0.594826 0.678571 0.416667
0.557650 0.717532 0.555556
0.552732 0.753247 0.444444
0.540105 0.711039 0.583333
0.514056 0.782468 0.500000
0.475572 0.762987 0.444444
0.505448 0.746753 0.472222
0.496054 0.762987 0.583333
0.479023 0.730519 0.638889
0.484584 0.779221 0.555556
0.498643 0.753247 0.527778
0.470122 0.779221 0.472222
0.463373 0.782468 0.527778
0.475036 0.775974 0.555556
0.470175 0.792208 0.527778
0.475052 0.772727 0.555556
0.486401 0.785714 0.555556
0.474280 0.779221 0.583333
0.484657 0.811688 0.388889
0.489483 0.779221 0.555556
0.488112 0.756494 0.500000
0.487162 0.762987 0.583333
0.452632 0.801948 0.472222
0.466940 0.788961 0.583333
0.458903 0.785714 0.638889
0.495408 0.762987 0.527778
0.471475 0.814935 0.444444
0.458440 0.805195 0.472222
0.443756 0.775974 0.583333
0.437623 0.821429 0.527778
0.479485 0.766234 0.583333
0.454574 0.818182 0.527778
0.458864 0.782468 0.472222
0.487078 0.795455 0.472222
0.466951 0.805195 0.444444
0.458940 0.766234 0.527778
0.443466 0.827922 0.527778
0.456103 0.750000 0.500000
0.454172 0.818182 0.555556
0.445282 0.795455 0.472222
0.447565 0.762987 0.444444
0.472771 0.801948 0.583333
0.430794 0.821429 0.444444
0.433013 0.811688 0.472222
0.432147 0.762987 0.555556
0.451797 0.769481 0.472222
0.437040 0.811688 0.472222
0.429201 0.831169 0.611111
0.421155 0.821429 0.500000
0.382603 0.798701 0.527778
0.470864 0.798701 0.611111
0.492555 0.821429 0.416667
0.468897 0.795455 0.444444
0.392455 0.831169 0.472222
0.373752 0.847403 0.416667
0.394307 0.798701 0.500000
0.428526 0.824675 0.500000
0.386493 0.837662 0.472222
0.376811 0.837662 0.472222
0.366362 0.827922 0.500000
0.421067 0.840909 0.555556
0.357602 0.840909 0.583333
0.385473 0.811688 0.444444
0.400000 0.821429 0.388889
0.394964 0.831169 0.472222
0.361076 0.837662 0.416667
0.361377 0.844156 0.527778
0.382808 0.827922 0.527778
0.396507 0.831169 0.472222
0.404394 0.824675 0.472222
0.362952 0.808442 0.527778
0.375428 0.827922 0.527778
0.379655 0.827922 0.527778
0.383877 0.847403 0.527778
0.365329 0.840909 0.444444
0.350384 0.837662 0.527778
0.356276 0.821429 0.583333
0.354975 0.837662 0.444444
0.358981 0.837662 0.472222
0.365056 0.837662 0.500000
0.389339 0.814935 0.527778
0.360147 0.847403 0.416667
0.375930 0.840909 0.527778
0.349817 0.847403 0.500000
0.357071 0.853896 0.527778
0.344950 0.844156 0.527778
0.364372 0.834416 0.527778
0.336943 0.824675 0.444444
0.361632 0.860390 0.527778
0.337579 0.879870 0.444444
0.341532 0.847403 0.416667
0.354646 0.857143 0.444444
0.339569 0.837662 0.444444
0.325693 0.873377 0.472222
0.366710 0.850649 0.638889
0.373529 0.866883 0.500000
0.327144 0.863636 0.527778
0.351646 0.873377 0.444444
0.339376 0.860390 0.583333
0.332187 0.853896 0.500000
0.344474 0.857143 0.527778
0.313956 0.860390 0.444444
0.319554 0.863636 0.444444
0.344692 0.873377 0.444444
0.335318 0.879870 0.500000
0.331659 0.876623 0.416667
0.329658 0.873377 0.472222
0.320404 0.896104 0.472222
0.320540 0.873377 0.472222
0.319255 0.876623 0.444444
0.310655 0.873377 0.444444
0.319976 0.883117 0.500000
0.319038 0.886364 0.388889
0.320238 0.873377 0.472222
0.325331 0.879870 0.416667
0.321008 0.896104 0.444444
0.315265 0.876623 0.444444
0.304257 0.873377 0.527778
0.324389 0.873377 0.500000
0.306418 0.883117 0.444444
0.303199 0.886364 0.472222
0.304085 0.876623 0.416667
0.312348 0.879870 0.472222
0.302222 0.876623 0.444444
0.316185 0.870130 0.472222
0.311630 0.889610 0.500000
0.306765 0.883117 0.500000
0.301865 0.886364 0.444444
0.310161 0.883117 0.444444
0.307138 0.883117 0.388889
0.298067 0.879870 0.444444
0.293968 0.889610 0.472222
0.293231 0.883117 0.472222
0.296243 0.896104 0.500000
0.293022 0.873377 0.388889
0.298848 0.892857 0.472222
0.293441 0.886364 0.472222
0.296366 0.866883 0.527778
0.326382 0.873377 0.444444
0.295539 0.870130 0.416667
0.299699 0.889610 0.472222
0.321673 0.860390 0.444444
0.327179 0.876623 0.472222
0.316142 0.879870 0.500000
0.278859 0.886364 0.444444
0.292472 0.886364 0.444444
0.282297 0.883117 0.472222
0.279909 0.873377 0.333333
0.299907 0.873377 0.472222
0.293871 0.850649 0.444444
0.281167 0.889610 0.416667
0.281218 0.886364 0.388889
0.290340 0.889610 0.472222
0.305342 0.896104 0.416667
0.283850 0.896104 0.416667
0.264781 0.889610 0.500000
0.272758 0.883117 0.472222
0.287695 0.896104 0.444444
0.289207 0.902597 0.472222
0.281875 0.886364 0.416667
0.263967 0.892857 0.416667
0.271851 0.886364 0.388889
0.264594 0.892857 0.472222
0.277077 0.886364 0.500000
0.268463 0.889610 0.416667
0.310795 0.886364 0.444444
0.277866 0.886364 0.500000
0.280867 0.886364 0.472222
0.260438 0.889610 0.388889
0.272172 0.892857 0.472222
0.281008 0.892857 0.472222
0.286529 0.896104 0.444444
0.276825 0.899351 0.416667
0.282715 0.892857 0.500000
0.285665 0.896104 0.444444
0.262365 0.896104 0.388889
0.281857 0.896104 0.444444
0.272890 0.889610 0.388889
0.273384 0.886364 0.416667
0.284089 0.889610 0.388889
0.261738 0.902597 0.416667
0.270515 0.886364 0.416667
0.281481 0.892857 0.416667
0.271185 0.889610 0.416667
0.252259 0.886364 0.416667
0.273096 0.899351 0.388889
0.275299 0.892857 0.416667
0.267605 0.892857 0.444444
0.284299 0.896104 0.388889
0.266313 0.892857 0.416667
0.265737 0.892857 0.444444
0.255694 0.889610 0.444444
0.259562 0.886364 0.416667
0.251806 0.896104 0.444444
0.255267 0.896104 0.416667
0.274049 0.899351 0.388889
0.263444 0.899351 0.444444
0.271957 0.896104 0.416667
0.267059 0.896104 0.444444
0.254628 0.902597 0.444444
0.269210 0.902597 0.416667
0.256686 0.899351 0.472222
0.267676 0.896104 0.416667
0.290470 0.899351 0.388889
0.255381 0.905844 0.444444
0.279697 0.899351 0.444444
0.263189 0.902597 0.416667
0.272221 0.902597 0.361111
0.266469 0.902597 0.388889
0.259996 0.902597 0.361111
0.265558 0.899351 0.416667
0.274502 0.896104 0.444444
0.290731 0.899351 0.472222
0.258811 0.902597 0.444444
0.252655 0.892857 0.444444
0.251011 0.899351 0.444444
0.263902 0.902597 0.416667
0.258488 0.909091 0.416667
0.262133 0.905844 0.416667
0.261234 0.896104 0.472222
0.251231 0.902597 0.444444
0.280876 0.899351 0.416667
0.263836 0.902597 0.444444
0.265389 0.899351 0.416667
0.248172 0.899351 0.416667
0.256714 0.902597 0.444444
0.269894 0.905844 0.416667
0.279702 0.905844 0.444444
0.245445 0.905844 0.472222
0.238029 0.896104 0.416667
0.264259 0.909091 0.444444
0.274897 0.912338 0.416667
0.268391 0.905844 0.444444
0.247558 0.902597 0.472222
0.270778 0.915584 0.444444
0.266020 0.905844 0.444444
0.251301 0.899351 0.416667
0.241439 0.915584 0.444444
0.259532 0.892857 0.444444
0.247406 0.905844 0.444444
0.257506 0.902597 0.416667
0.243338 0.902597 0.444444
0.272781 0.909091 0.416667
0.245314 0.905844 0.416667
0.242446 0.905844 0.444444
0.256053 0.909091 0.472222
0.259920 0.902597 0.444444
0.246385 0.905844 0.444444
0.255241 0.909091 0.444444
0.242436 0.909091 0.416667
0.286281 0.909091 0.388889
0.259508 0.905844 0.416667
0.268235 0.909091 0.416667
0.239863 0.902597 0.416667
0.258634 0.905844 0.416667
0.249943 0.902597 0.444444
0.266510 0.909091 0.416667
0.251692 0.905844 0.388889
0.251103 0.902597 0.416667
0.268558 0.902597 0.388889
0.256787 0.902597 0.416667
0.279311 0.905844 0.416667
0.250225 0.905844 0.416667
0.253226 0.912338 0.416667
0.255681 0.892857 0.388889
0.255527 0.899351 0.416667
0.248685 0.902597 0.416667
0.247321 0.902597 0.388889
0.264314 0.899351 0.388889
0.256411 0.905844 0.388889
0.253920 0.899351 0.361111
0.242675 0.909091 0.361111
0.248351 0.905844 0.388889
0.244881 0.892857 0.388889
0.240333 0.902597 0.388889
0.253770 0.905844 0.361111
0.257574 0.905844 0.416667
0.250886 0.912338 0.388889
0.253830 0.905844 0.388889
0.244812 0.909091 0.388889
0.263297 0.915584 0.416667
0.244150 0.909091 0.416667
0.251437 0.909091 0.416667
0.246072 0.909091 0.416667
0.245270 0.905844 0.416667
0.254437 0.905844 0.416667
0.244381 0.899351 0.388889
0.256015 0.909091 0.444444
0.238589 0.905844 0.388889
0.251635 0.905844 0.416667
0.244924 0.905844 0.416667
0.256197 0.915584 0.416667
0.268451 0.912338 0.444444
0.245380 0.915584 0.444444
0.242108 0.909091 0.444444
0.248208 0.899351 0.444444
0.249962 0.912338 0.444444
0.240021 0.905844 0.416667
0.261017 0.905844 0.416667
0.252094 0.909091 0.388889
0.258199 0.902597 0.388889
0.246911 0.905844 0.416667
0.253999 0.909091 0.361111
0.261366 0.909091 0.416667
