5.966704 0.623377 0.583333
2.832054 0.672078 0.500000
4.000510 0.558442 0.444444
3.416303 0.603896 0.611111
2.013332 0.594156 0.638889
1.244516 0.603896 0.583333
1.189839 0.629870 0.638889
1.169406 0.561688 0.416667
1.350224 0.607143 0.555556
1.105439 0.600649 0.444444
0.927528 0.607143 0.555556
0.789416 0.623377 0.555556
0.888929 0.620130 0.638889
0.759603 0.607143 0.472222
0.712222 0.610390 0.611111
0.739793 0.688312 0.472222
0.815390 0.655844 0.611111
0.922015 0.633117 0.694444
0.744937 0.668831 0.611111
0.678252 0.665584 0.527778
0.666163 0.597403 0.472222
0.733690 0.597403 0.611111
0.671972 0.652597 0.472222
0.618968 0.698052 0.555556
0.647747 0.698052 0.416667
0.652847 0.548701 0.388889
0.765671 0.639610 0.555556
0.707377 0.629870 0.638889
0.664173 0.607143 0.611111
0.632406 0.717532 0.555556
0.622487 0.655844 0.666667
0.629826 0.672078 0.444444
0.602552 0.714286 0.472222
0.625205 0.724026 0.611111
0.589660 0.688312 0.472222
0.589859 0.646104 0.583333
0.579181 0.733766 0.555556
0.595697 0.733766 0.638889
0.592056 0.672078 0.500000
0.571749 0.714286 0.527778
0.559403 0.714286 0.583333
0.574258 0.685065 0.611111
0.578116 0.730519 0.555556
0.533441 0.711039 0.583333
0.530703 0.743506 0.500000
0.554439 0.750000 0.555556
0.555348 0.717532 0.527778
0.528387 0.711039 0.555556
0.556812 0.668831 0.611111
0.488616 0.798701 0.666667
0.463467 0.740260 0.500000
0.465114 0.818182 0.583333
0.466217 0.795455 0.583333
0.439992 0.818182 0.611111
0.423457 0.788961 0.611111
0.463928 0.792208 0.527778
0.432973 0.847403 0.555556
0.440487 0.840909 0.527778
0.406414 0.844156 0.555556
0.432471 0.827922 0.527778
0.407762 0.795455 0.555556
0.437674 0.837662 0.555556
0.439583 0.831169 0.555556
0.367982 0.811688 0.555556
0.384922 0.870130 0.527778
0.365605 0.883117 0.527778
0.362462 0.857143 0.527778
0.431830 0.834416 0.611111
0.371588 0.886364 0.555556
0.355903 0.860390 0.611111
0.381008 0.866883 0.527778
0.322480 0.899351 0.472222
0.341453 0.889610 0.527778
0.340376 0.892857 0.500000
0.365968 0.876623 0.500000
0.356163 0.879870 0.555556
0.405656 0.853896 0.555556
0.329407 0.892857 0.527778
0.344575 0.883117 0.611111
0.311721 0.857143 0.527778
0.320799 0.886364 0.500000
0.345544 0.792208 0.555556
0.288901 0.896104 0.555556
0.361909 0.863636 0.500000
0.355420 0.889610 0.555556
0.289563 0.909091 0.527778
0.275030 0.876623 0.472222
0.325949 0.883117 0.527778
0.316327 0.905844 0.555556
0.273128 0.896104 0.500000
0.291326 0.899351 0.611111
0.323175 0.889610 0.555556
0.282887 0.909091 0.555556
0.310030 0.866883 0.472222
0.307221 0.909091 0.527778
0.244034 0.909091 0.611111
0.284766 0.912338 0.527778
0.288860 0.909091 0.472222
0.251867 0.925325 0.555556
0.201775 0.935065 0.527778
0.163391 0.951299 0.611111
0.184116 0.938312 0.555556
0.192688 0.954545 0.555556
0.148212 0.964286 0.472222
0.137365 0.967532 0.583333
0.140524 0.970779 0.555556
0.148200 0.970779 0.527778
0.126093 0.974026 0.500000
0.123304 0.977273 0.500000
0.149358 0.970779 0.500000
0.166550 0.970779 0.555556
0.099109 0.974026 0.527778
0.101551 0.977273 0.500000
0.095838 0.964286 0.555556
0.197480 0.974026 0.527778
0.155454 0.970779 0.555556
0.123803 0.964286 0.472222
0.121521 0.967532 0.472222
0.135764 0.977273 0.500000
0.134562 0.983766 0.500000
0.109789 0.974026 0.444444
0.124301 0.974026 0.555556
0.128520 0.977273 0.555556
0.099305 0.980519 0.472222
0.084533 0.977273 0.500000
0.105958 0.977273 0.472222
0.173643 0.964286 0.472222
0.150812 0.980519 0.472222
0.106318 0.974026 0.500000
0.089113 0.983766 0.527778
0.078734 0.980519 0.472222
0.069287 0.980519 0.527778
0.132868 0.967532 0.583333
0.114125 0.974026 0.527778
0.128631 0.977273 0.444444
0.080121 0.987013 0.472222
0.073762 0.980519 0.444444
0.083952 0.970779 0.527778
0.093770 0.983766 0.500000
0.078426 0.980519 0.527778
0.071638 0.983766 0.527778
0.069245 0.987013 0.500000
0.084639 0.980519 0.527778
0.099206 0.987013 0.527778
0.091806 0.987013 0.527778
0.188401 0.954545 0.527778
0.195484 0.977273 0.527778
0.096209 0.983766 0.527778
0.091562 0.983766 0.527778
0.069235 0.990260 0.527778
0.064492 0.990260 0.555556
0.067909 0.990260 0.527778
0.069805 0.990260 0.500000
0.087859 0.990260 0.583333
0.067588 0.990260 0.555556
0.065905 0.990260 0.583333
0.052916 0.990260 0.583333
0.052482 0.987013 0.555556
0.051859 0.990260 0.555556
0.053224 0.990260 0.527778
0.057490 0.990260 0.500000
0.052932 0.990260 0.527778
0.049640 0.990260 0.527778
0.044766 0.987013 0.527778
0.051673 0.990260 0.527778
0.052180 0.990260 0.555556
0.044856 0.990260 0.527778
0.050040 0.990260 0.555556
0.045628 0.990260 0.527778
0.042446 0.987013 0.527778
0.056656 0.990260 0.527778
0.062874 0.990260 0.416667
0.056175 0.990260 0.500000
0.059198 0.987013 0.444444
0.049059 0.990260 0.500000
0.090503 0.990260 0.444444
0.074647 0.990260 0.583333
0.059426 0.990260 0.555556
0.064544 0.990260 0.555556
0.045620 0.990260 0.527778
0.042742 0.990260 0.527778
0.058817 0.990260 0.527778
0.055952 0.990260 0.527778
0.054613 0.990260 0.583333
0.043184 0.990260 0.527778
0.043808 0.987013 0.555556
0.046863 0.990260 0.555556
0.043386 0.990260 0.555556
0.047804 0.990260 0.583333
0.036985 0.990260 0.527778
0.044912 0.990260 0.527778
0.033701 0.990260 0.527778
0.061770 0.990260 0.555556
0.070726 0.990260 0.611111
0.076229 0.990260 0.472222
0.045328 0.990260 0.416667
0.046572 0.990260 0.444444
0.065050 0.990260 0.555556
0.067413 0.990260 0.583333
0.064567 0.990260 0.555556
0.036479 0.990260 0.611111
0.037631 0.990260 0.583333
0.038834 0.990260 0.611111
0.041586 0.990260 0.555556
0.037937 0.990260 0.555556
0.040701 0.990260 0.555556
0.038160 0.990260 0.555556
0.047326 0.990260 0.555556
0.042000 0.990260 0.527778
0.060528 0.990260 0.527778
0.038138 0.990260 0.472222
0.062121 0.990260 0.472222
0.042430 0.990260 0.472222
0.039330 0.990260 0.500000
0.040699 0.990260 0.500000
0.034713 0.990260 0.500000
0.042479 0.990260 0.527778
0.037866 0.990260 0.500000
0.050920 0.987013 0.500000
0.050202 0.990260 0.500000
0.047198 0.987013 0.527778
0.042000 0.990260 0.555556
0.039934 0.990260 0.472222
0.036671 0.990260 0.555556
0.040936 0.990260 0.527778
0.038834 0.990260 0.527778
0.032137 0.990260 0.500000
0.036402 0.990260 0.500000
0.041268 0.990260 0.527778
0.035386 0.990260 0.583333
0.034940 0.990260 0.583333
0.043415 0.990260 0.555556
0.033390 0.990260 0.583333
0.040052 0.990260 0.583333
0.034677 0.990260 0.555556
0.043613 0.990260 0.583333
0.037899 0.990260 0.555556
0.035381 0.990260 0.527778
0.034750 0.990260 0.527778
0.037805 0.990260 0.500000
0.035562 0.990260 0.500000
0.033193 0.990260 0.500000
0.035001 0.990260 0.555556
0.035697 0.990260 0.472222
0.029151 0.990260 0.527778
0.038588 0.990260 0.500000
0.040913 0.990260 0.555556
0.037868 0.990260 0.500000
0.042419 0.990260 0.527778
0.045462 0.990260 0.527778
0.036780 0.990260 0.527778
0.039477 0.990260 0.555556
0.033706 0.990260 0.555556
0.037636 0.990260 0.583333
0.034163 0.990260 0.527778
0.032917 0.990260 0.500000
0.031804 0.990260 0.500000
0.035819 0.990260 0.555556
0.036483 0.990260 0.527778
0.034881 0.990260 0.500000
0.040064 0.990260 0.527778
0.041220 0.990260 0.500000
0.027791 0.990260 0.555556
0.031215 0.990260 0.555556
0.040302 0.990260 0.527778
0.034451 0.990260 0.527778
0.037304 0.990260 0.527778
0.031932 0.990260 0.527778
0.039222 0.990260 0.500000
0.034205 0.990260 0.472222
0.031854 0.990260 0.472222
0.027872 0.990260 0.472222
0.039751 0.990260 0.527778
0.037764 0.990260 0.500000
0.038222 0.990260 0.472222
0.031245 0.990260 0.472222
0.033583 0.990260 0.472222
0.037647 0.990260 0.500000
0.040363 0.990260 0.500000
0.037616 0.990260 0.527778
0.041961 0.990260 0.500000
0.032840 0.990260 0.527778
0.032643 0.990260 0.527778
0.035999 0.990260 0.500000
0.039832 0.990260 0.500000
0.034788 0.990260 0.527778
0.043298 0.990260 0.527778
0.030420 0.990260 0.527778
0.042211 0.990260 0.500000
0.033431 0.990260 0.472222
0.031664 0.990260 0.500000
0.042600 0.990260 0.472222
0.036370 0.990260 0.472222
0.030692 0.987013 0.444444
0.032140 0.990260 0.527778
0.025744 0.990260 0.500000
0.039869 0.990260 0.527778
0.038094 0.990260 0.500000
0.033575 0.990260 0.444444
0.026978 0.990260 0.500000
0.043935 0.990260 0.527778
0.035392 0.990260 0.500000
0.039324 0.990260 0.472222
0.035570 0.990260 0.472222
0.033041 0.990260 0.527778
0.034217 0.990260 0.500000
0.030809 0.990260 0.500000
0.038340 0.990260 0.527778
0.036269 0.990260 0.500000
0.033066 0.990260 0.500000
0.027813 0.990260 0.555556
0.030481 0.990260 0.500000
0.031244 0.990260 0.527778
0.030935 0.990260 0.555556
0.030421 0.990260 0.527778
0.030825 0.990260 0.472222
0.028737 0.990260 0.527778
0.033024 0.990260 0.500000
0.042298 0.990260 0.527778
0.032880 0.990260 0.527778
0.025619 0.990260 0.527778
0.042650 0.990260 0.500000
0.031495 0.990260 0.500000
0.028116 0.990260 0.527778
0.031879 0.990260 0.527778
0.031274 0.990260 0.527778
0.030836 0.990260 0.527778
0.034081 0.990260 0.500000
0.035765 0.990260 0.527778
0.030050 0.990260 0.472222
0.038374 0.990260 0.555556
0.037525 0.990260 0.527778
0.026801 0.990260 0.500000
0.026897 0.990260 0.527778
0.028329 0.990260 0.527778
0.027621 0.990260 0.527778
0.033542 0.990260 0.555556
0.033226 0.990260 0.527778
0.035082 0.990260 0.555556
0.033463 0.990260 0.527778
0.046212 0.990260 0.527778
0.030039 0.990260 0.527778
0.031839 0.990260 0.527778
0.033917 0.990260 0.555556
0.032907 0.990260 0.527778
0.031749 0.990260 0.527778
0.024315 0.990260 0.500000
0.035194 0.990260 0.500000
0.033741 0.990260 0.527778
0.033663 0.990260 0.500000
