4.865102 0.610390 0.555556
1.981978 0.655844 0.583333
2.571709 0.571429 0.388889
1.866301 0.574675 0.611111
1.420058 0.668831 0.500000
1.307098 0.646104 0.611111
1.127604 0.665584 0.500000
0.874498 0.668831 0.388889
0.945281 0.665584 0.583333
0.977858 0.681818 0.444444
0.906001 0.678571 0.611111
1.040742 0.704545 0.500000
0.935877 0.698052 0.638889
0.755049 0.694805 0.500000
0.772502 0.636364 0.611111
0.693140 0.711039 0.555556
0.636926 0.701299 0.472222
0.621605 0.730519 0.722222
0.620323 0.649351 0.472222
0.626747 0.623377 0.416667
0.596160 0.779221 0.472222
0.570554 0.746753 0.555556
0.561462 0.762987 0.527778
0.516114 0.779221 0.555556
0.546523 0.766234 0.527778
0.609323 0.750000 0.472222
0.718070 0.750000 0.472222
0.660811 0.720779 0.444444
0.537448 0.668831 0.638889
0.514733 0.775974 0.527778
0.508418 0.701299 0.555556
0.535132 0.811688 0.611111
0.508413 0.759740 0.500000
0.603084 0.795455 0.472222
0.528982 0.792208 0.444444
0.480702 0.808442 0.583333
0.497944 0.782468 0.472222
0.499115 0.821429 0.611111
0.451042 0.772727 0.583333
0.479285 0.785714 0.472222
0.444127 0.857143 0.555556
0.463357 0.753247 0.416667
0.493592 0.834416 0.361111
0.445180 0.805195 0.527778
0.497914 0.737013 0.555556
0.471872 0.853896 0.527778
0.416943 0.857143 0.500000
0.400661 0.831169 0.555556
0.392396 0.850649 0.555556
0.357836 0.883117 0.500000
0.328814 0.886364 0.555556
0.318532 0.892857 0.583333
0.320471 0.899351 0.527778
0.304278 0.912338 0.583333
0.298633 0.866883 0.527778
0.359753 0.886364 0.472222
0.329954 0.892857 0.611111
0.314293 0.863636 0.500000
0.310341 0.915584 0.444444
0.306941 0.905844 0.527778
0.309905 0.860390 0.444444
0.394254 0.879870 0.611111
0.334003 0.915584 0.611111
0.293966 0.892857 0.527778
0.286259 0.899351 0.500000
0.244757 0.883117 0.472222
0.342254 0.892857 0.500000
0.349107 0.896104 0.444444
0.286256 0.912338 0.555556
0.245740 0.902597 0.527778
0.271398 0.879870 0.472222
0.329074 0.899351 0.472222
0.315463 0.909091 0.527778
0.270325 0.928571 0.527778
0.253161 0.889610 0.500000
0.246340 0.935065 0.500000
0.283494 0.866883 0.611111
0.278262 0.922078 0.500000
0.254972 0.938312 0.527778
0.346553 0.876623 0.583333
0.262922 0.928571 0.583333
0.245495 0.925325 0.527778
0.205108 0.928571 0.444444
0.273089 0.902597 0.500000
0.250342 0.931818 0.444444
0.251571 0.925325 0.472222
0.235553 0.883117 0.583333
0.255813 0.928571 0.472222
0.238658 0.899351 0.583333
0.239374 0.935065 0.527778
0.216368 0.909091 0.444444
0.419294 0.912338 0.611111
0.288673 0.909091 0.444444
0.204258 0.944805 0.527778
0.201235 0.935065 0.444444
0.213795 0.837662 0.555556
0.273323 0.935065 0.611111
0.224841 0.938312 0.527778
0.283525 0.954545 0.500000
0.185334 0.954545 0.527778
0.156091 0.970779 0.388889
0.160417 0.954545 0.500000
0.172094 0.961039 0.500000
0.140974 0.974026 0.416667
0.138953 0.970779 0.527778
0.135305 0.967532 0.444444
0.183072 0.967532 0.500000
0.170332 0.957792 0.527778
0.155624 0.967532 0.500000
0.144719 0.964286 0.500000
0.128849 0.970779 0.527778
0.101503 0.983766 0.500000
0.156006 0.970779 0.472222
0.163863 0.970779 0.472222
0.128418 0.970779 0.444444
0.143195 0.974026 0.416667
0.117793 0.974026 0.444444
0.122196 0.974026 0.416667
0.125580 0.974026 0.500000
0.113888 0.970779 0.416667
0.117281 0.974026 0.388889
0.095015 0.983766 0.444444
0.129026 0.987013 0.472222
0.131653 0.970779 0.444444
0.113771 0.980519 0.472222
0.106752 0.977273 0.500000
0.124790 0.987013 0.527778
0.153734 0.967532 0.583333
0.158967 0.961039 0.555556
0.154947 0.967532 0.444444
0.113537 0.980519 0.416667
0.110494 0.970779 0.472222
0.124524 0.987013 0.527778
0.129009 0.974026 0.527778
0.117367 0.983766 0.444444
0.085872 0.987013 0.555556
0.118037 0.983766 0.555556
0.122855 0.980519 0.472222
0.087656 0.990260 0.472222
0.094698 0.983766 0.444444
0.100799 0.980519 0.472222
0.135455 0.993506 0.444444
0.171875 0.961039 0.444444
0.153180 0.977273 0.444444
0.105005 0.983766 0.472222
0.094805 0.983766 0.444444
0.108458 0.980519 0.555556
0.074499 0.987013 0.527778
0.085755 0.990260 0.500000
0.085927 0.983766 0.500000
0.093644 0.990260 0.472222
0.080358 0.993506 0.444444
0.064314 0.993506 0.527778
0.075264 0.993506 0.527778
0.073362 0.993506 0.472222
0.068967 0.990260 0.472222
0.061879 0.993506 0.472222
0.087578 0.983766 0.472222
0.070048 0.990260 0.472222
0.112746 0.983766 0.472222
0.064735 0.993506 0.472222
0.065461 0.987013 0.472222
0.072628 0.990260 0.472222
0.084237 0.990260 0.472222
0.075987 0.993506 0.500000
0.059696 0.993506 0.500000
0.064456 0.993506 0.500000
0.052364 0.993506 0.472222
0.049264 0.993506 0.472222
0.069402 0.993506 0.472222
0.075512 0.993506 0.444444
0.061639 0.993506 0.444444
0.064473 0.993506 0.472222
0.064996 0.993506 0.472222
0.072567 0.993506 0.472222
0.071652 0.993506 0.444444
0.061716 0.993506 0.444444
0.051254 0.993506 0.416667
0.043839 0.990260 0.472222
0.055362 0.990260 0.472222
0.058339 0.993506 0.500000
0.070012 0.993506 0.472222
0.081626 0.983766 0.527778
0.072455 0.990260 0.527778
0.052449 0.993506 0.500000
0.052868 0.990260 0.500000
0.052091 0.993506 0.500000
0.071811 0.993506 0.500000
0.065739 0.993506 0.500000
0.060487 0.993506 0.472222
0.057365 0.993506 0.500000
0.062532 0.990260 0.472222
0.063949 0.990260 0.500000
0.053646 0.993506 0.500000
0.059325 0.993506 0.500000
0.061793 0.993506 0.500000
0.052399 0.993506 0.500000
0.053556 0.993506 0.500000
0.044548 0.993506 0.500000
0.049987 0.993506 0.500000
0.046830 0.993506 0.444444
0.060955 0.990260 0.444444
0.045048 0.993506 0.472222
0.052401 0.993506 0.500000
0.048576 0.993506 0.472222
0.048541 0.993506 0.444444
0.062390 0.993506 0.472222
0.062115 0.993506 0.444444
0.048932 0.993506 0.472222
0.047892 0.993506 0.472222
0.042934 0.993506 0.472222
0.056430 0.993506 0.444444
0.062953 0.993506 0.472222
0.049828 0.993506 0.444444
0.044184 0.993506 0.472222
0.048363 0.993506 0.472222
0.051933 0.993506 0.472222
0.047542 0.993506 0.472222
0.046890 0.993506 0.472222
0.046585 0.993506 0.500000
0.049402 0.993506 0.472222
0.044395 0.993506 0.472222
0.043848 0.993506 0.472222
0.047776 0.993506 0.500000
0.046549 0.993506 0.500000
0.051119 0.993506 0.500000
0.040132 0.993506 0.472222
0.036729 0.993506 0.444444
0.043839 0.993506 0.472222
0.044468 0.990260 0.472222
0.039039 0.993506 0.472222
0.045673 0.993506 0.500000
0.037844 0.993506 0.444444
0.042695 0.993506 0.444444
0.042419 0.993506 0.388889
0.051863 0.993506 0.444444
0.042441 0.993506 0.444444
0.036394 0.993506 0.472222
0.040818 0.993506 0.500000
0.038958 0.990260 0.472222
0.037433 0.993506 0.472222
0.049886 0.993506 0.472222
0.039782 0.993506 0.444444
0.041918 0.993506 0.444444
0.032318 0.993506 0.444444
0.043167 0.993506 0.444444
0.053597 0.993506 0.416667
0.064774 0.993506 0.500000
0.052118 0.993506 0.500000
0.043635 0.993506 0.500000
0.043256 0.993506 0.444444
0.036402 0.993506 0.444444
0.027722 0.993506 0.444444
0.036381 0.993506 0.444444
0.035642 0.993506 0.444444
0.036294 0.993506 0.444444
0.035973 0.993506 0.444444
0.035249 0.993506 0.472222
0.056076 0.993506 0.472222
0.042836 0.993506 0.472222
0.056648 0.993506 0.472222
0.047969 0.993506 0.472222
0.029989 0.993506 0.472222
0.026761 0.993506 0.444444
0.040320 0.993506 0.472222
0.039554 0.993506 0.472222
0.037361 0.993506 0.472222
0.047897 0.993506 0.500000
0.046218 0.993506 0.527778
0.034716 0.993506 0.500000
0.038135 0.993506 0.472222
0.035546 0.993506 0.500000
0.049847 0.993506 0.472222
0.034818 0.993506 0.472222
0.038550 0.993506 0.472222
0.034755 0.993506 0.472222
0.036449 0.993506 0.500000
0.031578 0.993506 0.500000
0.042362 0.993506 0.472222
0.039618 0.993506 0.472222
0.037676 0.993506 0.472222
0.032983 0.993506 0.500000
0.034420 0.993506 0.527778
0.036222 0.993506 0.472222
0.045902 0.993506 0.472222
0.033424 0.993506 0.500000
0.042884 0.993506 0.472222
0.036819 0.993506 0.500000
0.046173 0.993506 0.500000
0.038263 0.993506 0.472222
0.038313 0.993506 0.500000
0.044840 0.993506 0.500000
0.041382 0.993506 0.500000
0.028757 0.993506 0.500000
0.033161 0.993506 0.527778
0.029889 0.993506 0.500000
0.036597 0.993506 0.500000
0.035819 0.993506 0.416667
0.034831 0.993506 0.444444
0.026415 0.993506 0.472222
0.038824 0.993506 0.500000
0.030906 0.993506 0.472222
0.040173 0.993506 0.472222
0.033775 0.993506 0.444444
0.038927 0.993506 0.472222
0.040863 0.993506 0.472222
0.032593 0.993506 0.500000
0.045101 0.993506 0.444444
0.034867 0.993506 0.500000
0.027138 0.993506 0.500000
0.028351 0.993506 0.444444
0.031299 0.993506 0.444444
0.035325 0.993506 0.500000
0.028526 0.993506 0.472222
0.028388 0.993506 0.444444
0.030215 0.993506 0.416667
0.035594 0.993506 0.472222
0.033777 0.993506 0.472222
0.034980 0.993506 0.500000
0.031042 0.993506 0.472222
0.026713 0.993506 0.500000
0.036525 0.993506 0.472222
0.034850 0.993506 0.444444
0.049139 0.993506 0.416667
0.035679 0.993506 0.388889
0.036204 0.993506 0.500000
0.033169 0.993506 0.500000
0.031884 0.993506 0.444444
0.039284 0.993506 0.416667
0.028903 0.993506 0.416667
0.040288 0.993506 0.416667
0.039805 0.993506 0.416667
0.028149 0.993506 0.444444
0.036556 0.993506 0.416667
0.028442 0.993506 0.416667
0.026656 0.993506 0.416667
0.037622 0.993506 0.472222
0.037087 0.993506 0.500000
0.035205 0.993506 0.472222
0.030054 0.993506 0.500000
0.110236 0.993506 0.472222
0.035854 0.993506 0.472222
0.030005 0.993506 0.500000
0.041134 0.993506 0.500000
0.034398 0.993506 0.500000
0.031326 0.993506 0.500000
0.034725 0.993506 0.500000
0.039465 0.993506 0.472222
0.039812 0.993506 0.500000
0.039755 0.993506 0.444444
3.384961 0.594156 0.638889
1.576860 0.652597 0.388889
1.726867 0.571429 0.416667
1.220594 0.600649 0.638889
0.999453 0.652597 0.388889
1.038075 0.636364 0.583333
1.052474 0.724026 0.472222
0.893806 0.701299 0.583333
0.859398 0.600649 0.416667
0.862732 0.675325 0.472222
0.843998 0.701299 0.416667
0.650403 0.698052 0.500000
0.669554 0.685065 0.638889
0.657167 0.633117 0.388889
0.683134 0.678571 0.694444
0.687729 0.694805 0.527778
0.699529 0.701299 0.500000
0.578462 0.733766 0.666667
0.623620 0.714286 0.444444
0.579770 0.743506 0.555556
0.578759 0.724026 0.527778
0.562050 0.724026 0.472222
0.582156 0.672078 0.500000
0.522594 0.737013 0.638889
0.581981 0.691558 0.444444
0.577970 0.750000 0.444444
0.558824 0.779221 0.444444
0.624399 0.701299 0.611111
0.552207 0.665584 0.638889
0.618987 0.779221 0.472222
0.535338 0.746753 0.638889
0.609112 0.775974 0.638889
0.518417 0.824675 0.527778
0.579098 0.766234 0.555556
0.516718 0.805195 0.500000
0.555470 0.792208 0.555556
0.560300 0.766234 0.666667
0.562640 0.814935 0.611111
0.514667 0.766234 0.527778
0.509085 0.798701 0.555556
0.467241 0.707792 0.500000
0.489554 0.795455 0.583333
0.511787 0.805195 0.611111
0.485686 0.766234 0.638889
0.490375 0.821429 0.555556
0.498753 0.792208 0.500000
0.455484 0.772727 0.555556
0.439017 0.746753 0.388889
0.501090 0.714286 0.472222
0.423045 0.840909 0.611111
0.383628 0.834416 0.527778
0.365715 0.837662 0.583333
0.387415 0.863636 0.527778
0.429859 0.834416 0.555556
0.366485 0.801948 0.638889
0.400560 0.860390 0.500000
0.358944 0.879870 0.527778
0.380274 0.827922 0.472222
0.390867 0.863636 0.583333
0.355369 0.886364 0.555556
0.353020 0.785714 0.500000
0.467750 0.860390 0.555556
0.380303 0.850649 0.500000
0.363719 0.769481 0.472222
0.379250 0.814935 0.527778
0.340922 0.876623 0.500000
0.347473 0.818182 0.444444
0.344872 0.840909 0.583333
0.360199 0.873377 0.527778
0.365483 0.866883 0.583333
0.381699 0.879870 0.500000
0.301038 0.909091 0.500000
0.342296 0.860390 0.527778
0.322042 0.870130 0.472222
0.344869 0.834416 0.583333
0.354320 0.899351 0.500000
0.384569 0.785714 0.555556
0.350109 0.879870 0.527778
0.346202 0.892857 0.555556
0.337047 0.847403 0.611111
0.285946 0.879870 0.416667
0.351811 0.889610 0.500000
0.345420 0.866883 0.444444
0.314408 0.896104 0.527778
0.336139 0.870130 0.444444
0.353212 0.853896 0.527778
0.335789 0.876623 0.500000
0.313304 0.892857 0.527778
0.311524 0.892857 0.472222
0.295558 0.918831 0.416667
0.289167 0.873377 0.472222
0.377823 0.801948 0.583333
0.405405 0.873377 0.555556
0.317657 0.905844 0.472222
0.316983 0.876623 0.416667
0.280120 0.909091 0.555556
0.333354 0.879870 0.500000
0.286565 0.905844 0.500000
0.317032 0.896104 0.555556
0.258644 0.925325 0.555556
0.241696 0.944805 0.527778
0.231912 0.948052 0.444444
0.249110 0.931818 0.500000
0.241247 0.935065 0.500000
0.208067 0.938312 0.527778
0.200134 0.944805 0.555556
0.245344 0.957792 0.500000
0.235010 0.941558 0.527778
0.212821 0.951299 0.500000
0.235735 0.909091 0.500000
0.258741 0.944805 0.583333
0.209047 0.954545 0.472222
0.203797 0.935065 0.527778
0.206735 0.941558 0.527778
0.203643 0.948052 0.472222
0.221979 0.938312 0.555556
0.223100 0.954545 0.500000
0.245930 0.951299 0.472222
0.265415 0.922078 0.555556
0.225190 0.948052 0.500000
0.212444 0.948052 0.527778
0.189523 0.954545 0.500000
0.200904 0.967532 0.555556
0.197833 0.961039 0.555556
0.199689 0.951299 0.583333
0.203251 0.948052 0.583333
0.199120 0.961039 0.555556
0.184951 0.974026 0.583333
0.258905 0.879870 0.500000
0.274171 0.951299 0.555556
0.222092 0.938312 0.472222
0.203230 0.957792 0.527778
0.208559 0.951299 0.555556
0.193814 0.961039 0.583333
0.176270 0.961039 0.527778
0.202732 0.961039 0.527778
0.196721 0.964286 0.555556
0.223377 0.964286 0.444444
0.193021 0.967532 0.500000
0.153238 0.964286 0.472222
0.178208 0.961039 0.472222
0.221115 0.931818 0.555556
0.165337 0.974026 0.500000
0.152688 0.970779 0.527778
0.168474 0.970779 0.527778
0.150944 0.967532 0.611111
0.208878 0.954545 0.500000
0.229925 0.951299 0.555556
0.249911 0.948052 0.527778
0.188127 0.967532 0.555556
0.170940 0.987013 0.527778
0.149293 0.977273 0.500000
0.149189 0.977273 0.500000
0.127836 0.983766 0.555556
0.122254 0.983766 0.555556
0.143745 0.987013 0.555556
0.124692 0.983766 0.527778
0.156017 0.980519 0.527778
0.138985 0.970779 0.555556
0.156909 0.977273 0.555556
0.139903 0.983766 0.527778
0.120004 0.987013 0.555556
0.131780 0.987013 0.472222
0.125338 0.987013 0.500000
0.142383 0.983766 0.527778
0.109783 0.987013 0.527778
0.099341 0.987013 0.527778
0.113797 0.987013 0.500000
0.124390 0.987013 0.527778
0.145573 0.987013 0.472222
0.136473 0.990260 0.527778
0.140095 0.987013 0.444444
0.138424 0.987013 0.527778
0.123870 0.990260 0.527778
0.145844 0.977273 0.555556
0.145601 0.983766 0.500000
0.115000 0.993506 0.500000
0.119207 0.990260 0.500000
0.121950 0.990260 0.527778
0.133890 0.993506 0.527778
0.154070 0.983766 0.500000
0.137436 0.983766 0.527778
0.116945 0.990260 0.555556
0.113047 0.990260 0.527778
0.110204 0.987013 0.583333
0.129938 0.990260 0.527778
0.105253 0.990260 0.527778
0.129678 0.983766 0.500000
0.117964 0.990260 0.500000
0.090544 0.990260 0.500000
0.107283 0.987013 0.472222
0.110755 0.987013 0.527778
0.093439 0.993506 0.472222
0.093659 0.987013 0.444444
0.099913 0.993506 0.500000
0.085449 0.990260 0.472222
0.123962 0.987013 0.527778
0.120113 0.987013 0.472222
0.117199 0.990260 0.500000
0.126598 0.987013 0.500000
0.087185 0.993506 0.527778
0.089235 0.993506 0.555556
0.088250 0.987013 0.527778
0.102447 0.993506 0.527778
0.099455 0.993506 0.527778
0.083521 0.993506 0.472222
0.092701 0.993506 0.472222
0.089641 0.993506 0.500000
0.087971 0.993506 0.555556
0.126175 0.993506 0.527778
0.080508 0.993506 0.555556
0.093073 0.990260 0.555556
0.090959 0.987013 0.555556
0.081139 0.993506 0.555556
0.076318 0.993506 0.583333
0.082994 0.993506 0.527778
0.100033 0.993506 0.500000
0.097934 0.993506 0.527778
0.082298 0.990260 0.472222
0.085955 0.993506 0.500000
0.097074 0.993506 0.527778
0.078033 0.990260 0.500000
0.091720 0.990260 0.472222
0.089617 0.993506 0.500000
0.082015 0.990260 0.555556
0.082573 0.993506 0.527778
0.077550 0.990260 0.527778
0.100336 0.990260 0.527778
0.099122 0.990260 0.527778
0.086035 0.990260 0.500000
0.077382 0.993506 0.527778
0.080356 0.993506 0.555556
0.078642 0.993506 0.555556
0.084099 0.993506 0.555556
0.074787 0.993506 0.527778
0.077287 0.993506 0.527778
0.083606 0.993506 0.527778
0.077859 0.993506 0.472222
0.068140 0.993506 0.555556
0.068322 0.993506 0.500000
0.083450 0.993506 0.555556
0.072645 0.993506 0.500000
0.080276 0.993506 0.500000
0.087894 0.993506 0.555556
0.082127 0.993506 0.500000
0.094498 0.993506 0.583333
0.102827 0.993506 0.527778
0.085023 0.993506 0.555556
0.077109 0.993506 0.500000
0.087043 0.993506 0.527778
0.088782 0.993506 0.555556
0.071763 0.993506 0.500000
0.060134 0.993506 0.527778
0.070106 0.993506 0.500000
0.083400 0.993506 0.527778
0.064042 0.993506 0.555556
0.057879 0.993506 0.500000
0.073756 0.993506 0.527778
0.078674 0.993506 0.527778
0.071781 0.993506 0.527778
0.097556 0.993506 0.555556
0.094368 0.993506 0.555556
0.064217 0.993506 0.527778
0.067995 0.993506 0.583333
0.070518 0.993506 0.527778
0.074783 0.993506 0.527778
0.067000 0.993506 0.527778
0.071468 0.993506 0.527778
0.075942 0.993506 0.500000
0.073000 0.993506 0.555556
0.069043 0.993506 0.527778
0.064708 0.993506 0.555556
0.072709 0.993506 0.500000
0.074975 0.993506 0.500000
0.093361 0.993506 0.500000
0.066610 0.993506 0.527778
0.075281 0.993506 0.527778
0.079680 0.993506 0.555556
0.083480 0.993506 0.500000
0.084385 0.993506 0.500000
0.075643 0.993506 0.500000
0.083905 0.993506 0.527778
0.073379 0.993506 0.527778
0.083186 0.993506 0.527778
0.107719 0.993506 0.555556
0.078649 0.993506 0.500000
0.074358 0.993506 0.583333
0.059501 0.993506 0.527778
0.084387 0.993506 0.500000
0.076819 0.993506 0.500000
0.062067 0.993506 0.472222
0.073136 0.993506 0.527778
0.075055 0.993506 0.472222
0.059469 0.993506 0.527778
0.071224 0.993506 0.527778
0.066603 0.993506 0.500000
0.069713 0.993506 0.527778
0.067016 0.993506 0.527778
0.063638 0.993506 0.527778
0.054805 0.993506 0.555556
0.075696 0.993506 0.500000
0.055673 0.993506 0.527778
0.070920 0.993506 0.527778
0.069145 0.993506 0.527778
0.055719 0.993506 0.500000
0.069068 0.993506 0.527778
0.065778 0.993506 0.527778
0.088634 0.993506 0.527778
0.060419 0.993506 0.500000
0.055757 0.993506 0.527778
0.071567 0.993506 0.500000
0.068150 0.993506 0.500000
0.054268 0.993506 0.527778
0.054625 0.993506 0.527778
0.059215 0.993506 0.583333
0.056025 0.993506 0.527778
0.053712 0.993506 0.555556
0.062709 0.993506 0.527778
0.062225 0.993506 0.500000
0.053299 0.993506 0.527778
0.051455 0.993506 0.527778
0.062322 0.993506 0.527778
0.062097 0.993506 0.472222
0.073949 0.993506 0.527778
0.069538 0.993506 0.527778
0.069279 0.993506 0.527778
0.064410 0.993506 0.527778
0.070647 0.993506 0.555556
0.062639 0.993506 0.555556
0.055324 0.993506 0.555556
0.071804 0.993506 0.583333
0.075010 0.993506 0.527778
0.074246 0.993506 0.555556
0.065762 0.993506 0.555556
0.059068 0.993506 0.583333
0.054308 0.993506 0.500000
0.057308 0.993506 0.583333
0.065787 0.993506 0.555556
0.083819 0.993506 0.555556
0.056103 0.993506 0.555556
0.113667 0.993506 0.555556
0.066290 0.993506 0.500000
0.065499 0.993506 0.527778
0.072849 0.993506 0.500000
0.065341 0.993506 0.500000
0.064345 0.993506 0.527778
0.060369 0.993506 0.500000
0.077240 0.993506 0.527778
0.054217 0.993506 0.500000
0.066668 0.993506 0.527778
