7.953719 0.623377 0.611111
3.767797 0.600649 0.305556
3.180783 0.474026 0.388889
2.973067 0.639610 0.333333
2.035977 0.610390 0.611111
1.762612 0.629870 0.583333
1.626198 0.701299 0.555556
1.374390 0.662338 0.333333
1.442089 0.704545 0.555556
1.499570 0.678571 0.444444
1.302052 0.681818 0.555556
0.931470 0.633117 0.416667
1.037527 0.701299 0.555556
0.830284 0.629870 0.444444
0.698513 0.714286 0.555556
0.718666 0.691558 0.472222
0.769583 0.762987 0.527778
0.635182 0.775974 0.722222
0.647519 0.750000 0.555556
0.557349 0.779221 0.555556
0.576625 0.724026 0.583333
0.584635 0.737013 0.611111
0.594098 0.659091 0.416667
0.545128 0.772727 0.583333
0.554585 0.795455 0.583333
0.619219 0.801948 0.527778
0.592389 0.762987 0.500000
0.587592 0.808442 0.555556
0.501192 0.759740 0.638889
0.553795 0.782468 0.694444
0.516529 0.724026 0.555556
0.580387 0.788961 0.611111
0.538427 0.795455 0.500000
0.546421 0.824675 0.527778
0.492336 0.821429 0.583333
0.525953 0.818182 0.555556
0.523558 0.792208 0.500000
0.480997 0.847403 0.583333
0.498795 0.792208 0.555556
0.448402 0.827922 0.611111
0.488346 0.850649 0.638889
0.463353 0.762987 0.527778
0.562455 0.834416 0.583333
0.419775 0.857143 0.583333
0.495089 0.818182 0.527778
0.483044 0.827922 0.583333
0.445155 0.857143 0.500000
0.455813 0.782468 0.500000
0.509877 0.808442 0.472222
0.421780 0.857143 0.583333
0.364956 0.879870 0.583333
0.348671 0.889610 0.611111
0.351038 0.883117 0.611111
0.316857 0.886364 0.611111
0.326015 0.899351 0.500000
0.343156 0.857143 0.555556
0.356875 0.879870 0.500000
0.334798 0.899351 0.500000
0.348824 0.889610 0.638889
0.337287 0.889610 0.472222
0.337881 0.866883 0.527778
0.379919 0.873377 0.555556
0.329818 0.922078 0.500000
0.340928 0.714286 0.555556
0.363282 0.883117 0.611111
0.297517 0.922078 0.555556
0.305354 0.928571 0.527778
0.359234 0.886364 0.500000
0.321531 0.918831 0.611111
0.313713 0.902597 0.527778
0.305517 0.912338 0.500000
0.276448 0.915584 0.527778
0.280393 0.886364 0.527778
0.325179 0.873377 0.472222
0.273552 0.905844 0.527778
0.305916 0.889610 0.444444
0.358683 0.873377 0.500000
0.313454 0.905844 0.583333
0.278809 0.905844 0.527778
0.294213 0.889610 0.611111
0.315074 0.883117 0.500000
0.358082 0.876623 0.527778
0.270583 0.928571 0.527778
0.311416 0.899351 0.638889
0.363572 0.902597 0.527778
0.330372 0.892857 0.500000
0.319373 0.938312 0.444444
0.322705 0.925325 0.472222
0.275932 0.928571 0.500000
0.246047 0.902597 0.611111
0.318776 0.866883 0.416667
0.364155 0.935065 0.555556
0.320378 0.922078 0.583333
0.285415 0.925325 0.555556
0.289877 0.928571 0.472222
0.239544 0.922078 0.527778
0.266441 0.912338 0.611111
0.283847 0.918831 0.500000
0.358708 0.915584 0.555556
0.251665 0.941558 0.555556
0.194264 0.967532 0.527778
0.220845 0.961039 0.611111
0.220027 0.935065 0.583333
0.195188 0.970779 0.527778
0.171160 0.961039 0.500000
0.177690 0.967532 0.555556
0.220542 0.964286 0.527778
0.187182 0.928571 0.638889
0.173257 0.970779 0.527778
0.200578 0.957792 0.444444
0.198438 0.967532 0.527778
0.167158 0.951299 0.555556
0.204514 0.944805 0.694444
0.200788 0.961039 0.555556
0.157725 0.970779 0.611111
0.189921 0.967532 0.527778
0.208276 0.935065 0.527778
0.313069 0.954545 0.611111
0.210537 0.961039 0.638889
0.212295 0.964286 0.527778
0.182870 0.951299 0.527778
0.149756 0.974026 0.555556
0.164657 0.970779 0.527778
0.168809 0.974026 0.555556
0.142894 0.974026 0.527778
0.194540 0.967532 0.527778
0.205052 0.964286 0.583333
0.158290 0.970779 0.555556
0.169629 0.967532 0.638889
0.148732 0.980519 0.583333
0.133297 0.974026 0.527778
0.200680 0.954545 0.638889
0.218799 0.957792 0.472222
0.169215 0.977273 0.500000
0.161945 0.987013 0.500000
0.173898 0.980519 0.472222
0.195985 0.944805 0.555556
0.248249 0.944805 0.555556
0.173464 0.964286 0.555556
0.140438 0.977273 0.500000
0.129800 0.980519 0.555556
0.146510 0.974026 0.527778
0.141673 0.970779 0.527778
0.137459 0.977273 0.555556
0.143758 0.970779 0.527778
0.110419 0.977273 0.500000
0.156418 0.983766 0.472222
0.196116 0.957792 0.527778
0.258069 0.951299 0.583333
0.222747 0.970779 0.472222
0.150989 0.980519 0.527778
0.128037 0.974026 0.527778
0.121218 0.974026 0.555556
0.125416 0.983766 0.583333
0.124669 0.983766 0.583333
0.123890 0.980519 0.555556
0.105831 0.983766 0.500000
0.119342 0.983766 0.527778
0.113518 0.983766 0.500000
0.120521 0.990260 0.555556
0.107098 0.990260 0.500000
0.110096 0.987013 0.611111
0.094858 0.990260 0.555556
0.087356 0.990260 0.500000
0.124104 0.987013 0.472222
0.123577 0.983766 0.500000
0.112649 0.987013 0.527778
0.102992 0.983766 0.555556
0.089298 0.980519 0.583333
0.113307 0.990260 0.555556
0.120553 0.990260 0.555556
0.104357 0.993506 0.500000
0.110292 0.990260 0.527778
0.101085 0.990260 0.555556
0.094550 0.990260 0.500000
0.102527 0.990260 0.527778
0.104683 0.990260 0.527778
0.093655 0.993506 0.555556
0.111850 0.990260 0.555556
0.109129 0.987013 0.611111
0.106049 0.987013 0.555556
0.099660 0.987013 0.583333
0.101476 0.987013 0.583333
0.107835 0.980519 0.638889
0.093044 0.987013 0.611111
0.124104 0.980519 0.472222
0.113049 0.983766 0.583333
0.105021 0.990260 0.583333
0.107360 0.990260 0.527778
0.107189 0.987013 0.527778
0.097864 0.983766 0.555556
0.098001 0.990260 0.583333
0.088258 0.990260 0.472222
0.076297 0.987013 0.583333
0.082341 0.993506 0.555556
0.072085 0.987013 0.583333
0.081194 0.990260 0.583333
0.106741 0.983766 0.611111
0.108075 0.987013 0.500000
0.098156 0.993506 0.472222
0.077654 0.993506 0.555556
0.071294 0.993506 0.527778
0.066055 0.993506 0.527778
0.074978 0.993506 0.500000
0.064628 0.993506 0.500000
0.072827 0.993506 0.527778
0.066072 0.993506 0.555556
0.074494 0.993506 0.583333
0.074794 0.993506 0.555556
0.074617 0.993506 0.555556
0.063412 0.993506 0.500000
0.077041 0.993506 0.500000
0.070241 0.993506 0.555556
0.076777 0.993506 0.527778
0.069795 0.993506 0.555556
0.064968 0.993506 0.583333
0.071085 0.993506 0.583333
0.073401 0.990260 0.527778
0.060468 0.993506 0.555556
0.074475 0.993506 0.583333
0.075933 0.993506 0.555556
0.066224 0.993506 0.500000
0.081335 0.993506 0.500000
0.070420 0.993506 0.555556
0.071679 0.993506 0.583333
0.076870 0.990260 0.500000
0.060082 0.993506 0.555556
0.072747 0.993506 0.555556
0.077628 0.990260 0.555556
0.080281 0.993506 0.611111
0.079689 0.993506 0.527778
0.069059 0.993506 0.555556
0.066863 0.993506 0.500000
0.069806 0.993506 0.583333
0.068816 0.993506 0.583333
0.066693 0.993506 0.555556
0.069960 0.993506 0.583333
0.069962 0.993506 0.527778
0.074295 0.993506 0.555556
0.061071 0.993506 0.555556
0.060630 0.993506 0.555556
0.058767 0.993506 0.527778
0.078039 0.993506 0.555556
0.080548 0.993506 0.583333
0.055554 0.993506 0.583333
0.064339 0.993506 0.583333
0.068765 0.993506 0.555556
0.069585 0.990260 0.583333
0.063668 0.993506 0.583333
0.062474 0.993506 0.583333
0.072582 0.993506 0.583333
0.063957 0.993506 0.583333
0.055306 0.990260 0.583333
0.062511 0.993506 0.583333
0.083267 0.993506 0.583333
0.060616 0.993506 0.583333
0.059927 0.993506 0.527778
0.065623 0.993506 0.583333
0.065709 0.993506 0.583333
0.065131 0.993506 0.583333
0.068040 0.993506 0.555556
0.070736 0.993506 0.583333
0.045874 0.993506 0.583333
0.053852 0.993506 0.583333
0.066152 0.993506 0.583333
0.055282 0.993506 0.555556
0.061072 0.993506 0.583333
0.060950 0.993506 0.555556
0.073156 0.993506 0.500000
0.054205 0.993506 0.583333
0.063607 0.993506 0.583333
0.059137 0.993506 0.583333
0.063561 0.993506 0.555556
0.062167 0.993506 0.555556
0.057603 0.993506 0.555556
0.053430 0.993506 0.555556
0.064844 0.993506 0.555556
0.060289 0.993506 0.555556
0.067431 0.993506 0.555556
0.058428 0.993506 0.555556
0.057053 0.993506 0.555556
0.063768 0.993506 0.583333
0.062988 0.993506 0.555556
0.068143 0.993506 0.583333
0.072906 0.993506 0.611111
0.054268 0.993506 0.583333
0.064132 0.993506 0.583333
0.060732 0.993506 0.555556
0.072868 0.993506 0.527778
0.053834 0.993506 0.555556
0.052907 0.993506 0.527778
0.060728 0.993506 0.583333
0.058904 0.993506 0.500000
0.051777 0.993506 0.500000
0.056125 0.993506 0.555556
0.058072 0.993506 0.555556
0.072089 0.993506 0.500000
0.056264 0.993506 0.555556
0.061887 0.993506 0.555556
0.051816 0.993506 0.527778
0.061132 0.993506 0.555556
0.057310 0.993506 0.555556
0.063531 0.993506 0.555556
0.060184 0.993506 0.555556
0.058313 0.993506 0.555556
0.064385 0.993506 0.527778
0.060546 0.993506 0.527778
0.067145 0.993506 0.583333
0.056647 0.993506 0.555556
0.053868 0.993506 0.583333
0.055065 0.993506 0.555556
0.049916 0.993506 0.583333
0.047386 0.993506 0.583333
0.055945 0.993506 0.527778
0.053887 0.993506 0.555556
0.049541 0.993506 0.555556
0.050027 0.993506 0.583333
0.056913 0.993506 0.555556
0.051380 0.993506 0.555556
0.049656 0.993506 0.555556
0.042925 0.993506 0.555556
0.059969 0.993506 0.583333
0.053800 0.993506 0.555556
0.050888 0.993506 0.555556
0.047988 0.993506 0.611111
0.053425 0.993506 0.555556
0.059197 0.993506 0.583333
0.060972 0.993506 0.555556
0.056679 0.993506 0.583333
0.061702 0.993506 0.638889
0.061753 0.993506 0.583333
0.063315 0.993506 0.583333
0.050293 0.993506 0.583333
0.051467 0.993506 0.583333
0.053577 0.993506 0.583333
0.044209 0.993506 0.583333
0.058635 0.993506 0.555556
0.054784 0.993506 0.555556
0.064534 0.993506 0.583333
0.057661 0.993506 0.555556
0.058230 0.993506 0.527778
0.053097 0.993506 0.527778
0.056133 0.993506 0.527778
0.058472 0.993506 0.611111
0.052072 0.993506 0.555556
0.057660 0.993506 0.555556
0.054035 0.993506 0.527778
0.062442 0.993506 0.555556
0.049639 0.993506 0.500000
0.055183 0.993506 0.583333
