6.733673 0.597403 0.527778
4.332999 0.633117 0.611111
3.366348 0.551948 0.416667
2.032267 0.603896 0.611111
1.405097 0.655844 0.500000
1.974211 0.681818 0.611111
1.499011 0.655844 0.555556
0.989070 0.665584 0.722222
1.488824 0.561688 0.472222
1.293533 0.646104 0.472222
1.327479 0.665584 0.555556
0.884404 0.688312 0.583333
0.779424 0.675325 0.611111
0.703026 0.672078 0.555556
0.752443 0.704545 0.666667
0.783628 0.730519 0.555556
0.723969 0.727273 0.666667
0.725393 0.681818 0.555556
0.724185 0.704545 0.555556
0.652885 0.698052 0.472222
0.616499 0.762987 0.527778
0.787633 0.642857 0.611111
0.673895 0.691558 0.500000
0.584824 0.737013 0.500000
0.587849 0.707792 0.472222
0.620794 0.613636 0.444444
0.574390 0.733766 0.611111
0.573156 0.717532 0.555556
0.588785 0.639610 0.611111
0.613431 0.740260 0.527778
0.570583 0.711039 0.638889
0.572018 0.762987 0.444444
0.547857 0.750000 0.583333
0.547104 0.762987 0.500000
0.573477 0.759740 0.500000
0.520668 0.711039 0.527778
0.557156 0.750000 0.527778
0.556688 0.759740 0.416667
0.592293 0.717532 0.527778
0.494992 0.733766 0.583333
0.538355 0.759740 0.527778
0.533685 0.698052 0.583333
0.577709 0.714286 0.527778
0.510394 0.746753 0.527778
0.513984 0.775974 0.444444
0.494226 0.775974 0.500000
0.529378 0.772727 0.416667
0.487987 0.779221 0.500000
0.532493 0.727273 0.472222
0.482071 0.775974 0.555556
0.451652 0.805195 0.416667
0.444123 0.798701 0.500000
0.438439 0.811688 0.361111
0.444235 0.779221 0.555556
0.419031 0.788961 0.611111
0.450449 0.808442 0.388889
0.420334 0.805195 0.500000
0.407043 0.827922 0.388889
0.434450 0.795455 0.444444
0.424235 0.775974 0.361111
0.488603 0.805195 0.444444
0.437052 0.795455 0.527778
0.437609 0.818182 0.500000
0.440282 0.769481 0.472222
0.450833 0.779221 0.416667
0.414264 0.805195 0.361111
0.392584 0.824675 0.416667
0.407500 0.821429 0.500000
0.382948 0.814935 0.444444
0.441751 0.762987 0.527778
0.514384 0.782468 0.583333
0.441567 0.766234 0.472222
0.447887 0.782468 0.416667
0.400990 0.821429 0.388889
0.382389 0.831169 0.416667
0.400785 0.831169 0.388889
0.436845 0.811688 0.416667
0.412491 0.831169 0.388889
0.407044 0.798701 0.388889
0.419382 0.814935 0.388889
0.416963 0.827922 0.361111
0.384212 0.798701 0.472222
0.393911 0.834416 0.416667
0.394018 0.814935 0.388889
0.401850 0.811688 0.444444
0.370059 0.814935 0.444444
0.373140 0.844156 0.361111
0.365082 0.837662 0.444444
0.497536 0.753247 0.333333
0.557431 0.740260 0.472222
0.540924 0.782468 0.472222
0.463285 0.740260 0.416667
0.425080 0.831169 0.388889
0.431589 0.801948 0.416667
0.393860 0.834416 0.361111
0.335271 0.837662 0.555556
0.352605 0.827922 0.527778
0.347196 0.837662 0.416667
0.381858 0.847403 0.361111
0.317678 0.857143 0.388889
0.317099 0.863636 0.388889
0.323725 0.863636 0.416667
0.349855 0.870130 0.333333
0.302703 0.870130 0.444444
0.298736 0.873377 0.416667
0.289396 0.870130 0.416667
0.312383 0.876623 0.361111
0.280040 0.863636 0.416667
0.282199 0.879870 0.416667
0.297202 0.870130 0.388889
0.298638 0.889610 0.416667
0.293720 0.870130 0.444444
0.302306 0.886364 0.333333
0.347243 0.805195 0.416667
0.372663 0.860390 0.388889
0.309884 0.899351 0.416667
0.270311 0.876623 0.333333
0.290938 0.889610 0.388889
0.260911 0.889610 0.388889
0.310261 0.863636 0.333333
0.355601 0.853896 0.472222
0.296938 0.886364 0.388889
0.267656 0.896104 0.416667
0.263379 0.899351 0.416667
0.259827 0.905844 0.472222
0.258204 0.899351 0.388889
0.266746 0.902597 0.416667
0.244957 0.896104 0.416667
0.324543 0.886364 0.333333
0.282458 0.876623 0.416667
0.289460 0.889610 0.416667
0.242279 0.899351 0.444444
0.245267 0.896104 0.416667
0.234388 0.889610 0.388889
0.243120 0.902597 0.388889
0.216771 0.905844 0.416667
0.241906 0.892857 0.416667
0.243656 0.902597 0.388889
0.230340 0.899351 0.416667
0.211929 0.896104 0.444444
0.296057 0.896104 0.472222
0.251651 0.909091 0.444444
0.226632 0.912338 0.444444
0.236733 0.899351 0.472222
0.224182 0.902597 0.333333
0.231857 0.909091 0.444444
0.224698 0.902597 0.388889
0.200618 0.909091 0.416667
0.215979 0.892857 0.388889
0.215042 0.925325 0.472222
0.205688 0.922078 0.444444
0.185149 0.918831 0.444444
0.204726 0.912338 0.444444
0.187367 0.912338 0.416667
0.186727 0.915584 0.388889
0.188225 0.909091 0.388889
0.197062 0.935065 0.444444
0.181572 0.925325 0.472222
0.193308 0.928571 0.472222
0.186887 0.931818 0.361111
0.181180 0.935065 0.444444
0.181434 0.918831 0.416667
0.179082 0.931818 0.472222
0.170021 0.922078 0.444444
0.175277 0.938312 0.444444
0.173158 0.928571 0.472222
0.167368 0.931818 0.472222
0.175695 0.928571 0.388889
0.188475 0.915584 0.388889
0.188490 0.928571 0.416667
0.185881 0.928571 0.444444
0.165365 0.925325 0.416667
0.186240 0.922078 0.444444
0.177114 0.935065 0.444444
0.184303 0.941558 0.444444
0.185603 0.931818 0.416667
0.181614 0.928571 0.444444
0.185267 0.918831 0.416667
0.191980 0.925325 0.416667
0.181800 0.931818 0.416667
0.166828 0.928571 0.388889
0.197396 0.915584 0.500000
0.183020 0.928571 0.472222
0.184936 0.931818 0.361111
0.162342 0.931818 0.444444
0.172890 0.931818 0.416667
0.169352 0.931818 0.416667
0.169580 0.931818 0.472222
0.174367 0.941558 0.416667
0.157915 0.931818 0.472222
0.172143 0.935065 0.388889
0.156283 0.938312 0.472222
0.152310 0.944805 0.472222
0.139742 0.944805 0.388889
0.163498 0.944805 0.388889
0.173949 0.938312 0.444444
0.182994 0.941558 0.500000
0.157758 0.931818 0.444444
0.166203 0.941558 0.388889
0.161576 0.944805 0.416667
0.141039 0.941558 0.416667
0.138304 0.957792 0.472222
0.158205 0.951299 0.416667
0.157956 0.944805 0.472222
0.143280 0.944805 0.416667
0.141090 0.944805 0.444444
0.151089 0.944805 0.444444
0.159677 0.944805 0.444444
0.135302 0.944805 0.472222
0.152008 0.941558 0.416667
0.147815 0.948052 0.472222
0.151600 0.951299 0.416667
0.156601 0.944805 0.472222
0.150687 0.948052 0.472222
0.158745 0.951299 0.416667
0.131153 0.948052 0.527778
0.146018 0.951299 0.472222
0.155040 0.951299 0.500000
0.156667 0.948052 0.444444
0.136774 0.954545 0.444444
0.152966 0.944805 0.444444
0.135674 0.948052 0.444444
0.144832 0.951299 0.472222
0.138346 0.944805 0.416667
0.156687 0.941558 0.472222
0.164247 0.944805 0.472222
0.142836 0.951299 0.444444
0.136914 0.941558 0.472222
0.148491 0.957792 0.472222
0.142100 0.957792 0.472222
0.152974 0.944805 0.472222
0.155899 0.948052 0.500000
0.147869 0.951299 0.472222
0.143289 0.948052 0.388889
0.151669 0.951299 0.416667
0.132019 0.948052 0.416667
0.141982 0.944805 0.416667
0.133345 0.941558 0.472222
0.123847 0.951299 0.444444
0.134065 0.951299 0.500000
0.138541 0.948052 0.472222
0.140770 0.948052 0.472222
0.150948 0.941558 0.444444
0.140153 0.951299 0.444444
0.144259 0.938312 0.444444
0.144922 0.944805 0.416667
0.150724 0.948052 0.444444
0.139793 0.941558 0.416667
0.149596 0.951299 0.444444
0.161433 0.961039 0.388889
0.125871 0.957792 0.444444
0.146791 0.944805 0.444444
0.131764 0.948052 0.500000
0.140948 0.957792 0.472222
0.130937 0.948052 0.472222
0.133334 0.948052 0.472222
0.135998 0.951299 0.472222
0.145864 0.944805 0.472222
0.147154 0.951299 0.444444
0.138121 0.935065 0.416667
0.126223 0.941558 0.444444
0.133923 0.944805 0.444444
0.122473 0.948052 0.444444
0.130620 0.941558 0.416667
0.133073 0.944805 0.444444
0.126430 0.951299 0.500000
0.131990 0.944805 0.444444
0.146527 0.951299 0.444444
0.144225 0.948052 0.444444
0.132439 0.954545 0.444444
0.119187 0.951299 0.444444
0.128684 0.954545 0.444444
0.124231 0.941558 0.444444
0.131764 0.957792 0.444444
0.132689 0.944805 0.444444
0.130273 0.954545 0.444444
0.132311 0.951299 0.444444
0.134615 0.948052 0.500000
0.137259 0.948052 0.472222
0.140875 0.954545 0.472222
0.137018 0.957792 0.472222
0.124131 0.948052 0.472222
0.125715 0.951299 0.500000
0.118336 0.954545 0.527778
0.133810 0.941558 0.500000
0.130658 0.954545 0.472222
0.121755 0.951299 0.444444
0.118448 0.954545 0.500000
0.136055 0.951299 0.472222
0.128985 0.948052 0.472222
0.124472 0.944805 0.500000
0.139525 0.944805 0.500000
0.137583 0.951299 0.500000
0.124384 0.954545 0.472222
0.126564 0.948052 0.472222
0.126779 0.951299 0.472222
0.144742 0.944805 0.472222
0.129690 0.951299 0.472222
0.141806 0.944805 0.500000
0.128117 0.944805 0.472222
0.125064 0.944805 0.500000
0.120684 0.951299 0.500000
0.124974 0.951299 0.500000
0.117421 0.951299 0.500000
0.131484 0.954545 0.500000
0.135674 0.951299 0.472222
0.124206 0.951299 0.500000
0.133932 0.951299 0.500000
0.130355 0.954545 0.500000
0.128265 0.951299 0.500000
0.130045 0.944805 0.472222
0.127036 0.951299 0.472222
0.122252 0.948052 0.500000
0.122748 0.948052 0.472222
0.124654 0.951299 0.500000
0.131913 0.951299 0.500000
0.126668 0.951299 0.500000
0.109175 0.951299 0.500000
0.112793 0.948052 0.500000
0.137216 0.948052 0.500000
0.120922 0.954545 0.472222
0.139128 0.944805 0.500000
0.132868 0.944805 0.500000
0.126040 0.948052 0.472222
0.133443 0.944805 0.500000
0.117829 0.948052 0.500000
0.115826 0.948052 0.500000
0.129312 0.951299 0.500000
0.134051 0.951299 0.500000
0.122891 0.948052 0.500000
0.136525 0.951299 0.500000
0.125327 0.944805 0.472222
0.117313 0.948052 0.472222
0.123694 0.954545 0.472222
0.127459 0.951299 0.472222
0.120174 0.951299 0.472222
0.120572 0.951299 0.472222
0.132314 0.951299 0.500000
0.127134 0.954545 0.472222
0.124191 0.951299 0.472222
0.128518 0.951299 0.500000
0.137930 0.951299 0.500000
0.136553 0.954545 0.472222
0.121502 0.951299 0.472222
0.120635 0.954545 0.472222
0.130961 0.951299 0.472222
0.116840 0.944805 0.500000
0.120716 0.951299 0.500000
0.115105 0.948052 0.500000
0.140490 0.951299 0.500000
