7.757742 0.642857 0.611111
3.614997 0.681818 0.555556
3.057567 0.649351 0.500000
2.156392 0.629870 0.666667
1.881046 0.665584 0.611111
1.967723 0.623377 0.583333
1.736188 0.711039 0.638889
1.069430 0.626623 0.472222
1.195563 0.685065 0.583333
1.089485 0.571429 0.444444
1.302216 0.652597 0.444444
0.775749 0.691558 0.555556
0.766261 0.701299 0.500000
0.769492 0.665584 0.500000
0.816982 0.675325 0.694444
0.808341 0.714286 0.472222
0.678694 0.746753 0.555556
0.694548 0.688312 0.611111
0.645127 0.714286 0.583333
0.630777 0.707792 0.472222
0.623990 0.733766 0.666667
0.654825 0.668831 0.583333
0.619680 0.698052 0.500000
0.573543 0.779221 0.583333
0.557224 0.720779 0.444444
0.591938 0.727273 0.444444
0.568988 0.720779 0.527778
0.551298 0.756494 0.555556
0.538302 0.707792 0.611111
0.566606 0.766234 0.555556
0.566963 0.753247 0.611111
0.551292 0.772727 0.500000
0.518592 0.782468 0.472222
0.519058 0.762987 0.611111
0.535706 0.743506 0.555556
0.502326 0.775974 0.444444
0.575657 0.737013 0.583333
0.541592 0.808442 0.638889
0.548354 0.762987 0.472222
0.482875 0.753247 0.500000
0.503891 0.756494 0.500000
0.534516 0.730519 0.527778
0.607012 0.772727 0.722222
0.467915 0.805195 0.527778
0.497597 0.795455 0.500000
0.467489 0.792208 0.500000
0.538642 0.756494 0.527778
0.485562 0.779221 0.555556
0.486644 0.795455 0.388889
0.447891 0.821429 0.583333
0.421534 0.811688 0.555556
0.404743 0.824675 0.500000
0.392422 0.844156 0.500000
0.370740 0.837662 0.527778
0.380240 0.821429 0.611111
0.418749 0.824675 0.472222
0.385198 0.818182 0.500000
0.378063 0.834416 0.555556
0.405535 0.847403 0.500000
0.374168 0.844156 0.472222
0.379298 0.876623 0.555556
0.391169 0.824675 0.527778
0.369440 0.857143 0.444444
0.415885 0.733766 0.388889
0.461006 0.795455 0.555556
0.390493 0.847403 0.416667
0.347507 0.857143 0.527778
0.364331 0.808442 0.555556
0.345097 0.837662 0.527778
0.390439 0.850649 0.527778
0.374227 0.850649 0.583333
0.342455 0.866883 0.444444
0.328778 0.876623 0.444444
0.388005 0.746753 0.500000
0.416037 0.863636 0.361111
0.342269 0.857143 0.416667
0.377704 0.860390 0.500000
0.367083 0.879870 0.555556
0.403155 0.834416 0.444444
0.395105 0.834416 0.388889
0.343698 0.870130 0.500000
0.352929 0.831169 0.444444
0.338065 0.899351 0.500000
0.355073 0.873377 0.583333
0.390670 0.863636 0.388889
0.383219 0.883117 0.472222
0.335074 0.873377 0.472222
0.328873 0.896104 0.416667
0.340326 0.883117 0.500000
0.340223 0.857143 0.472222
0.358215 0.863636 0.472222
0.332366 0.892857 0.500000
0.341018 0.818182 0.555556
0.484679 0.831169 0.444444
0.350811 0.863636 0.500000
0.316642 0.870130 0.472222
0.394130 0.883117 0.500000
0.340141 0.899351 0.527778
0.321222 0.889610 0.500000
0.298915 0.892857 0.472222
0.268195 0.896104 0.472222
0.276026 0.896104 0.416667
0.260518 0.889610 0.416667
0.256477 0.902597 0.472222
0.243485 0.922078 0.388889
0.250593 0.896104 0.416667
0.263349 0.922078 0.416667
0.233940 0.918831 0.416667
0.239655 0.918831 0.388889
0.250051 0.905844 0.388889
0.281088 0.922078 0.416667
0.226012 0.915584 0.444444
0.235490 0.922078 0.388889
0.272126 0.883117 0.472222
0.298047 0.902597 0.500000
0.264669 0.915584 0.416667
0.224082 0.896104 0.416667
0.256075 0.902597 0.416667
0.254786 0.909091 0.388889
0.247956 0.909091 0.527778
0.226994 0.922078 0.388889
0.224877 0.922078 0.388889
0.242431 0.918831 0.416667
0.234233 0.915584 0.388889
0.230635 0.915584 0.444444
0.252581 0.918831 0.388889
0.231803 0.912338 0.416667
0.219770 0.922078 0.444444
0.263786 0.909091 0.361111
0.263519 0.918831 0.388889
0.220944 0.915584 0.388889
0.209748 0.935065 0.388889
0.223799 0.922078 0.361111
0.201745 0.912338 0.388889
0.236471 0.922078 0.416667
0.225483 0.918831 0.388889
0.217736 0.928571 0.444444
0.229141 0.922078 0.388889
0.240952 0.922078 0.416667
0.208369 0.938312 0.416667
0.218799 0.928571 0.388889
0.225162 0.925325 0.416667
0.226866 0.899351 0.333333
0.265934 0.905844 0.472222
0.254319 0.922078 0.361111
0.248096 0.912338 0.388889
0.213664 0.918831 0.388889
0.202878 0.931818 0.416667
0.213959 0.915584 0.444444
0.208123 0.928571 0.361111
0.207247 0.925325 0.388889
0.193402 0.935065 0.361111
0.193602 0.931818 0.361111
0.187157 0.938312 0.388889
0.181696 0.928571 0.416667
0.198303 0.925325 0.388889
0.184818 0.938312 0.361111
0.186410 0.922078 0.388889
0.181813 0.935065 0.416667
0.197858 0.938312 0.388889
0.191535 0.938312 0.416667
0.201140 0.928571 0.333333
0.196410 0.931818 0.388889
0.178345 0.938312 0.361111
0.187312 0.941558 0.444444
0.178089 0.941558 0.333333
0.179623 0.931818 0.361111
0.184687 0.931818 0.416667
0.192239 0.938312 0.333333
0.183525 0.935065 0.361111
0.180078 0.938312 0.388889
0.163098 0.935065 0.388889
0.189618 0.941558 0.388889
0.191945 0.938312 0.333333
0.190338 0.931818 0.388889
0.174041 0.941558 0.361111
0.177246 0.935065 0.388889
0.177355 0.931818 0.388889
0.167979 0.938312 0.388889
0.171490 0.941558 0.388889
0.177334 0.928571 0.388889
0.201055 0.935065 0.416667
0.185868 0.928571 0.388889
0.188531 0.938312 0.388889
0.170831 0.935065 0.333333
0.181152 0.935065 0.361111
0.176672 0.935065 0.361111
0.182228 0.928571 0.388889
0.177932 0.944805 0.416667
0.182093 0.931818 0.388889
0.184457 0.941558 0.416667
0.184265 0.935065 0.388889
0.177406 0.938312 0.388889
0.166721 0.935065 0.444444
0.179630 0.938312 0.444444
0.170795 0.935065 0.416667
0.167520 0.928571 0.361111
0.161089 0.938312 0.388889
0.178355 0.931818 0.416667
0.172435 0.935065 0.444444
0.152652 0.938312 0.416667
0.153873 0.948052 0.416667
0.168491 0.941558 0.444444
0.173014 0.944805 0.388889
0.152884 0.938312 0.416667
0.154278 0.944805 0.416667
0.158490 0.944805 0.416667
0.166993 0.948052 0.388889
0.151905 0.938312 0.361111
0.147629 0.925325 0.361111
0.161712 0.931818 0.416667
0.171658 0.944805 0.388889
0.179279 0.941558 0.388889
0.168266 0.935065 0.388889
0.165250 0.948052 0.361111
0.146015 0.948052 0.361111
0.156437 0.944805 0.361111
0.154564 0.948052 0.361111
0.164160 0.938312 0.416667
0.154104 0.948052 0.416667
0.165316 0.938312 0.416667
0.144964 0.941558 0.416667
0.160707 0.938312 0.416667
0.163954 0.951299 0.416667
0.175454 0.938312 0.444444
0.190516 0.948052 0.361111
0.151306 0.941558 0.416667
0.159699 0.941558 0.388889
0.172122 0.941558 0.388889
0.170198 0.944805 0.416667
0.152057 0.941558 0.444444
0.164730 0.954545 0.388889
0.159183 0.957792 0.361111
0.151295 0.948052 0.388889
0.166561 0.951299 0.388889
0.154204 0.954545 0.388889
0.152024 0.941558 0.388889
0.151437 0.948052 0.416667
0.155971 0.948052 0.361111
0.144856 0.944805 0.361111
0.160085 0.948052 0.388889
0.144372 0.951299 0.388889
0.164871 0.935065 0.388889
0.162289 0.938312 0.416667
0.167744 0.951299 0.416667
0.150776 0.948052 0.388889
0.173023 0.948052 0.416667
0.147816 0.941558 0.416667
0.160590 0.951299 0.388889
0.172128 0.951299 0.388889
0.151376 0.951299 0.388889
0.161002 0.948052 0.388889
0.147237 0.954545 0.388889
0.146762 0.957792 0.388889
0.147687 0.954545 0.416667
0.148250 0.951299 0.388889
0.147660 0.957792 0.416667
0.156714 0.954545 0.416667
0.163541 0.954545 0.444444
0.146199 0.957792 0.388889
0.149416 0.951299 0.416667
0.149984 0.957792 0.388889
0.136378 0.961039 0.388889
0.136049 0.954545 0.388889
0.151759 0.948052 0.388889
0.143395 0.948052 0.416667
0.146617 0.954545 0.416667
0.150339 0.954545 0.388889
0.170828 0.957792 0.444444
0.153878 0.961039 0.416667
0.136647 0.951299 0.416667
0.151203 0.951299 0.416667
0.144449 0.954545 0.388889
0.150299 0.961039 0.388889
0.147707 0.951299 0.416667
0.145510 0.951299 0.416667
0.152788 0.948052 0.388889
0.146277 0.957792 0.388889
0.150999 0.951299 0.416667
0.155389 0.954545 0.444444
0.152983 0.948052 0.444444
0.136162 0.954545 0.416667
0.141823 0.951299 0.388889
0.145456 0.957792 0.388889
0.143322 0.951299 0.388889
0.132849 0.954545 0.444444
0.138262 0.957792 0.388889
0.134900 0.957792 0.416667
0.157394 0.948052 0.361111
0.141218 0.957792 0.416667
0.141888 0.951299 0.416667
0.154017 0.954545 0.388889
0.143989 0.961039 0.416667
0.138047 0.964286 0.416667
0.149083 0.961039 0.416667
0.143037 0.964286 0.388889
0.157416 0.957792 0.416667
0.156092 0.961039 0.388889
0.147781 0.961039 0.416667
0.134550 0.957792 0.416667
0.142847 0.964286 0.416667
0.136916 0.961039 0.388889
0.135223 0.954545 0.388889
0.142956 0.957792 0.388889
0.137940 0.961039 0.388889
0.152952 0.964286 0.388889
0.143223 0.961039 0.388889
0.151950 0.951299 0.388889
0.147972 0.954545 0.388889
0.153355 0.964286 0.416667
0.146273 0.961039 0.416667
0.134231 0.957792 0.416667
0.133113 0.961039 0.388889
0.142200 0.961039 0.416667
0.136849 0.961039 0.388889
0.137339 0.954545 0.388889
0.133910 0.957792 0.388889
0.120201 0.964286 0.416667
0.128117 0.961039 0.388889
0.148328 0.957792 0.416667
0.127922 0.957792 0.388889
0.143692 0.957792 0.416667
0.143889 0.954545 0.416667
0.139053 0.951299 0.388889
0.148849 0.951299 0.388889
0.133931 0.957792 0.416667
0.132025 0.951299 0.388889
0.146757 0.957792 0.388889
0.148221 0.964286 0.388889
0.139221 0.954545 0.416667
0.147404 0.954545 0.416667
0.139691 0.957792 0.388889
0.135625 0.957792 0.388889
0.138094 0.957792 0.388889
0.147757 0.957792 0.388889
0.124283 0.951299 0.388889
0.135207 0.957792 0.416667
0.146539 0.957792 0.416667
0.139436 0.957792 0.444444
0.143423 0.957792 0.416667
0.138812 0.961039 0.388889
0.150488 0.961039 0.416667
0.148263 0.954545 0.416667
0.137007 0.954545 0.416667
0.132076 0.957792 0.444444
0.142620 0.961039 0.444444
0.126212 0.964286 0.416667
0.141495 0.954545 0.416667
0.122237 0.961039 0.388889
0.142940 0.957792 0.416667
