4.669962 0.603896 0.555556
2.701438 0.652597 0.361111
1.809606 0.694805 0.500000
1.706621 0.672078 0.527778
1.434296 0.594156 0.611111
1.286661 0.681818 0.500000
1.175450 0.694805 0.527778
1.302999 0.613636 0.333333
1.025731 0.668831 0.527778
1.006465 0.707792 0.444444
0.944364 0.681818 0.527778
0.654699 0.746753 0.444444
0.698219 0.788961 0.638889
0.689588 0.584416 0.416667
0.728982 0.685065 0.555556
0.810738 0.766234 0.555556
0.703216 0.759740 0.555556
0.648239 0.740260 0.527778
0.655316 0.798701 0.527778
0.596344 0.766234 0.472222
0.577181 0.805195 0.722222
0.549451 0.788961 0.611111
0.553542 0.782468 0.638889
0.561125 0.737013 0.611111
0.488492 0.801948 0.527778
0.553410 0.775974 0.500000
0.595189 0.727273 0.500000
0.614426 0.831169 0.555556
0.474518 0.743506 0.527778
0.504448 0.788961 0.555556
0.464856 0.672078 0.666667
0.542764 0.808442 0.527778
0.470474 0.824675 0.500000
0.468176 0.821429 0.611111
0.469143 0.801948 0.500000
0.445340 0.821429 0.555556
0.458358 0.870130 0.416667
0.454167 0.873377 0.555556
0.392727 0.824675 0.611111
0.341728 0.834416 0.500000
0.451608 0.853896 0.555556
0.381054 0.831169 0.638889
0.524433 0.801948 0.472222
0.411073 0.824675 0.583333
0.470478 0.795455 0.611111
0.408089 0.876623 0.611111
0.434448 0.847403 0.555556
0.391274 0.863636 0.500000
0.408127 0.863636 0.500000
0.295618 0.922078 0.555556
0.267782 0.870130 0.527778
0.259330 0.922078 0.527778
0.308393 0.912338 0.666667
0.262790 0.928571 0.638889
0.224576 0.935065 0.583333
0.230193 0.948052 0.583333
0.263264 0.892857 0.638889
0.293164 0.886364 0.583333
0.252336 0.941558 0.555556
0.238439 0.941558 0.638889
0.246931 0.931818 0.722222
0.323278 0.925325 0.555556
0.218149 0.944805 0.638889
0.189382 0.948052 0.555556
0.233617 0.912338 0.611111
0.242126 0.931818 0.638889
0.223018 0.938312 0.666667
0.275871 0.922078 0.611111
0.233874 0.954545 0.611111
0.222562 0.935065 0.666667
0.325284 0.925325 0.583333
0.281429 0.912338 0.583333
0.211164 0.944805 0.500000
0.205442 0.961039 0.555556
0.189875 0.951299 0.500000
0.155588 0.974026 0.583333
0.179617 0.948052 0.555556
0.220280 0.967532 0.527778
0.175020 0.970779 0.638889
0.166813 0.925325 0.638889
0.267975 0.811688 0.583333
0.331997 0.840909 0.666667
0.205807 0.970779 0.500000
0.171595 0.964286 0.555556
0.178745 0.954545 0.583333
0.193272 0.954545 0.583333
0.200817 0.935065 0.666667
0.159889 0.974026 0.611111
0.176240 0.964286 0.527778
0.155236 0.967532 0.583333
0.210775 0.915584 0.555556
0.325452 0.814935 0.527778
0.328420 0.938312 0.611111
0.195253 0.967532 0.527778
0.150282 0.987013 0.555556
0.109660 0.977273 0.583333
0.194196 0.980519 0.611111
0.143857 0.980519 0.500000
0.161761 0.974026 0.583333
0.095015 0.990260 0.583333
0.074343 0.993506 0.583333
0.073059 0.987013 0.527778
0.085240 0.987013 0.555556
0.070532 0.990260 0.583333
0.082189 0.993506 0.583333
0.077620 0.993506 0.583333
0.158402 0.983766 0.611111
0.114689 0.993506 0.555556
0.076941 0.990260 0.500000
0.094932 0.993506 0.583333
0.095489 0.993506 0.555556
0.068511 0.983766 0.527778
0.098944 0.970779 0.611111
0.095483 0.987013 0.444444
0.077535 0.990260 0.555556
0.090165 0.993506 0.611111
0.080176 0.987013 0.555556
0.093259 0.993506 0.472222
0.093649 0.974026 0.583333
0.118626 0.990260 0.472222
0.109271 0.993506 0.527778
0.114165 0.993506 0.500000
0.092734 0.993506 0.472222
0.101256 0.987013 0.555556
0.122367 0.993506 0.583333
0.085355 0.990260 0.583333
0.079235 0.993506 0.527778
0.066535 0.993506 0.555556
0.056937 0.993506 0.500000
0.087539 0.990260 0.500000
0.086228 0.977273 0.472222
0.105145 0.990260 0.555556
0.102241 0.993506 0.527778
0.114094 0.983766 0.611111
0.168371 0.977273 0.527778
0.105835 0.993506 0.555556
0.081414 0.993506 0.527778
0.080094 0.993506 0.500000
0.091892 0.993506 0.527778
0.089152 0.993506 0.583333
0.084935 0.993506 0.472222
0.092861 0.993506 0.583333
0.113782 0.993506 0.472222
0.061501 0.993506 0.527778
0.060625 0.993506 0.500000
0.048839 0.993506 0.583333
0.063788 0.993506 0.611111
0.064337 0.993506 0.583333
0.086515 0.993506 0.583333
0.055410 0.993506 0.555556
0.056955 0.993506 0.583333
0.051863 0.993506 0.555556
0.054248 0.993506 0.611111
0.048600 0.993506 0.555556
0.056220 0.993506 0.583333
0.046298 0.993506 0.555556
0.042641 0.993506 0.583333
0.052056 0.993506 0.555556
0.044890 0.993506 0.555556
0.058541 0.993506 0.583333
0.051810 0.993506 0.555556
0.060060 0.993506 0.555556
0.046519 0.993506 0.583333
0.039170 0.993506 0.500000
0.044261 0.993506 0.527778
0.044349 0.993506 0.527778
0.060437 0.993506 0.555556
0.082334 0.990260 0.472222
0.060368 0.993506 0.472222
0.067405 0.993506 0.527778
0.052689 0.993506 0.527778
0.050615 0.993506 0.500000
0.044245 0.993506 0.583333
0.051405 0.993506 0.527778
0.062590 0.990260 0.527778
0.064945 0.993506 0.527778
0.044248 0.993506 0.583333
0.049829 0.993506 0.555556
0.036462 0.993506 0.555556
0.046218 0.993506 0.555556
0.062726 0.993506 0.611111
0.063738 0.993506 0.472222
0.056388 0.993506 0.500000
0.052715 0.993506 0.500000
0.054881 0.993506 0.472222
0.044438 0.993506 0.527778
0.049553 0.993506 0.472222
0.080987 0.993506 0.500000
0.073829 0.993506 0.472222
0.041013 0.993506 0.444444
0.054918 0.993506 0.500000
0.046638 0.993506 0.555556
0.048541 0.993506 0.583333
0.043737 0.993506 0.527778
0.063931 0.993506 0.527778
0.040782 0.993506 0.527778
0.050988 0.993506 0.555556
0.053629 0.993506 0.583333
0.051416 0.993506 0.611111
0.070134 0.993506 0.583333
0.045872 0.993506 0.527778
0.046698 0.993506 0.555556
0.042338 0.993506 0.583333
0.044808 0.993506 0.583333
0.038649 0.993506 0.555556
0.037669 0.993506 0.611111
0.041519 0.993506 0.583333
0.043074 0.993506 0.583333
0.042798 0.993506 0.555556
0.057483 0.993506 0.583333
0.034812 0.993506 0.500000
0.042758 0.993506 0.555556
0.049844 0.993506 0.527778
0.042567 0.993506 0.583333
0.037427 0.993506 0.555556
0.038202 0.993506 0.583333
0.037278 0.993506 0.583333
0.036777 0.993506 0.583333
0.042821 0.993506 0.555556
0.042611 0.993506 0.555556
0.046748 0.993506 0.611111
0.033251 0.993506 0.583333
0.043191 0.993506 0.583333
0.040030 0.993506 0.555556
0.040251 0.993506 0.611111
0.040347 0.993506 0.611111
0.038283 0.993506 0.638889
0.040906 0.993506 0.638889
0.041486 0.993506 0.583333
0.042611 0.993506 0.666667
0.038382 0.993506 0.555556
0.041685 0.993506 0.666667
0.037727 0.993506 0.611111
0.036946 0.993506 0.638889
0.033589 0.993506 0.583333
0.038159 0.993506 0.583333
0.045886 0.993506 0.555556
0.030970 0.993506 0.611111
0.033937 0.993506 0.611111
0.041645 0.993506 0.583333
0.034871 0.993506 0.555556
0.038781 0.993506 0.611111
0.037501 0.993506 0.555556
0.040353 0.993506 0.583333
0.033906 0.993506 0.638889
0.041668 0.993506 0.638889
0.047915 0.993506 0.555556
0.039228 0.993506 0.555556
0.039223 0.993506 0.555556
0.042421 0.993506 0.583333
0.033981 0.993506 0.555556
0.036937 0.993506 0.555556
0.031650 0.993506 0.583333
0.033709 0.993506 0.555556
0.032180 0.993506 0.583333
0.037205 0.993506 0.583333
0.029762 0.993506 0.611111
0.037076 0.993506 0.583333
0.042308 0.993506 0.611111
0.038877 0.993506 0.583333
0.036723 0.993506 0.555556
0.042391 0.993506 0.555556
0.029596 0.993506 0.555556
0.026962 0.993506 0.555556
0.038958 0.993506 0.583333
0.034520 0.993506 0.583333
0.039374 0.993506 0.500000
0.037750 0.993506 0.555556
0.039800 0.993506 0.527778
0.031173 0.993506 0.555556
0.036019 0.993506 0.500000
0.032608 0.993506 0.583333
0.037028 0.993506 0.583333
0.031056 0.993506 0.611111
0.036739 0.993506 0.583333
0.033816 0.993506 0.583333
0.037340 0.993506 0.555556
0.033503 0.993506 0.611111
0.039389 0.993506 0.611111
0.039155 0.993506 0.583333
0.035827 0.993506 0.611111
0.034648 0.993506 0.611111
0.034256 0.993506 0.583333
0.037316 0.993506 0.583333
0.043929 0.993506 0.583333
0.033684 0.993506 0.527778
0.048379 0.993506 0.555556
0.032971 0.993506 0.583333
0.044005 0.993506 0.583333
0.035835 0.993506 0.583333
0.031137 0.993506 0.583333
0.040998 0.993506 0.583333
0.037606 0.993506 0.583333
0.031116 0.993506 0.611111
0.029893 0.993506 0.611111
0.029144 0.993506 0.583333
0.036237 0.993506 0.583333
0.035465 0.993506 0.555556
0.037132 0.993506 0.611111
0.029681 0.993506 0.611111
0.036358 0.993506 0.611111
0.032059 0.993506 0.583333
0.039867 0.993506 0.611111
0.038175 0.993506 0.583333
0.034012 0.993506 0.611111
0.041840 0.993506 0.638889
0.033753 0.993506 0.611111
0.038809 0.993506 0.583333
0.032758 0.993506 0.611111
0.027908 0.993506 0.611111
0.028949 0.993506 0.583333
0.030774 0.993506 0.611111
0.032529 0.993506 0.611111
0.027657 0.993506 0.555556
0.027542 0.993506 0.611111
0.029835 0.993506 0.611111
0.026412 0.993506 0.583333
0.033236 0.993506 0.583333
0.034655 0.993506 0.583333
0.029666 0.993506 0.583333
0.021954 0.993506 0.583333
0.035615 0.993506 0.555556
0.038965 0.993506 0.555556
0.030597 0.993506 0.583333
0.028912 0.993506 0.611111
0.033495 0.993506 0.638889
0.034549 0.993506 0.611111
0.032397 0.993506 0.583333
0.042441 0.993506 0.611111
0.032477 0.993506 0.583333
0.043180 0.993506 0.583333
0.038991 0.993506 0.583333
0.026006 0.993506 0.611111
0.029543 0.993506 0.583333
0.029579 0.993506 0.611111
0.024479 0.993506 0.611111
0.034965 0.993506 0.611111
0.034728 0.993506 0.666667
0.031922 0.993506 0.583333
0.030847 0.993506 0.583333
0.048719 0.993506 0.638889
0.035093 0.993506 0.583333
0.032359 0.993506 0.611111
0.037622 0.993506 0.583333
0.029735 0.993506 0.638889
0.031976 0.993506 0.611111
0.029000 0.993506 0.666667
0.036891 0.993506 0.611111
0.033994 0.993506 0.611111
0.038105 0.993506 0.611111
3.172008 0.564935 0.611111
2.270280 0.584416 0.611111
1.630412 0.633117 0.416667
1.156048 0.672078 0.527778
1.079836 0.610390 0.527778
0.882665 0.685065 0.611111
0.971332 0.688312 0.500000
0.976029 0.711039 0.555556
0.830291 0.616883 0.388889
0.874827 0.646104 0.472222
0.781007 0.707792 0.416667
0.718707 0.737013 0.500000
0.735466 0.655844 0.611111
0.687598 0.711039 0.361111
0.694018 0.707792 0.583333
0.786551 0.720779 0.527778
0.760478 0.681818 0.416667
0.704343 0.701299 0.555556
0.705282 0.733766 0.472222
0.629067 0.762987 0.472222
0.614367 0.694805 0.416667
0.663333 0.694805 0.527778
0.645875 0.685065 0.444444
0.572480 0.720779 0.611111
0.638281 0.639610 0.388889
0.629553 0.769481 0.416667
0.613354 0.779221 0.472222
0.572729 0.746753 0.555556
0.621859 0.662338 0.611111
0.558883 0.814935 0.444444
0.515456 0.737013 0.583333
0.574675 0.795455 0.500000
0.598069 0.730519 0.527778
0.553495 0.762987 0.472222
0.530247 0.779221 0.500000
0.532673 0.827922 0.527778
0.511679 0.743506 0.555556
0.527745 0.811688 0.555556
0.524264 0.756494 0.472222
0.477999 0.779221 0.500000
0.482347 0.727273 0.444444
0.459608 0.805195 0.527778
0.507591 0.779221 0.500000
0.430041 0.805195 0.611111
0.434929 0.834416 0.500000
0.471595 0.827922 0.555556
0.479314 0.831169 0.472222
0.417791 0.779221 0.472222
0.471511 0.775974 0.500000
0.421554 0.844156 0.444444
0.379337 0.866883 0.472222
0.345683 0.866883 0.555556
0.353777 0.866883 0.500000
0.319153 0.896104 0.472222
0.323337 0.876623 0.527778
0.371652 0.879870 0.555556
0.328490 0.860390 0.500000
0.367691 0.821429 0.472222
0.345408 0.883117 0.416667
0.337895 0.896104 0.472222
0.297128 0.892857 0.500000
0.362522 0.883117 0.527778
0.330646 0.902597 0.555556
0.286623 0.905844 0.500000
0.331207 0.879870 0.527778
0.316479 0.762987 0.416667
0.369990 0.899351 0.472222
0.309822 0.896104 0.500000
0.276672 0.912338 0.416667
0.300836 0.922078 0.472222
0.353504 0.909091 0.500000
0.299110 0.931818 0.388889
0.330636 0.902597 0.416667
0.273189 0.915584 0.444444
0.265878 0.831169 0.472222
0.292281 0.918831 0.416667
0.275983 0.915584 0.472222
0.273465 0.931818 0.361111
0.264636 0.912338 0.472222
0.299944 0.814935 0.444444
0.378960 0.905844 0.388889
0.310248 0.873377 0.472222
0.238414 0.925325 0.472222
0.224015 0.948052 0.500000
0.288600 0.899351 0.527778
0.324915 0.925325 0.472222
0.270359 0.850649 0.472222
0.298288 0.915584 0.416667
0.265858 0.909091 0.444444
0.219876 0.938312 0.444444
0.230845 0.915584 0.388889
0.255149 0.918831 0.416667
0.269751 0.905844 0.472222
0.293341 0.928571 0.444444
0.258053 0.948052 0.388889
0.239506 0.909091 0.500000
0.274345 0.961039 0.416667
0.199579 0.944805 0.444444
0.270998 0.918831 0.527778
0.239868 0.961039 0.444444
0.181272 0.967532 0.388889
0.173790 0.961039 0.527778
0.176406 0.957792 0.416667
0.177226 0.954545 0.527778
0.154699 0.957792 0.444444
0.156278 0.961039 0.444444
0.164797 0.957792 0.444444
0.155271 0.970779 0.388889
0.154902 0.970779 0.500000
0.168971 0.961039 0.444444
0.145652 0.983766 0.472222
0.135023 0.977273 0.444444
0.136169 0.977273 0.500000
0.160837 0.974026 0.472222
0.206935 0.961039 0.527778
0.210687 0.980519 0.416667
0.167727 0.964286 0.472222
0.194384 0.970779 0.388889
0.172304 0.961039 0.444444
0.272849 0.957792 0.500000
0.211924 0.961039 0.500000
0.153071 0.967532 0.444444
0.146280 0.970779 0.472222
0.156920 0.967532 0.527778
0.137953 0.980519 0.500000
0.138051 0.977273 0.500000
0.133208 0.983766 0.444444
0.137000 0.980519 0.500000
0.162065 0.964286 0.388889
0.173242 0.967532 0.416667
0.143376 0.970779 0.472222
0.118782 0.977273 0.444444
0.137205 0.980519 0.472222
0.164912 0.941558 0.500000
0.173411 0.974026 0.444444
0.128087 0.977273 0.444444
0.151107 0.970779 0.500000
0.148425 0.951299 0.500000
0.182404 0.967532 0.500000
0.138875 0.974026 0.527778
0.137047 0.964286 0.472222
0.178699 0.977273 0.444444
0.135045 0.977273 0.444444
0.154900 0.967532 0.416667
0.155666 0.974026 0.416667
0.108569 0.980519 0.361111
0.118065 0.970779 0.527778
0.106681 0.977273 0.361111
0.127934 0.967532 0.444444
0.113059 0.983766 0.416667
0.115199 0.987013 0.388889
0.109678 0.983766 0.361111
0.095640 0.980519 0.416667
0.113003 0.987013 0.444444
0.091899 0.980519 0.388889
0.100517 0.987013 0.416667
0.097122 0.987013 0.416667
0.091219 0.980519 0.444444
0.081020 0.987013 0.444444
0.109525 0.983766 0.416667
0.094728 0.983766 0.416667
0.073423 0.987013 0.388889
0.083788 0.980519 0.416667
0.091782 0.980519 0.416667
0.092600 0.983766 0.472222
0.094707 0.983766 0.388889
0.102342 0.983766 0.444444
0.108320 0.983766 0.444444
0.091235 0.983766 0.444444
0.089421 0.987013 0.361111
0.107489 0.983766 0.444444
0.086251 0.983766 0.472222
0.119961 0.987013 0.444444
0.100750 0.983766 0.444444
0.098907 0.987013 0.472222
0.112486 0.987013 0.527778
0.090267 0.987013 0.500000
0.106861 0.987013 0.472222
0.096000 0.983766 0.472222
0.095911 0.987013 0.500000
0.101538 0.983766 0.500000
0.092280 0.987013 0.472222
0.111601 0.983766 0.527778
0.090625 0.987013 0.472222
0.081742 0.987013 0.472222
0.098044 0.983766 0.444444
0.074399 0.983766 0.444444
0.100948 0.987013 0.472222
0.126617 0.983766 0.416667
0.120974 0.983766 0.444444
0.101910 0.980519 0.416667
0.108690 0.983766 0.416667
0.088602 0.987013 0.444444
0.093964 0.987013 0.444444
0.083153 0.987013 0.500000
0.074655 0.987013 0.472222
0.080583 0.987013 0.444444
0.078168 0.983766 0.472222
0.078833 0.987013 0.444444
0.094988 0.987013 0.472222
0.069445 0.987013 0.472222
0.071266 0.987013 0.444444
0.082031 0.987013 0.500000
0.083446 0.987013 0.500000
0.077520 0.987013 0.500000
0.083982 0.990260 0.472222
0.080487 0.983766 0.500000
0.078889 0.983766 0.444444
0.073813 0.987013 0.416667
0.087404 0.987013 0.444444
0.066397 0.987013 0.472222
0.090078 0.987013 0.472222
0.074362 0.987013 0.500000
0.076656 0.987013 0.444444
0.087657 0.987013 0.500000
0.069249 0.987013 0.500000
0.080377 0.987013 0.444444
0.064823 0.987013 0.472222
0.069145 0.987013 0.444444
0.083382 0.993506 0.472222
0.086641 0.990260 0.500000
0.078712 0.987013 0.500000
0.070084 0.993506 0.472222
0.077300 0.987013 0.416667
0.078814 0.983766 0.472222
0.085727 0.990260 0.472222
0.062838 0.987013 0.472222
0.064351 0.987013 0.472222
0.073254 0.987013 0.444444
0.062565 0.987013 0.444444
0.063784 0.987013 0.500000
0.070305 0.993506 0.472222
0.088228 0.987013 0.472222
0.079563 0.990260 0.500000
0.070479 0.990260 0.444444
0.086501 0.990260 0.500000
0.082879 0.987013 0.500000
0.064849 0.990260 0.472222
0.069283 0.993506 0.472222
0.062233 0.983766 0.472222
0.062707 0.990260 0.472222
0.056068 0.993506 0.444444
0.065691 0.993506 0.472222
0.079435 0.993506 0.500000
0.057034 0.993506 0.444444
0.067576 0.993506 0.472222
0.076068 0.990260 0.472222
0.063330 0.993506 0.472222
0.075229 0.993506 0.444444
0.061908 0.993506 0.472222
0.057491 0.993506 0.472222
0.059628 0.993506 0.444444
0.068842 0.993506 0.444444
0.056890 0.993506 0.472222
0.060452 0.993506 0.444444
0.064537 0.993506 0.500000
0.074099 0.990260 0.472222
0.069006 0.990260 0.472222
0.071615 0.990260 0.444444
0.063545 0.993506 0.472222
0.082038 0.993506 0.472222
0.080848 0.993506 0.500000
0.045033 0.993506 0.444444
0.054157 0.993506 0.472222
0.065863 0.993506 0.527778
0.088151 0.993506 0.444444
0.079128 0.993506 0.472222
0.058513 0.993506 0.472222
0.070647 0.993506 0.472222
0.056710 0.993506 0.500000
0.056912 0.993506 0.500000
0.058274 0.993506 0.472222
0.062070 0.993506 0.500000
0.065959 0.993506 0.472222
0.062269 0.993506 0.500000
0.060322 0.993506 0.472222
0.069913 0.993506 0.500000
0.057676 0.993506 0.527778
0.068346 0.993506 0.500000
0.062375 0.993506 0.472222
0.068386 0.993506 0.500000
0.057499 0.993506 0.472222
0.060144 0.993506 0.472222
0.056995 0.993506 0.500000
0.062849 0.993506 0.500000
0.081413 0.993506 0.500000
0.068786 0.993506 0.500000
0.056737 0.993506 0.444444
0.064161 0.993506 0.472222
0.057553 0.993506 0.444444
0.051889 0.993506 0.527778
0.063794 0.993506 0.527778
0.059769 0.993506 0.472222
0.057770 0.993506 0.500000
0.051594 0.993506 0.472222
0.054129 0.993506 0.500000
0.059026 0.993506 0.500000
0.072345 0.993506 0.472222
0.067694 0.993506 0.527778
0.051926 0.993506 0.527778
0.071793 0.993506 0.527778
0.058116 0.993506 0.527778
0.054561 0.993506 0.527778
0.058284 0.993506 0.500000
0.062531 0.993506 0.500000
0.081067 0.993506 0.472222
0.053321 0.993506 0.500000
0.076378 0.993506 0.444444
0.069673 0.993506 0.500000
0.050837 0.993506 0.527778
0.054291 0.993506 0.500000
0.053448 0.993506 0.500000
0.066769 0.993506 0.527778
0.044426 0.993506 0.472222
0.047066 0.993506 0.527778
0.056627 0.993506 0.500000
0.047808 0.993506 0.500000
0.056496 0.993506 0.527778
0.053592 0.993506 0.527778
0.050098 0.993506 0.527778
0.048543 0.993506 0.500000
0.055640 0.993506 0.527778
0.062041 0.993506 0.500000
0.051874 0.993506 0.500000
0.052903 0.993506 0.527778
0.057314 0.993506 0.527778
0.049595 0.993506 0.527778
0.057553 0.993506 0.416667
0.064226 0.993506 0.472222
0.057668 0.993506 0.500000
0.057565 0.993506 0.472222
0.079967 0.993506 0.444444
0.047415 0.993506 0.500000
0.063036 0.993506 0.416667
0.056097 0.993506 0.500000
0.050111 0.993506 0.416667
0.071184 0.993506 0.500000
0.069089 0.993506 0.527778
0.061305 0.993506 0.527778
0.052525 0.993506 0.472222
0.066775 0.993506 0.500000
0.053064 0.993506 0.472222
0.051769 0.993506 0.500000
0.060161 0.993506 0.472222
0.058612 0.993506 0.500000
0.054373 0.993506 0.444444
0.059829 0.993506 0.500000
0.074301 0.993506 0.527778
0.054756 0.993506 0.444444
0.063880 0.993506 0.527778
