6.443259 0.590909 0.555556
3.577343 0.626623 0.583333
3.014133 0.493506 0.444444
2.717079 0.646104 0.527778
1.611549 0.607143 0.583333
1.731859 0.587662 0.555556
1.331587 0.545455 0.388889
1.428725 0.555195 0.500000
1.847172 0.590909 0.583333
1.498618 0.581169 0.416667
1.241067 0.581169 0.500000
0.911815 0.597403 0.583333
1.022106 0.620130 0.583333
1.008480 0.607143 0.472222
0.890730 0.655844 0.611111
0.837028 0.616883 0.555556
0.749612 0.603896 0.611111
0.726241 0.610390 0.472222
0.709541 0.633117 0.527778
0.769083 0.623377 0.555556
0.748945 0.629870 0.611111
0.767406 0.616883 0.638889
0.695848 0.623377 0.583333
0.645273 0.672078 0.416667
0.678950 0.616883 0.388889
0.656051 0.620130 0.388889
0.665024 0.655844 0.583333
0.675543 0.613636 0.583333
0.662392 0.616883 0.583333
0.654562 0.652597 0.472222
0.644781 0.603896 0.611111
0.655198 0.636364 0.583333
0.632955 0.704545 0.527778
0.712264 0.668831 0.500000
0.640826 0.675325 0.722222
0.634135 0.610390 0.611111
0.629061 0.681818 0.611111
0.681444 0.607143 0.444444
0.659525 0.655844 0.611111
0.623737 0.655844 0.500000
0.621087 0.698052 0.666667
0.614372 0.672078 0.611111
0.640871 0.675325 0.583333
0.638723 0.655844 0.583333
0.612370 0.668831 0.611111
0.615025 0.649351 0.638889
0.653998 0.668831 0.500000
0.616143 0.691558 0.638889
0.614297 0.685065 0.416667
0.595437 0.665584 0.638889
0.584713 0.668831 0.444444
0.582592 0.688312 0.666667
0.587087 0.707792 0.500000
0.585122 0.720779 0.527778
0.576366 0.701299 0.638889
0.579013 0.698052 0.472222
0.558452 0.714286 0.472222
0.571151 0.707792 0.527778
0.562210 0.724026 0.527778
0.585233 0.698052 0.444444
0.594447 0.701299 0.527778
0.580826 0.737013 0.527778
0.571592 0.714286 0.611111
0.585265 0.694805 0.611111
0.555451 0.707792 0.500000
0.568499 0.698052 0.444444
0.552234 0.698052 0.527778
0.552914 0.737013 0.500000
0.530455 0.724026 0.472222
0.582765 0.704545 0.500000
0.554056 0.727273 0.527778
0.525716 0.714286 0.500000
0.527198 0.756494 0.527778
0.550558 0.737013 0.583333
0.518302 0.665584 0.611111
0.535677 0.724026 0.472222
0.551599 0.704545 0.583333
0.511203 0.762987 0.416667
0.519766 0.769481 0.611111
0.518238 0.743506 0.472222
0.485619 0.743506 0.555556
0.558974 0.775974 0.500000
0.507572 0.743506 0.638889
0.480123 0.782468 0.638889
0.514946 0.788961 0.611111
0.491714 0.801948 0.416667
0.476766 0.801948 0.444444
0.491387 0.714286 0.444444
0.466991 0.801948 0.527778
0.479474 0.769481 0.388889
0.475269 0.681818 0.444444
0.504902 0.795455 0.416667
0.457305 0.788961 0.611111
0.474539 0.798701 0.472222
0.450797 0.811688 0.472222
0.423504 0.821429 0.500000
0.464664 0.844156 0.611111
0.441337 0.844156 0.583333
0.461327 0.772727 0.527778
0.423256 0.860390 0.555556
0.374306 0.863636 0.555556
0.359458 0.857143 0.583333
0.399635 0.818182 0.500000
0.366826 0.899351 0.583333
0.344873 0.860390 0.611111
0.325960 0.860390 0.527778
0.374739 0.873377 0.583333
0.349670 0.850649 0.527778
0.341421 0.870130 0.555556
0.352760 0.879870 0.555556
0.349700 0.883117 0.638889
0.325247 0.886364 0.527778
0.315433 0.902597 0.583333
0.316710 0.870130 0.611111
0.318476 0.902597 0.638889
0.315576 0.866883 0.555556
0.295779 0.899351 0.555556
0.294701 0.883117 0.611111
0.328892 0.853896 0.611111
0.340617 0.883117 0.638889
0.306838 0.886364 0.583333
0.263501 0.886364 0.583333
0.280156 0.909091 0.583333
0.290028 0.889610 0.583333
0.306612 0.896104 0.583333
0.312879 0.883117 0.611111
0.318965 0.905844 0.638889
0.266033 0.915584 0.611111
0.278033 0.899351 0.611111
0.266045 0.922078 0.527778
0.290311 0.909091 0.527778
0.264670 0.886364 0.555556
0.283144 0.883117 0.583333
0.274072 0.915584 0.527778
0.320288 0.899351 0.583333
0.281859 0.925325 0.555556
0.275727 0.915584 0.555556
0.259691 0.912338 0.555556
0.273148 0.912338 0.611111
0.236013 0.915584 0.527778
0.247551 0.922078 0.583333
0.263011 0.928571 0.583333
0.249762 0.912338 0.527778
0.237167 0.922078 0.583333
0.245646 0.912338 0.500000
0.241398 0.925325 0.583333
0.237114 0.918831 0.527778
0.225519 0.931818 0.555556
0.240883 0.918831 0.555556
0.233095 0.935065 0.527778
0.221549 0.931818 0.500000
0.219493 0.935065 0.500000
0.203788 0.925325 0.500000
0.193856 0.938312 0.500000
0.195093 0.935065 0.555556
0.211141 0.925325 0.472222
0.205773 0.931818 0.527778
0.196070 0.935065 0.472222
0.189129 0.935065 0.583333
0.231748 0.928571 0.555556
0.204941 0.938312 0.500000
0.217053 0.935065 0.527778
0.187490 0.928571 0.555556
0.170454 0.935065 0.527778
0.193702 0.941558 0.527778
0.204667 0.928571 0.611111
0.210950 0.931818 0.500000
0.195496 0.928571 0.472222
0.184014 0.948052 0.527778
0.203301 0.941558 0.500000
0.216274 0.931818 0.555556
0.175132 0.951299 0.500000
0.172959 0.941558 0.611111
0.165973 0.954545 0.500000
0.165439 0.938312 0.527778
0.164448 0.954545 0.444444
0.154060 0.957792 0.500000
0.147822 0.951299 0.472222
0.194859 0.948052 0.527778
0.164283 0.961039 0.527778
0.171253 0.944805 0.527778
0.175689 0.957792 0.500000
0.154560 0.961039 0.500000
0.154478 0.957792 0.527778
0.156025 0.957792 0.527778
0.144058 0.964286 0.527778
0.177617 0.961039 0.583333
0.171307 0.961039 0.555556
0.159665 0.967532 0.527778
0.148342 0.957792 0.555556
0.145251 0.964286 0.527778
0.124251 0.964286 0.500000
0.127484 0.967532 0.500000
0.150653 0.961039 0.500000
0.148931 0.967532 0.500000
0.128785 0.964286 0.500000
0.162452 0.964286 0.555556
0.137252 0.964286 0.527778
0.124040 0.967532 0.555556
0.149615 0.970779 0.555556
0.114495 0.967532 0.527778
0.146241 0.974026 0.472222
0.128256 0.974026 0.472222
0.137656 0.974026 0.500000
0.112478 0.974026 0.500000
0.118110 0.977273 0.555556
0.107382 0.967532 0.555556
0.131937 0.974026 0.527778
0.105516 0.974026 0.527778
0.121592 0.977273 0.500000
0.105301 0.977273 0.527778
0.116269 0.974026 0.500000
0.118930 0.980519 0.472222
0.105991 0.977273 0.500000
0.101192 0.980519 0.472222
0.084215 0.970779 0.472222
0.097682 0.983766 0.500000
0.114012 0.977273 0.527778
0.125101 0.977273 0.527778
0.105228 0.974026 0.527778
0.101672 0.974026 0.527778
0.097860 0.980519 0.500000
0.089712 0.983766 0.500000
0.097336 0.980519 0.444444
0.092150 0.987013 0.500000
0.088655 0.990260 0.500000
0.080895 0.987013 0.500000
0.096886 0.987013 0.472222
0.085146 0.983766 0.527778
0.084670 0.983766 0.500000
0.086722 0.987013 0.527778
0.103749 0.987013 0.555556
0.081542 0.983766 0.527778
0.101591 0.977273 0.555556
0.098084 0.987013 0.500000
0.078933 0.987013 0.500000
0.095781 0.987013 0.527778
0.087602 0.987013 0.527778
0.088937 0.987013 0.583333
0.072710 0.990260 0.527778
0.080036 0.990260 0.583333
0.077102 0.990260 0.555556
0.090299 0.987013 0.527778
0.083969 0.990260 0.555556
0.071667 0.987013 0.555556
0.103390 0.990260 0.500000
0.098949 0.983766 0.500000
0.090692 0.990260 0.555556
0.080084 0.983766 0.500000
0.085957 0.987013 0.527778
0.085239 0.990260 0.500000
0.072184 0.990260 0.472222
0.063251 0.990260 0.500000
0.070371 0.990260 0.527778
0.074040 0.990260 0.472222
0.064349 0.990260 0.527778
0.079999 0.987013 0.500000
0.061220 0.990260 0.500000
0.082118 0.990260 0.500000
0.070036 0.990260 0.527778
0.070029 0.987013 0.527778
0.074193 0.990260 0.527778
0.083010 0.990260 0.472222
0.057608 0.990260 0.472222
0.071634 0.990260 0.527778
0.063298 0.990260 0.472222
0.060747 0.990260 0.527778
0.067503 0.990260 0.500000
0.066751 0.990260 0.472222
0.055380 0.990260 0.500000
0.062433 0.990260 0.527778
0.053411 0.990260 0.527778
0.063503 0.990260 0.500000
0.048072 0.990260 0.472222
0.061829 0.990260 0.472222
0.056890 0.993506 0.472222
0.060150 0.990260 0.472222
0.064840 0.990260 0.555556
0.063240 0.990260 0.500000
0.073983 0.990260 0.500000
0.058175 0.990260 0.527778
0.085807 0.993506 0.555556
0.063951 0.993506 0.472222
0.063607 0.993506 0.500000
0.066504 0.993506 0.500000
0.071092 0.993506 0.527778
0.061804 0.993506 0.500000
0.055735 0.993506 0.527778
0.065653 0.990260 0.527778
0.053771 0.993506 0.527778
0.052035 0.993506 0.555556
0.056599 0.993506 0.500000
0.069479 0.993506 0.500000
0.048913 0.993506 0.527778
0.047049 0.990260 0.500000
0.056305 0.990260 0.527778
0.067687 0.993506 0.555556
0.061995 0.993506 0.555556
0.052118 0.993506 0.555556
0.045497 0.993506 0.555556
0.060880 0.993506 0.527778
0.058403 0.993506 0.500000
0.063355 0.993506 0.527778
0.053523 0.993506 0.500000
0.052569 0.993506 0.527778
0.054992 0.993506 0.500000
0.050966 0.993506 0.500000
0.062138 0.993506 0.500000
0.054733 0.993506 0.527778
0.044313 0.993506 0.500000
0.048171 0.993506 0.500000
0.048500 0.993506 0.527778
0.053208 0.993506 0.500000
0.046797 0.993506 0.500000
0.042404 0.993506 0.500000
0.048386 0.993506 0.527778
0.042358 0.993506 0.500000
0.047855 0.993506 0.527778
0.048591 0.993506 0.527778
0.042186 0.993506 0.527778
0.034204 0.993506 0.527778
0.050730 0.993506 0.527778
0.046524 0.993506 0.500000
0.039665 0.993506 0.472222
0.041384 0.993506 0.527778
0.044848 0.993506 0.500000
0.045072 0.993506 0.527778
0.053496 0.993506 0.500000
0.051322 0.993506 0.500000
0.048694 0.993506 0.527778
0.054560 0.993506 0.527778
0.055665 0.993506 0.527778
0.046503 0.993506 0.472222
0.063841 0.993506 0.527778
0.044574 0.993506 0.555556
0.037668 0.993506 0.527778
0.054200 0.993506 0.527778
0.045814 0.993506 0.500000
0.065226 0.993506 0.527778
0.042761 0.993506 0.527778
0.079331 0.993506 0.500000
0.043291 0.993506 0.500000
0.043729 0.993506 0.500000
0.047063 0.993506 0.527778
0.055914 0.993506 0.500000
0.045000 0.993506 0.500000
0.039724 0.993506 0.500000
0.062673 0.993506 0.527778
0.044929 0.993506 0.527778
0.057949 0.993506 0.500000
