4.502404 0.587662 0.638889
2.227667 0.633117 0.638889
1.754341 0.506494 0.416667
1.744377 0.529221 0.444444
1.516516 0.590909 0.500000
1.723213 0.620130 0.555556
1.375000 0.626623 0.500000
0.945609 0.633117 0.527778
1.122704 0.600649 0.472222
0.983831 0.561688 0.416667
1.119279 0.613636 0.555556
0.916188 0.668831 0.527778
0.886672 0.685065 0.611111
0.763576 0.610390 0.388889
0.726055 0.626623 0.638889
0.828333 0.681818 0.583333
0.789915 0.642857 0.416667
0.684873 0.636364 0.611111
0.681664 0.607143 0.416667
0.753162 0.577922 0.361111
0.706516 0.639610 0.500000
0.674553 0.616883 0.611111
0.700502 0.626623 0.611111
0.630842 0.636364 0.611111
0.649877 0.672078 0.416667
0.628232 0.665584 0.388889
0.616712 0.681818 0.527778
0.663222 0.698052 0.583333
0.625498 0.672078 0.583333
0.618838 0.659091 0.666667
0.617099 0.685065 0.611111
0.611176 0.652597 0.500000
0.609467 0.717532 0.500000
0.610059 0.701299 0.472222
0.644153 0.688312 0.444444
0.593195 0.688312 0.583333
0.603351 0.685065 0.500000
0.628777 0.668831 0.416667
0.634234 0.629870 0.611111
0.586587 0.659091 0.527778
0.599359 0.730519 0.527778
0.606925 0.743506 0.527778
0.618539 0.678571 0.555556
0.640811 0.740260 0.472222
0.609838 0.704545 0.500000
0.593400 0.623377 0.444444
0.654327 0.626623 0.444444
0.581287 0.701299 0.527778
0.600289 0.724026 0.527778
0.556888 0.766234 0.472222
0.544601 0.704545 0.555556
0.532606 0.756494 0.527778
0.531170 0.746753 0.555556
0.534216 0.762987 0.611111
0.522424 0.675325 0.555556
0.529404 0.639610 0.416667
0.545039 0.727273 0.555556
0.529995 0.750000 0.527778
0.505060 0.740260 0.583333
0.537583 0.795455 0.583333
0.533402 0.756494 0.500000
0.533629 0.750000 0.527778
0.535058 0.782468 0.583333
0.502262 0.633117 0.500000
0.531003 0.655844 0.583333
0.507704 0.766234 0.555556
0.516184 0.750000 0.611111
0.521451 0.753247 0.555556
0.496264 0.750000 0.472222
0.548233 0.720779 0.583333
0.528371 0.782468 0.611111
0.523262 0.762987 0.611111
0.513997 0.759740 0.527778
0.510228 0.743506 0.527778
0.514376 0.756494 0.694444
0.508706 0.772727 0.500000
0.529637 0.733766 0.555556
0.490137 0.756494 0.638889
0.531194 0.750000 0.611111
0.502569 0.753247 0.638889
0.481356 0.740260 0.638889
0.526466 0.720779 0.583333
0.496405 0.769481 0.666667
0.506897 0.750000 0.583333
0.500599 0.769481 0.666667
0.501324 0.672078 0.500000
0.528302 0.704545 0.583333
0.489948 0.733766 0.527778
0.484641 0.691558 0.666667
0.509434 0.740260 0.611111
0.555724 0.769481 0.527778
0.523185 0.785714 0.583333
0.484134 0.792208 0.638889
0.483967 0.724026 0.666667
0.487778 0.779221 0.611111
0.470679 0.756494 0.638889
0.490057 0.775974 0.666667
0.480340 0.772727 0.555556
0.500356 0.792208 0.694444
0.465262 0.805195 0.722222
0.444691 0.814935 0.722222
0.456315 0.808442 0.694444
0.442079 0.779221 0.638889
0.446536 0.792208 0.638889
0.467100 0.792208 0.694444
0.419446 0.798701 0.666667
0.447001 0.788961 0.638889
0.411113 0.795455 0.638889
0.406246 0.772727 0.638889
0.438269 0.801948 0.750000
0.437240 0.824675 0.722222
0.398605 0.837662 0.611111
0.421270 0.805195 0.500000
0.439927 0.818182 0.611111
0.431345 0.811688 0.694444
0.432659 0.824675 0.722222
0.416212 0.837662 0.694444
0.431204 0.779221 0.611111
0.444075 0.811688 0.611111
0.410127 0.827922 0.638889
0.402565 0.821429 0.638889
0.397548 0.824675 0.666667
0.389668 0.805195 0.694444
0.426383 0.821429 0.611111
0.415371 0.840909 0.666667
0.401782 0.834416 0.666667
0.414649 0.840909 0.694444
0.419051 0.824675 0.638889
0.443700 0.834416 0.611111
0.383223 0.831169 0.638889
0.415303 0.818182 0.611111
0.416616 0.814935 0.611111
0.416338 0.834416 0.694444
0.399497 0.844156 0.583333
0.424374 0.837662 0.611111
0.399633 0.840909 0.583333
0.396239 0.837662 0.611111
0.419511 0.801948 0.555556
0.400133 0.860390 0.583333
0.378525 0.863636 0.583333
0.380596 0.814935 0.694444
0.432088 0.844156 0.638889
0.410158 0.840909 0.611111
0.364081 0.844156 0.666667
0.376263 0.831169 0.638889
0.364084 0.801948 0.555556
0.399283 0.850649 0.527778
0.380675 0.837662 0.583333
0.387482 0.863636 0.583333
0.373970 0.857143 0.583333
0.362199 0.853896 0.638889
0.360623 0.857143 0.666667
0.349027 0.870130 0.555556
0.348791 0.886364 0.555556
0.349036 0.876623 0.555556
0.361949 0.886364 0.555556
0.337667 0.873377 0.611111
0.369995 0.870130 0.583333
0.349696 0.873377 0.555556
0.345397 0.876623 0.555556
0.350967 0.883117 0.583333
0.339740 0.866883 0.638889
0.334323 0.857143 0.555556
0.313110 0.886364 0.583333
0.373641 0.866883 0.583333
0.341678 0.863636 0.555556
0.325632 0.886364 0.527778
0.334820 0.883117 0.583333
0.332341 0.879870 0.583333
0.347822 0.879870 0.555556
0.327135 0.896104 0.555556
0.330822 0.873377 0.694444
0.334771 0.873377 0.527778
0.328228 0.886364 0.611111
0.343204 0.896104 0.611111
0.332683 0.892857 0.583333
0.327824 0.870130 0.583333
0.314408 0.902597 0.555556
0.334346 0.892857 0.500000
0.329774 0.876623 0.555556
0.323417 0.886364 0.555556
0.337383 0.889610 0.555556
0.314457 0.892857 0.555556
0.335383 0.857143 0.583333
0.321811 0.896104 0.583333
0.339295 0.883117 0.500000
0.329139 0.876623 0.555556
0.338140 0.896104 0.555556
0.331554 0.915584 0.555556
0.312583 0.892857 0.527778
0.312579 0.889610 0.583333
0.338420 0.873377 0.555556
0.303899 0.905844 0.611111
0.327067 0.896104 0.555556
0.310154 0.918831 0.583333
0.311755 0.902597 0.583333
0.307268 0.860390 0.611111
0.304629 0.909091 0.555556
0.323292 0.883117 0.527778
0.309552 0.918831 0.555556
0.293288 0.899351 0.611111
0.300407 0.902597 0.555556
0.306536 0.918831 0.583333
0.290186 0.918831 0.555556
0.279058 0.912338 0.555556
0.285308 0.918831 0.555556
0.272615 0.905844 0.583333
0.291838 0.922078 0.583333
0.282953 0.915584 0.583333
0.285116 0.925325 0.555556
0.269282 0.928571 0.583333
0.291671 0.912338 0.555556
0.289753 0.922078 0.611111
0.285007 0.915584 0.583333
0.273025 0.922078 0.527778
0.287228 0.928571 0.555556
0.291601 0.915584 0.555556
0.302994 0.922078 0.555556
0.300979 0.915584 0.555556
0.299027 0.918831 0.583333
0.287314 0.925325 0.555556
0.286556 0.902597 0.611111
0.272525 0.912338 0.555556
0.285891 0.918831 0.555556
0.288477 0.922078 0.555556
0.286798 0.915584 0.583333
0.269066 0.928571 0.611111
0.300003 0.922078 0.555556
0.271823 0.912338 0.527778
0.281411 0.909091 0.583333
0.262084 0.918831 0.500000
0.299159 0.928571 0.555556
0.283898 0.918831 0.555556
0.275210 0.922078 0.527778
0.263803 0.922078 0.555556
0.276342 0.922078 0.527778
0.289097 0.922078 0.555556
0.267280 0.915584 0.583333
0.305013 0.922078 0.611111
0.258593 0.902597 0.583333
0.259377 0.915584 0.555556
0.277214 0.922078 0.555556
0.266714 0.925325 0.555556
0.286196 0.935065 0.611111
0.269361 0.922078 0.583333
0.277022 0.925325 0.583333
0.287737 0.931818 0.527778
0.288984 0.928571 0.583333
0.268626 0.922078 0.638889
0.280538 0.918831 0.555556
0.272816 0.941558 0.583333
0.263164 0.925325 0.555556
0.271101 0.918831 0.527778
0.269858 0.925325 0.583333
0.287471 0.928571 0.555556
0.251151 0.925325 0.555556
0.282229 0.925325 0.555556
0.251141 0.931818 0.527778
0.295974 0.931818 0.527778
0.268531 0.925325 0.527778
0.276209 0.935065 0.527778
0.281775 0.935065 0.555556
0.263239 0.935065 0.527778
0.250164 0.931818 0.527778
0.276788 0.944805 0.527778
0.256042 0.925325 0.555556
0.249719 0.922078 0.555556
0.296192 0.925325 0.555556
0.285481 0.922078 0.583333
0.280789 0.928571 0.583333
0.252651 0.931818 0.583333
0.256759 0.928571 0.555556
0.256510 0.938312 0.583333
0.260751 0.928571 0.583333
0.270684 0.925325 0.583333
0.234710 0.931818 0.611111
0.272601 0.931818 0.555556
0.245646 0.918831 0.555556
0.272940 0.931818 0.611111
0.250880 0.931818 0.555556
0.264896 0.915584 0.527778
0.271107 0.915584 0.583333
0.270904 0.928571 0.611111
0.249669 0.922078 0.583333
0.261873 0.925325 0.583333
0.267833 0.938312 0.583333
0.243764 0.925325 0.583333
0.259447 0.928571 0.583333
0.279408 0.925325 0.555556
0.245077 0.928571 0.583333
0.218410 0.935065 0.555556
0.242010 0.935065 0.555556
0.244066 0.931818 0.583333
0.249647 0.925325 0.583333
0.245973 0.938312 0.555556
0.266918 0.931818 0.583333
0.289841 0.925325 0.555556
0.259508 0.928571 0.638889
0.266987 0.938312 0.527778
0.239540 0.941558 0.583333
0.254771 0.944805 0.555556
0.240504 0.938312 0.555556
0.263579 0.944805 0.527778
0.268529 0.941558 0.555556
0.254311 0.938312 0.555556
0.267392 0.931818 0.583333
0.253476 0.948052 0.555556
0.259508 0.941558 0.555556
0.268046 0.931818 0.583333
0.269316 0.941558 0.583333
0.247772 0.938312 0.527778
0.263031 0.935065 0.583333
0.243101 0.941558 0.583333
0.239405 0.941558 0.555556
0.251700 0.941558 0.583333
0.263162 0.938312 0.555556
0.242176 0.944805 0.583333
0.248059 0.938312 0.555556
0.244861 0.928571 0.555556
0.242666 0.941558 0.555556
0.218179 0.935065 0.555556
0.241521 0.948052 0.555556
0.231858 0.941558 0.583333
0.243668 0.922078 0.583333
0.245741 0.944805 0.555556
0.240168 0.941558 0.583333
0.253669 0.951299 0.583333
0.240368 0.938312 0.583333
0.256844 0.935065 0.583333
0.260418 0.941558 0.583333
0.246994 0.935065 0.555556
0.263195 0.938312 0.555556
0.236776 0.935065 0.583333
0.266007 0.938312 0.583333
0.246382 0.941558 0.555556
0.237472 0.948052 0.583333
0.256604 0.944805 0.555556
0.272765 0.941558 0.583333
0.249749 0.938312 0.611111
0.258851 0.944805 0.555556
0.257311 0.948052 0.555556
0.238628 0.954545 0.555556
0.240115 0.941558 0.583333
0.236468 0.941558 0.611111
0.260278 0.941558 0.555556
0.237764 0.938312 0.583333
0.252344 0.948052 0.583333
0.249305 0.941558 0.583333
0.261301 0.941558 0.583333
0.257872 0.938312 0.555556
3.795845 0.607143 0.611111
1.925569 0.636364 0.388889
1.694608 0.558442 0.388889
1.453276 0.587662 0.555556
1.363265 0.668831 0.500000
1.273147 0.610390 0.583333
1.126369 0.603896 0.583333
0.865171 0.607143 0.444444
0.810884 0.558442 0.416667
1.105273 0.665584 0.527778
1.276713 0.623377 0.638889
0.837571 0.668831 0.500000
0.829847 0.665584 0.472222
0.840160 0.649351 0.500000
0.698326 0.714286 0.500000
0.742263 0.733766 0.555556
0.715269 0.685065 0.416667
0.813093 0.600649 0.583333
0.752231 0.698052 0.472222
0.775348 0.665584 0.527778
0.730195 0.516234 0.444444
0.708500 0.636364 0.611111
0.694243 0.607143 0.500000
0.702393 0.646104 0.500000
0.696470 0.662338 0.472222
0.634208 0.733766 0.472222
0.643706 0.733766 0.527778
0.653346 0.629870 0.583333
0.633783 0.665584 0.583333
0.628128 0.675325 0.555556
0.603991 0.652597 0.611111
0.617563 0.668831 0.527778
0.629534 0.737013 0.555556
0.596231 0.685065 0.527778
0.659168 0.727273 0.388889
0.611286 0.779221 0.527778
0.607797 0.707792 0.611111
0.629373 0.746753 0.472222
0.655691 0.629870 0.500000
0.587312 0.717532 0.555556
0.578740 0.704545 0.527778
0.568172 0.730519 0.611111
0.684019 0.675325 0.611111
0.567022 0.701299 0.472222
0.641418 0.730519 0.444444
0.596462 0.753247 0.500000
0.613112 0.587662 0.416667
0.607305 0.665584 0.638889
0.600077 0.610390 0.444444
0.566363 0.759740 0.500000
0.552603 0.805195 0.555556
0.533553 0.779221 0.527778
0.532813 0.762987 0.583333
0.534197 0.743506 0.555556
0.511530 0.704545 0.527778
0.530993 0.707792 0.472222
0.531865 0.737013 0.555556
0.533615 0.792208 0.527778
0.507274 0.727273 0.500000
0.533764 0.775974 0.583333
0.512858 0.750000 0.611111
0.524135 0.792208 0.638889
0.523061 0.772727 0.555556
0.499067 0.775974 0.555556
0.514998 0.766234 0.555556
0.495524 0.730519 0.527778
0.499851 0.769481 0.500000
0.517319 0.756494 0.527778
0.505223 0.775974 0.555556
0.526732 0.779221 0.500000
0.513502 0.775974 0.555556
0.494530 0.720779 0.500000
0.555201 0.798701 0.583333
0.496317 0.798701 0.472222
0.492855 0.775974 0.555556
0.522432 0.782468 0.555556
0.523907 0.798701 0.583333
0.490514 0.795455 0.555556
0.527211 0.714286 0.583333
0.522877 0.756494 0.583333
0.494578 0.814935 0.555556
0.521906 0.766234 0.555556
0.475860 0.798701 0.527778
0.513081 0.775974 0.527778
0.503280 0.750000 0.555556
0.532796 0.772727 0.527778
0.498339 0.746753 0.416667
0.484574 0.746753 0.527778
0.488742 0.805195 0.611111
0.493039 0.756494 0.583333
0.530522 0.785714 0.527778
0.514624 0.746753 0.527778
0.517816 0.782468 0.527778
0.500189 0.762987 0.500000
0.481073 0.805195 0.638889
0.456632 0.788961 0.527778
0.514551 0.756494 0.611111
0.528597 0.798701 0.555556
0.518884 0.720779 0.472222
0.466318 0.818182 0.472222
0.441281 0.821429 0.527778
0.453476 0.834416 0.611111
0.447544 0.785714 0.472222
0.450852 0.788961 0.500000
0.435534 0.821429 0.638889
0.417304 0.811688 0.527778
0.447983 0.850649 0.472222
0.401862 0.840909 0.555556
0.420896 0.824675 0.555556
0.406379 0.827922 0.500000
0.431194 0.827922 0.555556
0.406449 0.814935 0.583333
0.415492 0.870130 0.527778
0.424098 0.808442 0.527778
0.406772 0.850649 0.555556
0.449926 0.821429 0.583333
0.407415 0.837662 0.611111
0.438710 0.772727 0.500000
0.447991 0.853896 0.611111
0.461239 0.850649 0.638889
0.425231 0.844156 0.583333
0.401801 0.814935 0.555556
0.412675 0.837662 0.555556
0.440745 0.857143 0.555556
0.407811 0.824675 0.583333
0.429258 0.805195 0.555556
0.410073 0.805195 0.555556
0.407161 0.775974 0.472222
0.435402 0.837662 0.638889
0.428723 0.831169 0.611111
0.408345 0.831169 0.583333
0.411964 0.840909 0.611111
0.441365 0.772727 0.583333
0.431161 0.847403 0.611111
0.434215 0.850649 0.583333
0.398206 0.844156 0.555556
0.419825 0.853896 0.555556
0.436585 0.762987 0.527778
0.403417 0.873377 0.611111
0.395514 0.762987 0.472222
0.433053 0.844156 0.638889
0.430116 0.853896 0.583333
0.416010 0.886364 0.555556
0.397679 0.844156 0.638889
0.420651 0.821429 0.583333
0.363253 0.860390 0.638889
0.390781 0.850649 0.583333
0.400658 0.866883 0.611111
0.400762 0.866883 0.527778
0.384277 0.892857 0.583333
0.394839 0.873377 0.583333
0.367264 0.847403 0.611111
0.362696 0.792208 0.500000
0.379442 0.883117 0.666667
0.374039 0.870130 0.583333
0.360784 0.876623 0.611111
0.372317 0.870130 0.555556
0.379786 0.889610 0.611111
0.368366 0.886364 0.611111
0.391532 0.873377 0.555556
0.376870 0.860390 0.583333
0.385446 0.866883 0.583333
0.385906 0.814935 0.500000
0.351361 0.873377 0.611111
0.374542 0.889610 0.611111
0.367085 0.886364 0.583333
0.336921 0.889610 0.527778
0.341388 0.866883 0.555556
0.362964 0.886364 0.527778
0.377416 0.853896 0.583333
0.367767 0.892857 0.611111
0.367396 0.866883 0.555556
0.378505 0.886364 0.555556
0.351411 0.896104 0.583333
0.359253 0.886364 0.555556
0.342317 0.909091 0.611111
0.346900 0.876623 0.611111
0.331479 0.870130 0.583333
0.344264 0.837662 0.555556
0.345766 0.899351 0.611111
0.365159 0.896104 0.611111
0.365925 0.883117 0.611111
0.348164 0.866883 0.611111
0.350864 0.870130 0.611111
0.356421 0.866883 0.583333
0.359218 0.889610 0.666667
0.344157 0.892857 0.611111
0.366400 0.902597 0.611111
0.385658 0.850649 0.527778
0.350327 0.863636 0.583333
0.343630 0.866883 0.583333
0.341264 0.818182 0.527778
0.343155 0.879870 0.638889
0.342989 0.883117 0.611111
0.344535 0.883117 0.666667
0.355508 0.902597 0.611111
0.341477 0.853896 0.611111
0.333401 0.905844 0.611111
0.355414 0.886364 0.638889
0.356005 0.902597 0.638889
0.343564 0.905844 0.611111
0.324517 0.879870 0.611111
0.318280 0.909091 0.611111
0.327306 0.896104 0.638889
0.302455 0.915584 0.666667
0.336628 0.918831 0.666667
0.303616 0.915584 0.638889
0.322221 0.902597 0.638889
0.318594 0.909091 0.611111
0.325932 0.899351 0.666667
0.322059 0.912338 0.611111
0.334049 0.915584 0.638889
0.356391 0.896104 0.638889
0.348234 0.899351 0.638889
0.322045 0.922078 0.638889
0.312287 0.912338 0.611111
0.352698 0.928571 0.638889
0.336793 0.899351 0.666667
0.342887 0.915584 0.611111
0.339948 0.912338 0.555556
0.338457 0.909091 0.611111
0.317985 0.896104 0.638889
0.320811 0.899351 0.666667
0.326786 0.899351 0.638889
0.324786 0.909091 0.638889
0.312335 0.915584 0.638889
0.316916 0.912338 0.638889
0.325069 0.915584 0.638889
0.298479 0.918831 0.611111
0.313312 0.912338 0.638889
0.311669 0.905844 0.611111
0.339274 0.922078 0.638889
0.326048 0.899351 0.638889
0.330933 0.905844 0.611111
0.317231 0.928571 0.611111
0.328153 0.912338 0.611111
0.342517 0.889610 0.611111
0.318701 0.902597 0.638889
0.312291 0.922078 0.583333
0.298786 0.922078 0.638889
0.297555 0.925325 0.583333
0.321277 0.909091 0.611111
0.313194 0.918831 0.583333
0.315963 0.925325 0.611111
0.302788 0.925325 0.555556
0.325658 0.922078 0.611111
0.332468 0.902597 0.611111
0.320857 0.912338 0.611111
0.332282 0.915584 0.638889
0.306821 0.899351 0.638889
0.304959 0.918831 0.638889
0.306973 0.912338 0.611111
0.317954 0.909091 0.638889
0.314680 0.922078 0.611111
0.319042 0.918831 0.555556
0.295301 0.912338 0.611111
0.328656 0.918831 0.611111
0.318884 0.918831 0.611111
0.340408 0.925325 0.638889
0.307175 0.922078 0.638889
0.308257 0.925325 0.611111
0.309185 0.938312 0.638889
0.311595 0.925325 0.638889
0.284833 0.925325 0.638889
0.298163 0.925325 0.611111
0.299354 0.912338 0.611111
0.294804 0.935065 0.611111
0.333463 0.931818 0.638889
0.313461 0.928571 0.638889
0.314646 0.925325 0.638889
0.301663 0.931818 0.638889
0.268097 0.928571 0.638889
0.305006 0.922078 0.611111
0.326909 0.918831 0.638889
0.304393 0.918831 0.583333
0.285512 0.922078 0.583333
0.324789 0.925325 0.666667
0.312598 0.922078 0.638889
0.296316 0.918831 0.611111
0.289750 0.928571 0.583333
0.319367 0.922078 0.638889
0.317178 0.931818 0.611111
0.307542 0.928571 0.611111
0.304974 0.928571 0.638889
0.314897 0.928571 0.638889
0.313673 0.938312 0.638889
0.294088 0.931818 0.666667
0.287847 0.918831 0.583333
0.307257 0.925325 0.666667
0.293594 0.941558 0.611111
0.287704 0.918831 0.611111
0.288189 0.928571 0.611111
0.297216 0.928571 0.638889
0.269908 0.922078 0.666667
0.270983 0.915584 0.638889
0.295063 0.931818 0.611111
0.320097 0.928571 0.638889
0.290709 0.928571 0.611111
0.321148 0.925325 0.638889
0.290473 0.938312 0.638889
0.290938 0.931818 0.638889
0.286016 0.928571 0.638889
0.287607 0.931818 0.611111
0.302955 0.928571 0.611111
0.289220 0.931818 0.638889
0.309491 0.925325 0.638889
0.309457 0.931818 0.611111
0.301244 0.935065 0.611111
0.289286 0.928571 0.611111
0.294379 0.935065 0.611111
0.305771 0.935065 0.611111
0.299034 0.928571 0.638889
0.275306 0.925325 0.638889
0.286040 0.928571 0.611111
0.297420 0.931818 0.611111
0.290281 0.938312 0.611111
0.287207 0.928571 0.638889
0.291013 0.928571 0.638889
0.301729 0.925325 0.638889
0.275189 0.935065 0.611111
0.277115 0.925325 0.611111
0.307997 0.925325 0.638889
0.295625 0.922078 0.638889
0.275464 0.922078 0.638889
0.302882 0.931818 0.611111
0.304854 0.935065 0.611111
0.297459 0.925325 0.611111
0.295306 0.931818 0.611111
0.295492 0.925325 0.666667
0.307512 0.925325 0.638889
0.300394 0.925325 0.611111
0.300471 0.928571 0.611111
0.292819 0.935065 0.638889
0.325471 0.925325 0.611111
0.275164 0.935065 0.638889
0.295775 0.931818 0.611111
0.293682 0.938312 0.583333
0.338218 0.931818 0.611111
0.302168 0.935065 0.638889
0.284470 0.928571 0.638889
0.303532 0.925325 0.611111
0.273819 0.925325 0.638889
0.285679 0.918831 0.611111
0.279087 0.935065 0.611111
0.312736 0.928571 0.638889
0.282695 0.931818 0.638889
0.299791 0.925325 0.638889
0.326927 0.925325 0.638889
0.303593 0.935065 0.611111
0.333937 0.925325 0.638889
