6.931555 0.584416 0.611111
4.399986 0.509740 0.388889
3.386947 0.480519 0.388889
3.992462 0.597403 0.638889
2.168293 0.620130 0.611111
1.988095 0.483766 0.388889
1.518315 0.535714 0.416667
1.457223 0.626623 0.583333
1.255095 0.642857 0.500000
1.101470 0.639610 0.500000
0.983361 0.600649 0.527778
0.875230 0.681818 0.388889
0.872367 0.636364 0.638889
0.753535 0.577922 0.416667
0.814832 0.603896 0.555556
0.870062 0.633117 0.388889
0.684130 0.646104 0.500000
0.771250 0.633117 0.472222
0.695818 0.616883 0.500000
0.765819 0.594156 0.361111
0.706121 0.590909 0.500000
0.742650 0.629870 0.583333
0.701037 0.649351 0.555556
0.653341 0.652597 0.333333
0.732087 0.584416 0.472222
0.700036 0.672078 0.361111
0.702394 0.633117 0.500000
0.705414 0.639610 0.583333
0.664357 0.616883 0.611111
0.654440 0.633117 0.527778
0.635932 0.620130 0.611111
0.641488 0.646104 0.611111
0.620537 0.694805 0.555556
0.656017 0.685065 0.527778
0.651652 0.613636 0.500000
0.635637 0.623377 0.583333
0.627210 0.629870 0.500000
0.659431 0.642857 0.555556
0.642141 0.626623 0.555556
0.622695 0.626623 0.444444
0.609088 0.681818 0.527778
0.634093 0.629870 0.500000
0.639249 0.633117 0.555556
0.619429 0.665584 0.555556
0.634464 0.688312 0.472222
0.620923 0.594156 0.444444
0.666426 0.597403 0.361111
0.636291 0.655844 0.555556
0.656554 0.652597 0.444444
0.602459 0.659091 0.527778
0.589094 0.678571 0.527778
0.601116 0.668831 0.527778
0.604951 0.685065 0.527778
0.594270 0.665584 0.583333
0.599550 0.678571 0.555556
0.615944 0.688312 0.500000
0.580241 0.694805 0.527778
0.588066 0.688312 0.527778
0.587532 0.668831 0.555556
0.596838 0.688312 0.527778
0.605996 0.701299 0.416667
0.614582 0.685065 0.555556
0.595562 0.675325 0.611111
0.606507 0.620130 0.555556
0.591140 0.704545 0.472222
0.588009 0.603896 0.444444
0.583821 0.681818 0.527778
0.571461 0.694805 0.611111
0.573408 0.701299 0.583333
0.591460 0.662338 0.555556
0.584730 0.688312 0.527778
0.578968 0.694805 0.500000
0.571402 0.717532 0.416667
0.582446 0.720779 0.638889
0.578621 0.665584 0.583333
0.566236 0.704545 0.583333
0.592111 0.672078 0.583333
0.557870 0.678571 0.416667
0.592625 0.685065 0.555556
0.578690 0.691558 0.527778
0.565760 0.717532 0.555556
0.565807 0.733766 0.527778
0.541724 0.698052 0.583333
0.548795 0.649351 0.555556
0.585332 0.711039 0.611111
0.586209 0.707792 0.361111
0.563239 0.636364 0.444444
0.574166 0.717532 0.555556
0.573531 0.750000 0.527778
0.593536 0.652597 0.472222
0.607490 0.668831 0.388889
0.571378 0.701299 0.527778
0.564018 0.720779 0.555556
0.567466 0.649351 0.416667
0.544815 0.733766 0.555556
0.521245 0.701299 0.583333
0.576758 0.727273 0.527778
0.538947 0.750000 0.527778
0.554840 0.727273 0.611111
0.532559 0.759740 0.527778
0.512938 0.753247 0.555556
0.521314 0.756494 0.527778
0.525160 0.753247 0.555556
0.539357 0.753247 0.555556
0.508175 0.746753 0.555556
0.506745 0.733766 0.611111
0.521933 0.750000 0.500000
0.512428 0.759740 0.527778
0.502986 0.756494 0.555556
0.537119 0.750000 0.500000
0.514859 0.717532 0.611111
0.498494 0.759740 0.527778
0.502904 0.766234 0.500000
0.497487 0.746753 0.555556
0.489564 0.762987 0.500000
0.513013 0.750000 0.527778
0.477695 0.788961 0.555556
0.500893 0.766234 0.555556
0.498907 0.746753 0.638889
0.507701 0.750000 0.611111
0.494382 0.750000 0.666667
0.464720 0.756494 0.638889
0.473863 0.740260 0.555556
0.518832 0.753247 0.583333
0.501805 0.785714 0.555556
0.503315 0.772727 0.527778
0.524640 0.782468 0.555556
0.480788 0.769481 0.611111
0.500191 0.775974 0.583333
0.494303 0.779221 0.555556
0.485702 0.785714 0.638889
0.480134 0.769481 0.611111
0.500052 0.717532 0.472222
0.494275 0.788961 0.500000
0.504873 0.772727 0.444444
0.492809 0.759740 0.583333
0.491429 0.762987 0.527778
0.484854 0.769481 0.583333
0.476131 0.769481 0.583333
0.492203 0.798701 0.611111
0.507504 0.730519 0.638889
0.505306 0.766234 0.583333
0.492607 0.782468 0.555556
0.483738 0.769481 0.583333
0.488621 0.756494 0.527778
0.456531 0.785714 0.527778
0.479008 0.782468 0.444444
0.478819 0.792208 0.472222
0.454458 0.772727 0.500000
0.474721 0.775974 0.555556
0.449224 0.805195 0.583333
0.476042 0.785714 0.527778
0.446848 0.779221 0.555556
0.446227 0.795455 0.555556
0.457663 0.775974 0.527778
0.453535 0.775974 0.527778
0.448714 0.795455 0.583333
0.455795 0.795455 0.527778
0.465687 0.788961 0.527778
0.462918 0.785714 0.527778
0.457605 0.772727 0.611111
0.455069 0.795455 0.527778
0.446173 0.766234 0.583333
0.425813 0.795455 0.583333
0.439794 0.798701 0.555556
0.451765 0.798701 0.611111
0.421539 0.801948 0.527778
0.425759 0.821429 0.583333
0.426726 0.782468 0.555556
0.445823 0.801948 0.500000
0.428432 0.779221 0.555556
0.444022 0.801948 0.611111
0.448305 0.798701 0.555556
0.430655 0.788961 0.583333
0.443046 0.795455 0.555556
0.448372 0.801948 0.611111
0.436175 0.801948 0.583333
0.424605 0.772727 0.611111
0.433475 0.805195 0.583333
0.438375 0.805195 0.611111
0.420283 0.775974 0.555556
0.438393 0.795455 0.555556
0.409434 0.782468 0.555556
0.443068 0.808442 0.583333
0.444360 0.811688 0.527778
0.439095 0.814935 0.527778
0.440103 0.821429 0.583333
0.430200 0.801948 0.555556
0.444094 0.792208 0.500000
0.423023 0.808442 0.555556
0.442748 0.798701 0.555556
0.423889 0.785714 0.638889
0.406817 0.818182 0.583333
0.423784 0.801948 0.555556
0.408429 0.811688 0.583333
0.431848 0.811688 0.666667
0.402012 0.798701 0.611111
0.415083 0.818182 0.611111
0.452479 0.814935 0.611111
0.440159 0.818182 0.583333
0.405933 0.814935 0.555556
0.411604 0.808442 0.555556
0.426689 0.821429 0.583333
0.412413 0.818182 0.555556
0.387982 0.808442 0.555556
0.403825 0.795455 0.555556
0.394127 0.808442 0.611111
0.390738 0.814935 0.555556
0.396094 0.805195 0.583333
0.392159 0.821429 0.583333
0.408725 0.834416 0.527778
0.407994 0.824675 0.583333
0.400295 0.821429 0.611111
0.399801 0.821429 0.611111
0.380311 0.834416 0.583333
0.387112 0.821429 0.583333
0.396470 0.827922 0.583333
0.427963 0.818182 0.583333
0.393858 0.821429 0.555556
0.405597 0.837662 0.527778
0.398243 0.831169 0.583333
0.380382 0.827922 0.611111
0.398510 0.821429 0.638889
0.390964 0.827922 0.527778
0.421266 0.837662 0.583333
0.391719 0.827922 0.555556
0.384019 0.818182 0.555556
0.404544 0.837662 0.583333
0.382570 0.834416 0.583333
0.411413 0.821429 0.583333
0.367196 0.840909 0.555556
0.390868 0.831169 0.583333
0.389179 0.818182 0.527778
0.383808 0.821429 0.527778
0.390211 0.840909 0.555556
0.397701 0.853896 0.527778
0.405286 0.850649 0.555556
0.391466 0.837662 0.611111
0.396964 0.821429 0.583333
0.359797 0.831169 0.611111
0.382431 0.834416 0.555556
0.391246 0.831169 0.583333
0.373268 0.834416 0.583333
0.390575 0.818182 0.611111
0.365825 0.837662 0.527778
0.372450 0.834416 0.583333
0.391069 0.831169 0.611111
0.369454 0.840909 0.583333
0.399589 0.824675 0.611111
0.404254 0.844156 0.555556
0.359685 0.837662 0.555556
0.362246 0.847403 0.555556
0.380146 0.844156 0.555556
0.384064 0.857143 0.527778
0.409567 0.853896 0.527778
0.376803 0.850649 0.527778
0.370007 0.857143 0.583333
0.380487 0.850649 0.555556
0.391499 0.853896 0.583333
0.343682 0.853896 0.555556
0.364830 0.844156 0.611111
0.382221 0.850649 0.555556
0.350038 0.847403 0.500000
0.372438 0.850649 0.555556
0.363777 0.857143 0.527778
0.395503 0.847403 0.527778
0.356087 0.860390 0.611111
0.378591 0.840909 0.555556
0.364854 0.863636 0.583333
0.372504 0.857143 0.555556
0.357457 0.853896 0.527778
0.353271 0.850649 0.527778
0.351839 0.847403 0.611111
0.382236 0.857143 0.611111
0.338299 0.857143 0.500000
0.341686 0.866883 0.611111
0.380650 0.831169 0.583333
0.376884 0.860390 0.500000
0.356314 0.853896 0.500000
0.351472 0.866883 0.555556
0.368659 0.863636 0.555556
0.386780 0.863636 0.527778
0.350010 0.853896 0.472222
0.362094 0.860390 0.500000
0.357681 0.857143 0.527778
0.379634 0.847403 0.555556
0.366704 0.827922 0.583333
0.359560 0.850649 0.500000
0.369641 0.847403 0.555556
0.344025 0.847403 0.583333
0.336006 0.847403 0.527778
0.352522 0.863636 0.583333
0.357794 0.857143 0.527778
0.349408 0.853896 0.555556
0.331892 0.857143 0.527778
0.362390 0.860390 0.527778
0.358110 0.860390 0.500000
0.356171 0.866883 0.583333
0.376448 0.857143 0.583333
0.339848 0.870130 0.527778
0.353877 0.879870 0.527778
0.341536 0.850649 0.555556
0.356264 0.870130 0.527778
0.371876 0.863636 0.527778
0.346421 0.863636 0.555556
0.354087 0.863636 0.527778
0.349027 0.866883 0.527778
0.383636 0.860390 0.527778
0.342803 0.879870 0.500000
0.338099 0.857143 0.555556
0.346363 0.873377 0.500000
0.347941 0.860390 0.527778
0.333518 0.853896 0.527778
0.333336 0.870130 0.500000
0.364914 0.863636 0.555556
0.354304 0.883117 0.527778
0.345477 0.866883 0.500000
0.348682 0.866883 0.527778
0.357059 0.870130 0.527778
0.345112 0.863636 0.527778
0.333261 0.873377 0.527778
0.328954 0.870130 0.527778
0.327702 0.866883 0.500000
0.341602 0.870130 0.527778
0.345104 0.870130 0.500000
0.343302 0.879870 0.527778
0.346164 0.850649 0.555556
0.345054 0.876623 0.500000
0.334201 0.866883 0.527778
0.353408 0.863636 0.527778
0.358028 0.879870 0.500000
0.379862 0.857143 0.527778
0.349795 0.876623 0.500000
0.358245 0.879870 0.555556
0.351574 0.876623 0.527778
0.339393 0.883117 0.527778
0.349788 0.873377 0.527778
0.359721 0.876623 0.500000
0.349645 0.873377 0.555556
0.335641 0.876623 0.555556
0.331958 0.873377 0.555556
0.326046 0.870130 0.555556
0.326833 0.879870 0.555556
0.324490 0.870130 0.527778
0.341366 0.879870 0.500000
0.337482 0.879870 0.500000
0.346043 0.870130 0.527778
0.362807 0.879870 0.555556
0.350165 0.873377 0.527778
0.360198 0.870130 0.555556
