4.141573 0.623377 0.638889
2.301960 0.620130 0.583333
1.782742 0.655844 0.583333
1.907139 0.636364 0.638889
1.440704 0.613636 0.444444
1.573527 0.707792 0.666667
1.446740 0.662338 0.583333
0.929415 0.730519 0.555556
0.846088 0.714286 0.638889
1.011136 0.636364 0.500000
1.722658 0.698052 0.500000
0.807686 0.727273 0.611111
0.721743 0.704545 0.638889
0.684114 0.681818 0.527778
0.643158 0.746753 0.472222
0.599705 0.750000 0.500000
0.651803 0.668831 0.500000
0.647980 0.655844 0.638889
0.674010 0.750000 0.500000
0.532043 0.762987 0.500000
0.542798 0.727273 0.555556
0.602093 0.707792 0.472222
0.613294 0.750000 0.500000
0.527353 0.811688 0.527778
0.574167 0.772727 0.555556
0.560650 0.704545 0.416667
0.509157 0.785714 0.444444
0.497204 0.775974 0.527778
0.521484 0.750000 0.638889
0.531163 0.779221 0.500000
0.534696 0.727273 0.555556
0.531712 0.792208 0.555556
0.480549 0.798701 0.444444
0.531589 0.808442 0.527778
0.527282 0.788961 0.583333
0.458931 0.811688 0.472222
0.555650 0.782468 0.555556
0.522272 0.818182 0.500000
0.499877 0.750000 0.500000
0.497415 0.775974 0.500000
0.474134 0.798701 0.583333
0.482973 0.801948 0.527778
0.551074 0.782468 0.472222
0.490091 0.779221 0.444444
0.480332 0.782468 0.444444
0.472422 0.837662 0.444444
0.524002 0.753247 0.500000
0.472728 0.798701 0.583333
0.455377 0.724026 0.388889
0.425272 0.844156 0.500000
0.429728 0.847403 0.444444
0.393763 0.860390 0.388889
0.371507 0.837662 0.444444
0.367264 0.863636 0.527778
0.366067 0.834416 0.611111
0.398475 0.857143 0.500000
0.374727 0.837662 0.472222
0.361737 0.857143 0.472222
0.384063 0.853896 0.500000
0.375716 0.863636 0.444444
0.388275 0.860390 0.611111
0.385987 0.844156 0.527778
0.370356 0.863636 0.444444
0.387250 0.756494 0.444444
0.430730 0.759740 0.416667
0.378095 0.873377 0.500000
0.361884 0.863636 0.472222
0.356145 0.863636 0.527778
0.340020 0.870130 0.500000
0.344655 0.860390 0.444444
0.339660 0.860390 0.416667
0.389107 0.824675 0.444444
0.414407 0.844156 0.527778
0.382853 0.850649 0.388889
0.356340 0.860390 0.527778
0.360856 0.870130 0.444444
0.400935 0.814935 0.555556
0.373671 0.857143 0.472222
0.417487 0.860390 0.416667
0.346079 0.857143 0.416667
0.375288 0.853896 0.388889
0.364241 0.782468 0.444444
0.312086 0.873377 0.472222
0.362441 0.866883 0.500000
0.394410 0.837662 0.388889
0.347767 0.866883 0.333333
0.340649 0.870130 0.333333
0.337126 0.866883 0.472222
0.379435 0.883117 0.305556
0.399010 0.853896 0.388889
0.407565 0.811688 0.333333
0.387906 0.883117 0.444444
0.337265 0.879870 0.361111
0.378830 0.866883 0.416667
0.346304 0.863636 0.500000
0.277531 0.889610 0.527778
0.392428 0.866883 0.388889
0.355111 0.892857 0.444444
0.325492 0.892857 0.361111
0.290239 0.889610 0.444444
0.273390 0.899351 0.444444
0.284746 0.889610 0.388889
0.296086 0.889610 0.361111
0.263489 0.896104 0.388889
0.258112 0.886364 0.333333
0.280096 0.889610 0.277778
0.281445 0.889610 0.388889
0.271447 0.899351 0.416667
0.249010 0.909091 0.305556
0.277695 0.915584 0.277778
0.267451 0.925325 0.388889
0.243378 0.922078 0.388889
0.243507 0.909091 0.416667
0.281454 0.883117 0.472222
0.283961 0.909091 0.388889
0.272683 0.912338 0.361111
0.289142 0.892857 0.416667
0.282347 0.922078 0.333333
0.245848 0.892857 0.444444
0.264993 0.905844 0.444444
0.236489 0.889610 0.416667
0.280973 0.918831 0.333333
0.242897 0.915584 0.361111
0.257392 0.915584 0.305556
0.234771 0.931818 0.361111
0.256246 0.905844 0.361111
0.241971 0.925325 0.388889
0.236340 0.912338 0.388889
0.289471 0.912338 0.444444
0.271763 0.915584 0.388889
0.265474 0.928571 0.388889
0.273760 0.935065 0.472222
0.261245 0.925325 0.416667
0.228189 0.928571 0.305556
0.268405 0.935065 0.333333
0.229657 0.928571 0.388889
0.238862 0.938312 0.388889
0.246648 0.925325 0.444444
0.234471 0.912338 0.388889
0.215742 0.922078 0.361111
0.273650 0.899351 0.388889
0.243135 0.925325 0.388889
0.216676 0.925325 0.361111
0.253475 0.925325 0.305556
0.233604 0.922078 0.388889
0.227771 0.935065 0.361111
0.219287 0.922078 0.444444
0.218339 0.922078 0.388889
0.239009 0.922078 0.388889
0.227958 0.931818 0.333333
0.219591 0.935065 0.361111
0.211615 0.938312 0.388889
0.209258 0.935065 0.361111
0.192841 0.935065 0.361111
0.204094 0.938312 0.388889
0.232340 0.922078 0.361111
0.204414 0.938312 0.333333
0.205583 0.922078 0.361111
0.197152 0.938312 0.305556
0.210294 0.935065 0.361111
0.201959 0.938312 0.388889
0.217405 0.938312 0.361111
0.220059 0.928571 0.277778
0.214775 0.931818 0.333333
0.204528 0.925325 0.361111
0.193804 0.938312 0.361111
0.198349 0.935065 0.388889
0.204470 0.935065 0.388889
0.214987 0.925325 0.333333
0.208951 0.931818 0.361111
0.207030 0.938312 0.305556
0.190977 0.928571 0.305556
0.201719 0.941558 0.333333
0.208714 0.935065 0.361111
0.208274 0.938312 0.416667
0.218804 0.928571 0.361111
0.203174 0.935065 0.361111
0.185962 0.935065 0.361111
0.178433 0.938312 0.388889
0.190406 0.935065 0.361111
0.186328 0.938312 0.444444
0.203348 0.931818 0.333333
0.193084 0.938312 0.361111
0.187563 0.935065 0.333333
0.189683 0.941558 0.388889
0.224937 0.938312 0.361111
0.192227 0.944805 0.333333
0.186813 0.938312 0.388889
0.199424 0.941558 0.416667
0.179813 0.935065 0.388889
0.192204 0.931818 0.444444
0.179949 0.935065 0.416667
0.179617 0.935065 0.444444
0.175457 0.938312 0.416667
0.194412 0.935065 0.305556
0.178265 0.948052 0.388889
0.183049 0.935065 0.361111
0.177066 0.931818 0.361111
0.183776 0.938312 0.416667
0.176976 0.951299 0.388889
0.167949 0.935065 0.361111
0.156497 0.941558 0.388889
0.178073 0.935065 0.333333
0.180936 0.948052 0.361111
0.162483 0.954545 0.388889
0.171435 0.938312 0.388889
0.162805 0.948052 0.305556
0.181872 0.948052 0.333333
0.164493 0.941558 0.333333
0.175237 0.935065 0.361111
0.165402 0.954545 0.361111
0.175321 0.938312 0.361111
0.175714 0.954545 0.388889
0.177610 0.951299 0.333333
0.188247 0.948052 0.333333
0.161145 0.951299 0.305556
0.156929 0.957792 0.361111
0.156682 0.951299 0.361111
0.169142 0.941558 0.361111
0.165755 0.951299 0.361111
0.169173 0.944805 0.361111
0.171728 0.944805 0.361111
0.181333 0.948052 0.361111
0.169732 0.948052 0.333333
0.186774 0.948052 0.361111
0.197787 0.944805 0.361111
0.163220 0.941558 0.388889
0.168404 0.948052 0.361111
0.183428 0.954545 0.388889
0.170106 0.948052 0.416667
0.161808 0.951299 0.388889
0.170831 0.948052 0.416667
0.177206 0.948052 0.416667
0.158082 0.944805 0.416667
0.176959 0.951299 0.333333
0.163721 0.954545 0.305556
0.164822 0.951299 0.388889
0.154236 0.954545 0.361111
0.160956 0.938312 0.333333
0.152176 0.951299 0.305556
0.166554 0.948052 0.361111
0.160284 0.944805 0.333333
0.178612 0.941558 0.361111
0.185372 0.948052 0.361111
0.198095 0.941558 0.361111
0.176650 0.951299 0.388889
0.189936 0.948052 0.333333
0.159352 0.951299 0.333333
0.163390 0.957792 0.361111
0.174958 0.951299 0.388889
0.154933 0.954545 0.388889
0.164129 0.948052 0.361111
0.145031 0.951299 0.333333
0.157436 0.951299 0.361111
0.168618 0.951299 0.361111
0.161190 0.948052 0.361111
0.162978 0.951299 0.333333
0.175008 0.941558 0.333333
0.172035 0.948052 0.333333
0.159899 0.944805 0.333333
0.153398 0.948052 0.333333
0.162909 0.951299 0.361111
0.148578 0.948052 0.333333
0.150726 0.954545 0.388889
0.156373 0.948052 0.333333
0.155563 0.948052 0.361111
0.160477 0.951299 0.361111
0.170290 0.951299 0.361111
0.168993 0.951299 0.361111
0.157394 0.954545 0.416667
0.144333 0.951299 0.388889
0.160663 0.948052 0.388889
0.157595 0.944805 0.361111
0.158918 0.944805 0.361111
0.166035 0.941558 0.416667
0.158700 0.944805 0.361111
0.164691 0.954545 0.361111
0.152683 0.948052 0.388889
0.156580 0.951299 0.388889
0.171411 0.948052 0.388889
0.164639 0.948052 0.388889
0.164190 0.954545 0.361111
0.151926 0.948052 0.388889
0.157216 0.944805 0.388889
0.149685 0.948052 0.388889
0.148921 0.954545 0.388889
0.147796 0.951299 0.388889
0.146698 0.951299 0.361111
0.178017 0.951299 0.361111
0.151827 0.944805 0.333333
0.156633 0.944805 0.361111
0.162289 0.948052 0.361111
0.153785 0.948052 0.305556
0.144045 0.951299 0.388889
0.146046 0.954545 0.361111
0.150257 0.948052 0.388889
0.165469 0.951299 0.388889
0.167890 0.948052 0.333333
0.165923 0.951299 0.388889
0.158280 0.954545 0.388889
0.150487 0.951299 0.388889
0.145272 0.954545 0.416667
0.152859 0.951299 0.388889
0.151032 0.948052 0.388889
0.151631 0.944805 0.416667
0.162829 0.944805 0.388889
0.150187 0.944805 0.388889
0.162593 0.954545 0.388889
0.164712 0.948052 0.416667
0.155577 0.948052 0.388889
0.165604 0.954545 0.361111
0.148085 0.954545 0.388889
0.150169 0.951299 0.416667
0.153735 0.954545 0.361111
0.146537 0.951299 0.388889
0.140399 0.951299 0.361111
0.151790 0.948052 0.388889
0.140213 0.948052 0.388889
0.142605 0.944805 0.388889
0.161105 0.951299 0.361111
0.133777 0.951299 0.444444
0.156959 0.951299 0.416667
0.164063 0.954545 0.388889
0.161431 0.951299 0.361111
0.167686 0.957792 0.333333
0.143718 0.951299 0.416667
0.152640 0.948052 0.388889
0.168190 0.951299 0.388889
0.157709 0.954545 0.361111
0.147247 0.951299 0.388889
0.156841 0.954545 0.388889
0.158155 0.954545 0.388889
0.145524 0.954545 0.361111
0.152809 0.954545 0.361111
0.160149 0.951299 0.388889
0.136020 0.951299 0.333333
0.147245 0.951299 0.388889
0.162365 0.951299 0.388889
0.153903 0.954545 0.416667
0.161040 0.951299 0.333333
0.151086 0.951299 0.388889
0.159171 0.951299 0.416667
0.164565 0.951299 0.416667
0.148420 0.957792 0.416667
0.143200 0.951299 0.388889
0.151782 0.944805 0.305556
0.148713 0.948052 0.388889
0.148367 0.944805 0.388889
0.149932 0.948052 0.388889
0.154904 0.948052 0.388889
4.107074 0.616883 0.638889
1.729632 0.584416 0.500000
1.731000 0.581169 0.472222
1.391720 0.642857 0.638889
1.031398 0.652597 0.555556
1.261530 0.626623 0.638889
1.167079 0.603896 0.611111
0.896304 0.688312 0.527778
0.839390 0.701299 0.555556
0.943313 0.620130 0.500000
1.113890 0.678571 0.500000
0.722081 0.672078 0.611111
0.738746 0.668831 0.611111
0.807494 0.636364 0.444444
0.722282 0.701299 0.500000
0.638004 0.639610 0.472222
0.716898 0.652597 0.500000
0.688466 0.675325 0.638889
0.724352 0.633117 0.500000
0.673366 0.694805 0.500000
0.673105 0.675325 0.638889
0.661892 0.649351 0.527778
0.673587 0.646104 0.472222
0.672540 0.711039 0.527778
0.578157 0.714286 0.472222
0.578974 0.737013 0.500000
0.579660 0.717532 0.638889
0.604180 0.681818 0.527778
0.682318 0.655844 0.583333
0.702690 0.668831 0.583333
0.614323 0.678571 0.583333
0.643674 0.698052 0.527778
0.577305 0.714286 0.638889
0.579195 0.714286 0.611111
0.574576 0.711039 0.583333
0.582849 0.694805 0.583333
0.583568 0.691558 0.527778
0.618277 0.714286 0.555556
0.600600 0.704545 0.444444
0.567093 0.720779 0.638889
0.630230 0.720779 0.555556
0.570784 0.691558 0.638889
0.587997 0.681818 0.555556
0.539990 0.714286 0.555556
0.571734 0.707792 0.694444
0.577649 0.730519 0.583333
0.563384 0.704545 0.555556
0.547822 0.707792 0.583333
0.561420 0.720779 0.638889
0.542169 0.733766 0.500000
0.543848 0.750000 0.583333
0.506561 0.737013 0.583333
0.506972 0.743506 0.500000
0.522136 0.766234 0.555556
0.491193 0.743506 0.611111
0.546919 0.733766 0.527778
0.533082 0.727273 0.527778
0.503511 0.762987 0.416667
0.518883 0.759740 0.555556
0.499269 0.788961 0.527778
0.519991 0.779221 0.527778
0.519688 0.720779 0.611111
0.514501 0.759740 0.583333
0.523790 0.730519 0.500000
0.528178 0.740260 0.500000
0.488161 0.730519 0.500000
0.481356 0.805195 0.583333
0.488837 0.750000 0.555556
0.497407 0.798701 0.555556
0.526794 0.766234 0.444444
0.490298 0.779221 0.583333
0.493278 0.785714 0.500000
0.480079 0.801948 0.527778
0.478472 0.746753 0.611111
0.481818 0.762987 0.638889
0.473524 0.811688 0.611111
0.490474 0.750000 0.638889
0.481978 0.772727 0.527778
0.502040 0.808442 0.583333
0.481491 0.805195 0.583333
0.478301 0.792208 0.527778
0.495177 0.733766 0.500000
0.447424 0.808442 0.611111
0.473260 0.759740 0.583333
0.504496 0.762987 0.527778
0.488490 0.782468 0.555556
0.474158 0.805195 0.444444
0.473278 0.792208 0.500000
0.477448 0.831169 0.555556
0.442912 0.737013 0.472222
0.446727 0.792208 0.388889
0.467517 0.792208 0.472222
0.466416 0.798701 0.472222
0.447807 0.811688 0.527778
0.488545 0.831169 0.583333
0.423409 0.831169 0.416667
0.457234 0.743506 0.527778
0.499657 0.808442 0.500000
0.457195 0.808442 0.527778
0.434063 0.840909 0.500000
0.393630 0.847403 0.500000
0.429705 0.840909 0.527778
0.421373 0.831169 0.527778
0.397433 0.840909 0.583333
0.386671 0.844156 0.611111
0.403665 0.850649 0.472222
0.431364 0.850649 0.472222
0.390003 0.857143 0.555556
0.390158 0.847403 0.500000
0.415023 0.844156 0.472222
0.400223 0.866883 0.500000
0.385000 0.847403 0.472222
0.387737 0.866883 0.527778
0.390611 0.805195 0.500000
0.418779 0.863636 0.472222
0.397190 0.853896 0.527778
0.373175 0.860390 0.472222
0.396672 0.850649 0.500000
0.389745 0.821429 0.444444
0.419509 0.866883 0.500000
0.370377 0.844156 0.500000
0.367796 0.863636 0.472222
0.367957 0.866883 0.527778
0.389877 0.834416 0.472222
0.396342 0.847403 0.472222
0.386944 0.857143 0.416667
0.411211 0.860390 0.444444
0.382877 0.857143 0.444444
0.378474 0.853896 0.416667
0.357272 0.860390 0.500000
0.382927 0.847403 0.472222
0.367030 0.850649 0.472222
0.395250 0.831169 0.388889
0.379544 0.837662 0.472222
0.410238 0.853896 0.416667
0.362250 0.860390 0.472222
0.365863 0.857143 0.444444
0.378880 0.840909 0.500000
0.378608 0.857143 0.472222
0.397045 0.847403 0.416667
0.381919 0.844156 0.444444
0.393577 0.866883 0.444444
0.371919 0.870130 0.444444
0.372415 0.863636 0.500000
0.375531 0.840909 0.472222
0.331100 0.860390 0.444444
0.364200 0.853896 0.527778
0.368257 0.876623 0.500000
0.374607 0.860390 0.472222
0.369111 0.873377 0.500000
0.361771 0.866883 0.472222
0.360300 0.863636 0.444444
0.329298 0.873377 0.444444
0.334704 0.892857 0.444444
0.355813 0.876623 0.416667
0.356793 0.866883 0.472222
0.355689 0.889610 0.444444
0.360126 0.879870 0.444444
0.354824 0.873377 0.444444
0.363159 0.876623 0.472222
0.371339 0.883117 0.444444
0.372759 0.873377 0.416667
0.348146 0.866883 0.444444
0.334086 0.879870 0.416667
0.350959 0.876623 0.416667
0.340756 0.870130 0.472222
0.330141 0.876623 0.416667
0.318895 0.870130 0.500000
0.338867 0.853896 0.444444
0.341122 0.866883 0.416667
0.354975 0.889610 0.472222
0.341849 0.870130 0.416667
0.342687 0.853896 0.444444
0.331051 0.866883 0.444444
0.363144 0.873377 0.500000
0.353260 0.879870 0.444444
0.349821 0.876623 0.416667
0.328287 0.873377 0.472222
0.321404 0.873377 0.472222
0.338497 0.873377 0.416667
0.336730 0.873377 0.416667
0.352366 0.873377 0.388889
0.322609 0.876623 0.416667
0.329672 0.876623 0.472222
0.339980 0.860390 0.472222
0.349965 0.883117 0.416667
0.337259 0.866883 0.444444
0.347640 0.870130 0.416667
0.349093 0.876623 0.416667
0.334985 0.870130 0.416667
0.336560 0.870130 0.416667
0.323941 0.886364 0.416667
0.322219 0.892857 0.416667
0.316272 0.870130 0.444444
0.345344 0.857143 0.388889
0.341619 0.863636 0.388889
0.317756 0.886364 0.416667
0.310760 0.886364 0.444444
0.326883 0.870130 0.444444
0.321423 0.883117 0.444444
0.320041 0.883117 0.472222
0.326698 0.886364 0.416667
0.327893 0.879870 0.444444
0.336450 0.883117 0.416667
0.323308 0.876623 0.416667
0.323720 0.876623 0.388889
0.302474 0.883117 0.361111
0.317923 0.879870 0.416667
0.297841 0.876623 0.416667
0.304907 0.886364 0.444444
0.323474 0.879870 0.444444
0.356416 0.889610 0.416667
0.331297 0.892857 0.444444
0.325498 0.876623 0.444444
0.319385 0.883117 0.444444
0.311042 0.879870 0.444444
0.313953 0.886364 0.416667
0.326328 0.886364 0.444444
0.320192 0.892857 0.444444
0.331065 0.866883 0.388889
0.318880 0.879870 0.416667
0.297465 0.873377 0.416667
0.302848 0.883117 0.416667
0.302439 0.883117 0.416667
0.336957 0.886364 0.416667
0.321485 0.886364 0.472222
0.313746 0.876623 0.416667
0.314732 0.870130 0.444444
0.323881 0.886364 0.444444
0.305374 0.883117 0.388889
0.312447 0.879870 0.361111
0.314352 0.876623 0.416667
0.329376 0.883117 0.444444
0.323575 0.883117 0.444444
0.316190 0.873377 0.388889
0.323231 0.892857 0.388889
0.310777 0.886364 0.416667
0.309552 0.892857 0.388889
0.294482 0.873377 0.388889
0.288188 0.879870 0.444444
0.299984 0.876623 0.361111
0.312238 0.876623 0.416667
0.310355 0.873377 0.472222
0.316037 0.883117 0.416667
0.309540 0.892857 0.472222
0.312391 0.883117 0.416667
0.317083 0.879870 0.388889
0.312866 0.886364 0.388889
0.320271 0.879870 0.444444
0.318812 0.886364 0.361111
0.297528 0.879870 0.416667
0.305627 0.886364 0.416667
0.298197 0.886364 0.416667
0.313291 0.876623 0.388889
0.314108 0.879870 0.416667
0.300504 0.879870 0.416667
0.300152 0.876623 0.416667
0.325306 0.876623 0.444444
0.324799 0.886364 0.416667
0.298100 0.883117 0.444444
0.296335 0.886364 0.472222
0.299889 0.876623 0.388889
0.306533 0.886364 0.444444
0.293993 0.879870 0.444444
0.293085 0.889610 0.472222
0.316149 0.889610 0.472222
0.310642 0.886364 0.416667
0.314782 0.883117 0.416667
0.310035 0.879870 0.444444
0.299821 0.879870 0.361111
0.290880 0.876623 0.388889
0.285994 0.879870 0.416667
0.297904 0.873377 0.388889
0.314679 0.879870 0.416667
0.299769 0.883117 0.444444
0.293342 0.879870 0.388889
0.308591 0.883117 0.416667
0.315393 0.883117 0.444444
0.300922 0.883117 0.388889
0.298495 0.879870 0.416667
0.314206 0.883117 0.416667
0.306515 0.886364 0.444444
0.308463 0.886364 0.444444
0.291809 0.873377 0.416667
0.303759 0.873377 0.416667
0.283977 0.876623 0.416667
0.298814 0.889610 0.444444
0.284341 0.886364 0.444444
0.308092 0.892857 0.444444
0.279589 0.879870 0.416667
0.293234 0.876623 0.444444
0.307298 0.889610 0.444444
0.311487 0.889610 0.472222
0.298937 0.889610 0.472222
0.289704 0.879870 0.472222
0.283499 0.883117 0.388889
0.329901 0.889610 0.444444
0.297553 0.892857 0.416667
0.311273 0.889610 0.444444
0.282225 0.886364 0.416667
0.284193 0.883117 0.416667
0.297776 0.883117 0.444444
0.299766 0.889610 0.472222
0.300053 0.892857 0.388889
0.304227 0.879870 0.388889
0.325033 0.886364 0.361111
0.319568 0.892857 0.388889
0.323162 0.886364 0.472222
0.292334 0.889610 0.444444
0.308502 0.889610 0.388889
0.289162 0.883117 0.388889
0.284204 0.896104 0.388889
0.281491 0.889610 0.444444
0.293072 0.892857 0.361111
0.293111 0.889610 0.444444
0.299637 0.883117 0.444444
0.292269 0.873377 0.388889
0.279815 0.889610 0.361111
0.291904 0.892857 0.416667
0.298639 0.892857 0.444444
0.282293 0.889610 0.444444
0.291308 0.886364 0.388889
0.292571 0.896104 0.416667
0.283351 0.889610 0.444444
0.303562 0.889610 0.416667
0.270051 0.879870 0.333333
0.296033 0.879870 0.416667
0.298935 0.873377 0.361111
0.290078 0.883117 0.361111
0.290072 0.892857 0.388889
0.290280 0.899351 0.388889
0.305178 0.883117 0.388889
0.292789 0.886364 0.416667
0.297314 0.902597 0.416667
0.297905 0.889610 0.388889
0.302708 0.889610 0.416667
0.283862 0.892857 0.416667
0.315814 0.883117 0.388889
0.305675 0.889610 0.416667
0.306121 0.886364 0.416667
0.301061 0.892857 0.444444
0.283857 0.892857 0.416667
0.285431 0.892857 0.416667
0.281433 0.896104 0.416667
0.300840 0.886364 0.388889
0.287240 0.889610 0.388889
0.287310 0.886364 0.361111
0.303546 0.892857 0.361111
0.305505 0.892857 0.444444
0.313080 0.896104 0.416667
