6.141217 0.620130 0.555556
3.241159 0.694805 0.555556
3.562007 0.483766 0.444444
3.532071 0.594156 0.638889
1.846591 0.642857 0.611111
1.716101 0.616883 0.500000
1.572921 0.629870 0.250000
0.999838 0.639610 0.361111
0.896393 0.646104 0.527778
1.277702 0.590909 0.472222
1.068484 0.616883 0.416667
0.771842 0.646104 0.472222
0.714411 0.652597 0.638889
0.708932 0.646104 0.416667
0.683556 0.626623 0.638889
0.756880 0.740260 0.444444
0.621792 0.737013 0.500000
0.658604 0.558442 0.611111
0.664730 0.613636 0.416667
0.679295 0.642857 0.472222
0.643930 0.681818 0.444444
0.657243 0.672078 0.583333
0.608557 0.665584 0.444444
0.572183 0.714286 0.555556
0.582623 0.681818 0.416667
0.566981 0.681818 0.444444
0.614415 0.756494 0.527778
0.611789 0.714286 0.611111
0.608691 0.633117 0.638889
0.571894 0.766234 0.500000
0.540279 0.717532 0.638889
0.541618 0.785714 0.583333
0.534328 0.788961 0.527778
0.552858 0.704545 0.416667
0.575379 0.756494 0.555556
0.564139 0.775974 0.638889
0.506442 0.743506 0.500000
0.593515 0.766234 0.527778
0.483966 0.740260 0.416667
0.491638 0.782468 0.583333
0.446529 0.798701 0.527778
0.523061 0.775974 0.638889
0.491291 0.782468 0.444444
0.440585 0.811688 0.500000
0.422325 0.779221 0.472222
0.455705 0.844156 0.527778
0.406979 0.857143 0.416667
0.475722 0.827922 0.555556
0.426918 0.814935 0.388889
0.354691 0.896104 0.444444
0.333144 0.889610 0.444444
0.292936 0.883117 0.500000
0.309077 0.886364 0.583333
0.322029 0.831169 0.444444
0.299830 0.873377 0.527778
0.312737 0.928571 0.500000
0.238346 0.912338 0.472222
0.280088 0.876623 0.527778
0.311145 0.827922 0.611111
0.318979 0.909091 0.500000
0.239871 0.935065 0.500000
0.267254 0.905844 0.500000
0.241573 0.922078 0.555556
0.302833 0.831169 0.472222
0.305928 0.902597 0.472222
0.263702 0.899351 0.472222
0.322850 0.896104 0.527778
0.284918 0.824675 0.500000
0.291717 0.915584 0.472222
0.234983 0.935065 0.444444
0.221596 0.918831 0.416667
0.194582 0.938312 0.361111
0.206110 0.948052 0.500000
0.202104 0.941558 0.416667
0.242120 0.931818 0.444444
0.240479 0.896104 0.472222
0.353731 0.909091 0.444444
0.230839 0.928571 0.527778
0.253660 0.948052 0.527778
0.221888 0.931818 0.527778
0.226339 0.941558 0.527778
0.271717 0.951299 0.416667
0.159394 0.951299 0.500000
0.161912 0.944805 0.472222
0.197133 0.951299 0.583333
0.167705 0.957792 0.583333
0.207794 0.928571 0.444444
0.199149 0.951299 0.527778
0.193911 0.954545 0.583333
0.159517 0.970779 0.416667
0.178067 0.951299 0.500000
0.278322 0.850649 0.444444
0.272667 0.964286 0.472222
0.197158 0.957792 0.500000
0.260910 0.935065 0.472222
0.184936 0.954545 0.472222
0.160330 0.977273 0.500000
0.144302 0.961039 0.500000
0.123736 0.977273 0.555556
0.096821 0.980519 0.555556
0.096489 0.983766 0.500000
0.089902 0.974026 0.500000
0.096414 0.980519 0.444444
0.078073 0.980519 0.444444
0.088121 0.974026 0.444444
0.156344 0.964286 0.555556
0.141262 0.980519 0.527778
0.100819 0.983766 0.500000
0.090917 0.987013 0.500000
0.120882 0.977273 0.527778
0.094848 0.987013 0.500000
0.078780 0.980519 0.583333
0.086228 0.983766 0.444444
0.073946 0.990260 0.527778
0.079573 0.980519 0.555556
0.069950 0.990260 0.500000
0.104436 0.980519 0.527778
0.119293 0.967532 0.583333
0.086158 0.987013 0.500000
0.088793 0.974026 0.527778
0.074773 0.987013 0.527778
0.092936 0.987013 0.527778
0.127182 0.983766 0.472222
0.104721 0.983766 0.444444
0.061081 0.987013 0.416667
0.069140 0.987013 0.472222
0.060496 0.990260 0.500000
0.059565 0.987013 0.472222
0.072590 0.980519 0.472222
0.088078 0.987013 0.472222
0.089228 0.987013 0.500000
0.063959 0.990260 0.555556
0.090568 0.990260 0.444444
0.134005 0.977273 0.638889
0.130250 0.977273 0.500000
0.079336 0.983766 0.500000
0.074224 0.990260 0.472222
0.082820 0.954545 0.416667
0.156701 0.980519 0.416667
0.074553 0.990260 0.444444
0.065881 0.977273 0.444444
0.104016 0.987013 0.527778
0.059027 0.980519 0.472222
0.067433 0.983766 0.388889
0.072917 0.987013 0.416667
0.059506 0.990260 0.472222
0.044026 0.990260 0.500000
0.050265 0.990260 0.444444
0.065008 0.990260 0.472222
0.051300 0.990260 0.500000
0.054059 0.990260 0.444444
0.040040 0.990260 0.444444
0.045128 0.990260 0.611111
0.046050 0.990260 0.444444
0.055471 0.990260 0.444444
0.042427 0.990260 0.472222
0.039779 0.990260 0.500000
0.050355 0.990260 0.500000
0.062194 0.990260 0.555556
0.069114 0.987013 0.500000
0.056414 0.990260 0.527778
0.047200 0.990260 0.527778
0.044463 0.990260 0.500000
0.041502 0.990260 0.500000
0.042681 0.990260 0.416667
0.048160 0.990260 0.472222
0.037824 0.990260 0.472222
0.040848 0.990260 0.472222
0.041228 0.990260 0.500000
0.034598 0.990260 0.444444
0.055170 0.990260 0.472222
0.053640 0.990260 0.555556
0.041411 0.990260 0.500000
0.047065 0.990260 0.500000
0.043360 0.990260 0.527778
0.051637 0.990260 0.500000
0.042261 0.990260 0.583333
0.039356 0.990260 0.555556
0.040535 0.990260 0.555556
0.065085 0.987013 0.555556
0.099269 0.987013 0.555556
0.099469 0.990260 0.583333
0.060769 0.990260 0.583333
0.049531 0.990260 0.611111
0.054085 0.990260 0.583333
0.046254 0.990260 0.611111
0.041935 0.990260 0.555556
0.058651 0.990260 0.527778
0.094753 0.990260 0.500000
0.049186 0.990260 0.472222
0.052425 0.990260 0.472222
0.040408 0.990260 0.527778
0.049306 0.990260 0.472222
0.036483 0.990260 0.500000
0.045096 0.990260 0.527778
0.039212 0.990260 0.472222
0.042385 0.990260 0.527778
0.035391 0.990260 0.472222
0.035593 0.990260 0.500000
0.041389 0.990260 0.472222
0.028571 0.990260 0.500000
0.031619 0.990260 0.500000
0.042350 0.990260 0.444444
0.045911 0.990260 0.416667
0.039607 0.990260 0.416667
0.037829 0.990260 0.472222
0.040794 0.993506 0.444444
0.045011 0.990260 0.472222
0.039151 0.990260 0.472222
0.034426 0.990260 0.444444
0.032001 0.993506 0.444444
0.036310 0.990260 0.472222
0.034519 0.990260 0.472222
0.041797 0.990260 0.416667
0.037418 0.993506 0.444444
0.032130 0.990260 0.444444
0.033659 0.993506 0.444444
0.028615 0.993506 0.444444
0.032450 0.993506 0.444444
0.041371 0.993506 0.444444
0.042005 0.993506 0.444444
0.033974 0.993506 0.500000
0.033722 0.993506 0.416667
0.033303 0.990260 0.500000
0.039342 0.993506 0.472222
0.032792 0.993506 0.472222
0.029703 0.993506 0.444444
0.030138 0.993506 0.444444
0.035523 0.993506 0.444444
0.031853 0.990260 0.444444
0.033063 0.993506 0.500000
0.039797 0.993506 0.472222
0.036842 0.993506 0.472222
0.031284 0.993506 0.472222
0.026675 0.993506 0.472222
0.035542 0.993506 0.472222
0.034743 0.993506 0.472222
0.029805 0.993506 0.472222
0.025996 0.993506 0.472222
0.031879 0.993506 0.472222
0.028971 0.993506 0.472222
0.029696 0.993506 0.444444
0.028419 0.993506 0.416667
0.028166 0.993506 0.444444
0.023039 0.993506 0.444444
0.027829 0.993506 0.444444
0.036026 0.993506 0.444444
0.033856 0.993506 0.416667
0.042635 0.993506 0.472222
0.032675 0.993506 0.472222
0.031878 0.993506 0.416667
0.033066 0.993506 0.416667
0.025344 0.993506 0.416667
0.033395 0.993506 0.444444
0.027049 0.993506 0.444444
0.026341 0.993506 0.444444
0.023821 0.993506 0.416667
0.030316 0.993506 0.416667
0.033786 0.993506 0.444444
0.030022 0.993506 0.444444
0.032856 0.993506 0.444444
0.033996 0.993506 0.444444
0.024273 0.993506 0.444444
0.022630 0.993506 0.472222
0.034432 0.993506 0.500000
0.031403 0.993506 0.472222
0.031250 0.993506 0.472222
0.033042 0.993506 0.472222
0.035111 0.993506 0.444444
0.029454 0.993506 0.500000
0.029169 0.993506 0.444444
0.022529 0.993506 0.472222
0.032497 0.993506 0.444444
0.026890 0.993506 0.444444
0.031979 0.993506 0.444444
0.025835 0.993506 0.444444
0.029551 0.993506 0.472222
0.028319 0.993506 0.444444
0.034293 0.993506 0.444444
0.032941 0.993506 0.444444
0.036937 0.993506 0.472222
0.028025 0.993506 0.444444
0.025143 0.993506 0.444444
0.029928 0.993506 0.444444
0.041924 0.993506 0.416667
0.030076 0.993506 0.444444
0.031859 0.993506 0.416667
0.029635 0.993506 0.416667
0.042215 0.993506 0.444444
0.035983 0.993506 0.416667
0.026713 0.993506 0.472222
0.032944 0.993506 0.444444
0.031452 0.993506 0.444444
0.030439 0.993506 0.472222
0.025928 0.993506 0.444444
0.025560 0.993506 0.472222
0.031198 0.993506 0.500000
0.030136 0.993506 0.472222
0.029545 0.993506 0.500000
0.023219 0.993506 0.472222
0.036429 0.993506 0.500000
0.027276 0.993506 0.500000
0.034650 0.993506 0.472222
0.029798 0.993506 0.444444
0.028395 0.993506 0.444444
0.030475 0.993506 0.444444
0.029060 0.993506 0.416667
0.032380 0.993506 0.416667
0.030257 0.993506 0.444444
0.022997 0.993506 0.444444
0.023322 0.993506 0.444444
0.024086 0.993506 0.444444
0.028524 0.993506 0.444444
0.026614 0.993506 0.444444
0.022783 0.993506 0.444444
0.025854 0.993506 0.444444
0.025352 0.993506 0.416667
0.027615 0.993506 0.416667
0.022907 0.993506 0.416667
0.024699 0.993506 0.416667
0.020827 0.993506 0.416667
0.027939 0.993506 0.416667
0.025205 0.993506 0.416667
0.022609 0.993506 0.416667
0.022162 0.993506 0.444444
0.027509 0.993506 0.444444
0.025934 0.993506 0.416667
0.024912 0.993506 0.444444
0.031394 0.993506 0.444444
0.024606 0.993506 0.416667
0.034657 0.993506 0.444444
0.032640 0.993506 0.444444
0.022249 0.993506 0.444444
0.024280 0.993506 0.472222
0.019863 0.993506 0.444444
0.021220 0.993506 0.444444
0.029681 0.993506 0.444444
0.025508 0.993506 0.416667
0.030357 0.993506 0.444444
0.025165 0.993506 0.444444
0.055762 0.993506 0.444444
0.024530 0.993506 0.444444
0.024149 0.993506 0.472222
0.027401 0.993506 0.444444
0.024085 0.993506 0.472222
0.024512 0.993506 0.472222
0.022141 0.993506 0.444444
0.031641 0.993506 0.416667
0.028633 0.993506 0.472222
0.027687 0.993506 0.416667
