11.725505 0.674326 0.696429
6.920737 0.715285 0.705357
6.490433 0.556444 0.553571
3.860307 0.719281 0.714286
3.895782 0.679321 0.651786
3.044200 0.719281 0.705357
1.971531 0.697303 0.758929
2.081431 0.725275 0.696429
2.357684 0.744256 0.741071
1.828597 0.733267 0.750000
1.477993 0.713287 0.696429
1.306012 0.736264 0.741071
1.375011 0.679321 0.732143
1.087651 0.662338 0.696429
0.981791 0.684316 0.696429
0.683931 0.751249 0.741071
0.924942 0.752248 0.767857
0.634720 0.763237 0.758929
0.613339 0.717283 0.732143
0.686795 0.739261 0.705357
0.779465 0.694306 0.678571
0.664812 0.715285 0.723214
0.619282 0.745255 0.741071
0.611106 0.752248 0.732143
0.642306 0.753247 0.750000
0.645407 0.742258 0.705357
0.639570 0.758242 0.723214
0.572746 0.736264 0.785714
0.578813 0.745255 0.714286
0.578811 0.740260 0.732143
0.586651 0.755245 0.750000
0.645418 0.728272 0.687500
0.606069 0.765235 0.750000
0.565012 0.723277 0.696429
0.616268 0.742258 0.750000
0.558125 0.753247 0.723214
0.559573 0.749251 0.776786
0.547221 0.755245 0.741071
0.555939 0.745255 0.758929
0.527618 0.756244 0.750000
0.669280 0.765235 0.758929
0.613090 0.710290 0.687500
0.543267 0.763237 0.714286
0.552930 0.756244 0.750000
0.601408 0.729271 0.732143
0.558802 0.739261 0.714286
0.566810 0.758242 0.758929
0.516541 0.760240 0.750000
0.549490 0.749251 0.758929
0.560366 0.766234 0.732143
0.518416 0.735265 0.741071
0.537528 0.770230 0.732143
0.565883 0.746254 0.723214
0.514934 0.762238 0.705357
0.546410 0.716284 0.678571
0.522870 0.768232 0.732143
0.541625 0.748252 0.723214
0.557134 0.766234 0.714286
0.558177 0.710290 0.696429
0.521831 0.756244 0.723214
0.527756 0.778222 0.732143
0.535216 0.753247 0.732143
0.569526 0.768232 0.758929
0.526838 0.761239 0.767857
0.547964 0.773227 0.785714
0.512980 0.756244 0.732143
0.534368 0.760240 0.776786
0.565473 0.755245 0.723214
0.561931 0.778222 0.723214
0.519912 0.778222 0.741071
0.553207 0.729271 0.732143
0.530372 0.769231 0.776786
0.534156 0.765235 0.723214
0.522702 0.789211 0.758929
0.539120 0.734266 0.732143
0.530248 0.770230 0.750000
0.538237 0.767233 0.741071
0.542127 0.769231 0.741071
0.565546 0.745255 0.758929
0.532913 0.756244 0.723214
0.562884 0.676324 0.642857
0.539773 0.754246 0.723214
0.506973 0.775225 0.732143
0.557183 0.742258 0.714286
0.522470 0.746254 0.714286
0.532957 0.748252 0.705357
0.522498 0.769231 0.785714
0.538323 0.748252 0.705357
0.554388 0.782218 0.750000
0.528564 0.769231 0.750000
0.529443 0.757243 0.714286
0.532066 0.739261 0.678571
0.542039 0.753247 0.723214
0.541495 0.765235 0.723214
0.526911 0.777223 0.732143
0.550008 0.760240 0.758929
0.540956 0.766234 0.723214
0.521320 0.764236 0.705357
0.525847 0.771229 0.723214
0.508733 0.769231 0.750000
0.510986 0.778222 0.723214
0.542209 0.777223 0.723214
0.523710 0.784216 0.776786
0.520054 0.778222 0.750000
0.513973 0.778222 0.758929
0.561001 0.793207 0.741071
0.499950 0.789211 0.723214
0.543993 0.781219 0.758929
0.513063 0.768232 0.723214
0.507198 0.771229 0.705357
0.496892 0.762238 0.714286
0.499541 0.781219 0.705357
0.497767 0.772228 0.705357
0.526885 0.771229 0.705357
0.507760 0.782218 0.750000
0.513863 0.788212 0.732143
0.502350 0.770230 0.758929
0.478676 0.780220 0.678571
0.513222 0.789211 0.741071
0.489610 0.789211 0.723214
0.511958 0.781219 0.776786
0.486068 0.786214 0.750000
0.488271 0.790210 0.714286
0.495020 0.763237 0.723214
0.494338 0.750250 0.678571
0.481791 0.774226 0.723214
0.511278 0.784216 0.705357
0.503900 0.760240 0.758929
0.512535 0.780220 0.705357
0.485810 0.795205 0.741071
0.480247 0.785215 0.723214
0.490545 0.784216 0.732143
0.500555 0.775225 0.732143
0.523405 0.765235 0.741071
0.494290 0.774226 0.732143
0.500739 0.788212 0.714286
0.492312 0.784216 0.714286
0.503595 0.772228 0.705357
0.500947 0.791209 0.750000
0.498276 0.798202 0.723214
0.464729 0.805195 0.705357
0.510246 0.793207 0.750000
0.506113 0.781219 0.732143
0.474219 0.775225 0.723214
0.513686 0.780220 0.705357
0.480264 0.795205 0.750000
0.486205 0.781219 0.750000
0.501224 0.804196 0.723214
0.488682 0.793207 0.705357
0.443192 0.808192 0.723214
0.470453 0.802198 0.732143
0.454041 0.799201 0.714286
0.465440 0.808192 0.732143
0.471226 0.802198 0.750000
0.471910 0.803197 0.741071
0.457977 0.804196 0.741071
0.487937 0.817183 0.732143
0.477600 0.809191 0.705357
0.485579 0.817183 0.723214
0.448209 0.820180 0.732143
0.472954 0.794206 0.741071
0.461866 0.785215 0.732143
0.468244 0.810190 0.741071
0.460865 0.792208 0.741071
0.462518 0.788212 0.723214
0.452710 0.825175 0.723214
0.481733 0.811189 0.714286
0.480758 0.808192 0.714286
0.435691 0.819181 0.767857
0.446556 0.783217 0.723214
0.474919 0.810190 0.714286
0.477223 0.800200 0.723214
0.456577 0.826174 0.750000
0.442147 0.827173 0.723214
0.465227 0.813187 0.732143
0.460466 0.817183 0.741071
0.461015 0.785215 0.723214
0.447131 0.807193 0.723214
0.454207 0.793207 0.723214
0.448039 0.811189 0.758929
0.454578 0.817183 0.741071
0.438463 0.802198 0.732143
0.456571 0.804196 0.732143
0.456787 0.817183 0.732143
0.425646 0.830170 0.750000
0.460820 0.822178 0.705357
0.447657 0.824176 0.705357
0.453305 0.805195 0.758929
0.442839 0.822178 0.732143
0.422761 0.813187 0.714286
0.460390 0.824176 0.714286
0.442767 0.802198 0.758929
0.429254 0.824176 0.767857
0.436293 0.829171 0.732143
0.484679 0.820180 0.696429
0.456970 0.810190 0.723214
0.445000 0.823177 0.714286
0.473208 0.813187 0.750000
0.441611 0.829171 0.696429
0.430902 0.820180 0.741071
0.440230 0.825175 0.758929
0.442892 0.835165 0.714286
0.400201 0.840160 0.723214
0.432276 0.835165 0.723214
0.434439 0.836164 0.741071
0.442067 0.842158 0.750000
0.445090 0.838162 0.750000
0.423770 0.825175 0.741071
0.444434 0.847153 0.741071
0.397764 0.844156 0.723214
0.416083 0.831169 0.767857
0.427831 0.846154 0.741071
0.414150 0.813187 0.678571
0.432890 0.832168 0.705357
0.407555 0.842158 0.750000
0.435229 0.843157 0.741071
0.435750 0.840160 0.732143
0.412274 0.847153 0.750000
0.428460 0.828172 0.732143
0.397752 0.846154 0.732143
0.411312 0.844156 0.741071
0.428812 0.830170 0.705357
0.418807 0.843157 0.750000
0.427248 0.829171 0.741071
0.406321 0.844156 0.732143
0.401887 0.854146 0.714286
0.416549 0.853147 0.758929
0.415312 0.849151 0.723214
0.390351 0.853147 0.750000
0.395659 0.850150 0.732143
0.390810 0.866134 0.741071
0.402650 0.871129 0.723214
0.399878 0.858142 0.732143
0.386208 0.859141 0.741071
0.407838 0.857143 0.758929
0.367712 0.864136 0.705357
0.410400 0.857143 0.705357
0.375598 0.843157 0.723214
0.411961 0.849151 0.732143
0.382388 0.862138 0.741071
0.388294 0.850150 0.732143
0.402036 0.863137 0.741071
0.407175 0.848152 0.714286
0.400487 0.853147 0.750000
0.380304 0.858142 0.732143
0.384566 0.866134 0.714286
0.395723 0.868132 0.705357
0.374500 0.872128 0.732143
0.389529 0.863137 0.705357
0.387586 0.872128 0.732143
0.407044 0.877123 0.723214
0.374453 0.870130 0.714286
0.379454 0.873127 0.723214
0.370797 0.870130 0.714286
0.384675 0.874126 0.741071
0.368271 0.865135 0.723214
0.381270 0.869131 0.705357
0.367671 0.874126 0.714286
0.383133 0.882118 0.732143
0.380254 0.879121 0.723214
0.377496 0.872128 0.705357
0.385000 0.870130 0.732143
0.363107 0.884116 0.732143
0.385356 0.869131 0.723214
0.363440 0.882118 0.741071
0.372209 0.888112 0.741071
0.376473 0.863137 0.732143
0.372621 0.878122 0.741071
0.369720 0.884116 0.750000
0.381724 0.880120 0.714286
0.349411 0.884116 0.741071
0.389800 0.873127 0.732143
0.391973 0.885115 0.741071
0.375134 0.888112 0.723214
0.390788 0.885115 0.741071
0.357337 0.883117 0.750000
0.345489 0.871129 0.714286
0.357257 0.888112 0.714286
0.373343 0.889111 0.723214
0.354176 0.883117 0.723214
0.369175 0.880120 0.714286
0.370936 0.889111 0.732143
0.381810 0.883117 0.687500
0.359856 0.884116 0.687500
0.373927 0.876124 0.696429
0.373734 0.882118 0.696429
0.360146 0.885115 0.696429
0.365039 0.894106 0.687500
0.345274 0.886114 0.696429
0.351659 0.891109 0.723214
0.337382 0.894106 0.705357
0.356771 0.890110 0.732143
0.359496 0.901099 0.714286
0.369491 0.885115 0.723214
0.367749 0.900100 0.750000
0.363750 0.898102 0.714286
0.367359 0.896104 0.732143
0.380256 0.891109 0.723214
0.327170 0.895105 0.732143
0.345311 0.879121 0.732143
0.363035 0.897103 0.732143
0.346682 0.897103 0.732143
0.365443 0.890110 0.696429
0.327381 0.900100 0.750000
0.325235 0.895105 0.714286
0.346159 0.875125 0.678571
0.354430 0.895105 0.723214
0.343374 0.883117 0.678571
0.364792 0.897103 0.732143
0.323180 0.903097 0.705357
0.332618 0.898102 0.732143
0.373425 0.895105 0.705357
0.319537 0.899101 0.723214
0.318312 0.896104 0.714286
0.327869 0.889111 0.696429
0.356030 0.901099 0.741071
0.358225 0.905095 0.705357
0.349829 0.884116 0.705357
0.360453 0.902098 0.723214
0.352569 0.876124 0.687500
0.326863 0.877123 0.678571
0.335886 0.888112 0.705357
0.361699 0.904096 0.723214
0.319143 0.904096 0.732143
0.342715 0.889111 0.696429
0.330222 0.904096 0.714286
0.348156 0.892108 0.705357
0.336303 0.901099 0.723214
0.350157 0.901099 0.723214
0.339878 0.888112 0.696429
0.371773 0.900100 0.705357
0.342138 0.906094 0.741071
0.331255 0.902098 0.714286
0.349055 0.900100 0.723214
0.334128 0.902098 0.714286
0.321537 0.906094 0.714286
0.318490 0.907093 0.714286
0.349438 0.907093 0.732143
0.337363 0.909091 0.741071
0.328979 0.905095 0.741071
0.347335 0.908092 0.714286
0.320663 0.904096 0.750000
0.326110 0.901099 0.741071
0.327219 0.905095 0.723214
0.319733 0.910090 0.767857
0.327411 0.908092 0.732143
0.318185 0.909091 0.696429
0.318693 0.907093 0.732143
0.334602 0.911089 0.750000
0.336202 0.916084 0.741071
