12.490104 0.703297 0.696429
7.544515 0.643357 0.660714
6.764443 0.598402 0.642857
6.374528 0.652348 0.669643
3.991398 0.734266 0.705357
3.519362 0.668332 0.625000
4.329279 0.678322 0.705357
3.058331 0.725275 0.714286
2.461077 0.708292 0.642857
2.526886 0.675325 0.660714
1.677171 0.672328 0.732143
1.403660 0.726274 0.723214
1.187749 0.721279 0.705357
0.913314 0.699301 0.732143
1.051628 0.729271 0.723214
0.830073 0.738262 0.714286
0.984849 0.665335 0.696429
0.816317 0.661339 0.732143
0.955187 0.692308 0.741071
0.754508 0.711289 0.696429
0.832569 0.736264 0.714286
0.710449 0.656344 0.705357
0.745836 0.702298 0.732143
0.725084 0.751249 0.741071
0.737577 0.638362 0.651786
0.744045 0.727273 0.741071
0.684049 0.718282 0.758929
0.634781 0.729271 0.723214
0.650931 0.746254 0.741071
0.636292 0.744256 0.714286
0.629926 0.722278 0.732143
0.646157 0.710290 0.714286
0.636897 0.711289 0.696429
0.600482 0.714286 0.741071
0.659010 0.703297 0.732143
0.623624 0.690310 0.696429
0.603084 0.745255 0.767857
0.581368 0.716284 0.741071
0.613042 0.720280 0.705357
0.602712 0.753247 0.741071
0.726730 0.700300 0.696429
0.626250 0.671329 0.651786
0.605894 0.720280 0.687500
0.640036 0.741259 0.732143
0.611656 0.646354 0.705357
0.604793 0.741259 0.741071
0.595254 0.709291 0.758929
0.566998 0.712288 0.732143
0.597263 0.721279 0.669643
0.592125 0.752248 0.732143
0.562085 0.710290 0.723214
0.590005 0.742258 0.723214
0.602122 0.719281 0.732143
0.560549 0.674326 0.651786
0.598525 0.665335 0.651786
0.583326 0.749251 0.741071
0.572444 0.741259 0.714286
0.604204 0.733267 0.732143
0.594598 0.748252 0.732143
0.553704 0.748252 0.732143
0.561439 0.744256 0.741071
0.560931 0.727273 0.705357
0.605243 0.721279 0.750000
0.552073 0.747253 0.723214
0.570920 0.746254 0.741071
0.562095 0.747253 0.741071
0.604600 0.750250 0.750000
0.574301 0.744256 0.741071
0.619327 0.741259 0.750000
0.558571 0.753247 0.741071
0.582525 0.733267 0.741071
0.582650 0.746254 0.750000
0.583492 0.733267 0.732143
0.558667 0.756244 0.750000
0.580306 0.570430 0.580357
0.549895 0.747253 0.741071
0.577417 0.723277 0.741071
0.603448 0.733267 0.732143
0.607244 0.745255 0.750000
0.602397 0.724276 0.723214
0.595377 0.740260 0.723214
0.573155 0.742258 0.723214
0.544606 0.722278 0.723214
0.572090 0.733267 0.776786
0.555435 0.718282 0.732143
0.577287 0.708292 0.687500
0.556792 0.751249 0.750000
0.592161 0.658342 0.767857
0.588711 0.751249 0.723214
0.590706 0.749251 0.758929
0.589814 0.713287 0.660714
0.580237 0.673327 0.678571
0.585919 0.677323 0.741071
0.587175 0.741259 0.732143
0.571546 0.726274 0.705357
0.567651 0.735265 0.732143
0.576058 0.755245 0.758929
0.575961 0.751249 0.723214
0.583115 0.746254 0.732143
0.568126 0.749251 0.741071
0.560425 0.745255 0.741071
0.592687 0.745255 0.750000
0.579238 0.759241 0.741071
0.574541 0.737263 0.750000
0.588223 0.741259 0.732143
0.584129 0.746254 0.732143
0.563247 0.749251 0.741071
0.582980 0.746254 0.750000
0.566135 0.753247 0.750000
0.549215 0.715285 0.714286
0.537985 0.724276 0.723214
0.580356 0.734266 0.758929
0.558686 0.753247 0.741071
0.591426 0.747253 0.723214
0.563717 0.749251 0.767857
0.568202 0.736264 0.758929
0.558896 0.746254 0.741071
0.537289 0.745255 0.723214
0.571791 0.733267 0.741071
0.556470 0.752248 0.741071
0.582195 0.749251 0.741071
0.542207 0.746254 0.750000
0.555849 0.740260 0.741071
0.568503 0.743257 0.741071
0.556378 0.746254 0.723214
0.552301 0.750250 0.741071
0.576884 0.729271 0.687500
0.586541 0.748252 0.732143
0.579286 0.742258 0.750000
0.544596 0.757243 0.732143
0.541547 0.749251 0.741071
0.579592 0.754246 0.732143
0.561973 0.690310 0.741071
0.572043 0.740260 0.758929
0.574487 0.715285 0.767857
0.573662 0.739261 0.741071
0.569913 0.744256 0.741071
0.554549 0.750250 0.767857
0.564228 0.739261 0.767857
0.544852 0.752248 0.758929
0.538938 0.747253 0.732143
0.581236 0.752248 0.741071
0.580866 0.743257 0.741071
0.549099 0.743257 0.723214
0.586498 0.751249 0.776786
0.545419 0.748252 0.732143
0.558263 0.734266 0.741071
0.579848 0.755245 0.758929
0.573806 0.747253 0.750000
0.538050 0.751249 0.750000
0.555891 0.741259 0.741071
0.548031 0.742258 0.750000
0.541130 0.755245 0.741071
0.546024 0.746254 0.741071
0.552951 0.741259 0.776786
0.533320 0.739261 0.750000
0.572159 0.734266 0.741071
0.555389 0.756244 0.758929
0.564634 0.750250 0.758929
0.545668 0.743257 0.741071
0.541447 0.742258 0.750000
0.557297 0.725275 0.750000
0.555697 0.741259 0.750000
0.527452 0.736264 0.750000
0.554837 0.724276 0.750000
0.550428 0.753247 0.741071
0.561636 0.745255 0.723214
0.567145 0.733267 0.732143
0.529639 0.759241 0.741071
0.564711 0.718282 0.750000
0.546680 0.742258 0.758929
0.551358 0.745255 0.741071
0.541353 0.748252 0.750000
0.523854 0.746254 0.732143
0.570631 0.741259 0.750000
0.558858 0.740260 0.741071
0.549865 0.727273 0.741071
0.534909 0.734266 0.732143
0.554498 0.750250 0.732143
0.543414 0.755245 0.723214
0.538309 0.734266 0.741071
0.541114 0.748252 0.732143
0.537943 0.738262 0.741071
0.557166 0.737263 0.741071
0.520499 0.755245 0.758929
0.570467 0.746254 0.750000
0.557580 0.754246 0.732143
0.541513 0.755245 0.732143
0.529123 0.749251 0.750000
0.545920 0.731269 0.732143
0.552474 0.740260 0.732143
0.571195 0.731269 0.741071
0.532734 0.738262 0.750000
0.541058 0.739261 0.741071
0.564751 0.750250 0.732143
0.543020 0.738262 0.758929
0.545520 0.740260 0.750000
0.560334 0.745255 0.732143
0.547455 0.734266 0.741071
0.555759 0.742258 0.741071
0.540581 0.752248 0.732143
0.556814 0.749251 0.732143
0.519963 0.750250 0.741071
0.547735 0.738262 0.741071
0.544930 0.746254 0.723214
0.547541 0.740260 0.741071
0.529505 0.736264 0.741071
0.545712 0.749251 0.723214
0.569216 0.752248 0.732143
0.532935 0.752248 0.732143
0.577338 0.747253 0.741071
0.549419 0.742258 0.741071
0.568567 0.741259 0.750000
0.548507 0.746254 0.732143
0.537190 0.745255 0.750000
0.544016 0.743257 0.732143
0.571414 0.744256 0.741071
0.536780 0.748252 0.732143
0.579851 0.746254 0.741071
0.528160 0.742258 0.732143
0.539393 0.747253 0.741071
0.547723 0.753247 0.732143
0.552246 0.743257 0.741071
0.543401 0.746254 0.732143
0.533945 0.738262 0.732143
0.536504 0.743257 0.732143
0.533796 0.750250 0.741071
0.541244 0.731269 0.741071
0.557517 0.742258 0.741071
0.530719 0.737263 0.732143
0.558409 0.746254 0.723214
0.546083 0.741259 0.723214
0.532623 0.747253 0.723214
0.548484 0.749251 0.723214
0.551358 0.741259 0.750000
0.539576 0.754246 0.732143
0.544163 0.733267 0.750000
0.535376 0.738262 0.741071
0.549015 0.743257 0.732143
0.543666 0.742258 0.732143
0.535662 0.741259 0.750000
0.551242 0.735265 0.732143
0.559508 0.729271 0.750000
0.540811 0.748252 0.741071
0.541994 0.733267 0.741071
0.528443 0.744256 0.732143
0.553544 0.742258 0.741071
0.540652 0.741259 0.750000
0.548524 0.749251 0.741071
0.544862 0.745255 0.741071
0.571702 0.733267 0.741071
0.526359 0.747253 0.732143
0.527034 0.745255 0.750000
0.563496 0.747253 0.741071
0.537356 0.738262 0.750000
0.547408 0.747253 0.741071
0.546112 0.750250 0.741071
0.544208 0.744256 0.723214
0.541492 0.742258 0.767857
0.541668 0.745255 0.741071
0.532458 0.744256 0.758929
0.537032 0.750250 0.750000
0.530922 0.745255 0.741071
0.528313 0.747253 0.732143
0.536123 0.747253 0.732143
0.557684 0.742258 0.732143
0.545256 0.748252 0.750000
0.559385 0.749251 0.741071
0.537284 0.744256 0.732143
0.540974 0.744256 0.741071
0.550379 0.750250 0.741071
0.546697 0.738262 0.741071
0.549056 0.745255 0.741071
0.542265 0.746254 0.741071
0.553678 0.742258 0.750000
0.538593 0.746254 0.741071
0.522522 0.750250 0.741071
0.554546 0.742258 0.750000
0.537480 0.749251 0.750000
0.544514 0.749251 0.741071
0.524347 0.751249 0.741071
0.549347 0.749251 0.741071
0.538871 0.743257 0.758929
0.535530 0.746254 0.732143
0.546507 0.752248 0.741071
0.545783 0.744256 0.732143
0.530174 0.747253 0.741071
0.540119 0.749251 0.741071
0.550808 0.743257 0.750000
0.527710 0.746254 0.732143
0.529180 0.748252 0.741071
0.556960 0.742258 0.758929
0.531322 0.746254 0.732143
0.549798 0.747253 0.723214
0.552412 0.746254 0.732143
0.512596 0.754246 0.741071
0.535236 0.747253 0.732143
0.544480 0.740260 0.758929
0.531876 0.748252 0.750000
0.540589 0.747253 0.750000
0.548128 0.749251 0.741071
0.533590 0.744256 0.732143
0.543609 0.745255 0.723214
0.532503 0.748252 0.723214
0.537421 0.745255 0.732143
0.542362 0.745255 0.732143
0.538033 0.745255 0.741071
0.535349 0.743257 0.741071
0.548413 0.745255 0.750000
0.537032 0.747253 0.723214
0.509654 0.748252 0.723214
0.539997 0.757243 0.723214
0.520522 0.753247 0.723214
0.536361 0.751249 0.714286
0.545245 0.746254 0.723214
0.543939 0.748252 0.723214
0.533221 0.749251 0.732143
0.538487 0.744256 0.732143
0.534445 0.752248 0.732143
0.532771 0.753247 0.741071
0.539460 0.747253 0.741071
0.547164 0.748252 0.741071
0.526166 0.745255 0.741071
0.517092 0.750250 0.741071
0.517142 0.752248 0.741071
0.507240 0.749251 0.741071
0.569855 0.747253 0.741071
0.529384 0.745255 0.732143
0.539036 0.747253 0.732143
0.522081 0.748252 0.732143
0.555248 0.749251 0.750000
0.556368 0.737263 0.750000
0.527702 0.744256 0.741071
0.549918 0.744256 0.741071
0.552661 0.746254 0.750000
0.544249 0.749251 0.741071
0.535679 0.744256 0.723214
0.539832 0.746254 0.714286
0.544216 0.745255 0.732143
0.531103 0.744256 0.732143
0.541919 0.740260 0.732143
0.538135 0.752248 0.723214
0.553080 0.750250 0.732143
0.541007 0.751249 0.732143
0.534193 0.753247 0.732143
0.530346 0.752248 0.723214
0.564339 0.745255 0.723214
0.550104 0.744256 0.714286
0.518587 0.749251 0.732143
0.562238 0.749251 0.723214
