8.374852 0.699301 0.723214
5.434047 0.707293 0.696429
4.748405 0.710290 0.732143
3.435444 0.690310 0.705357
1.956420 0.741259 0.758929
1.671453 0.739261 0.750000
1.523183 0.656344 0.669643
1.399164 0.727273 0.750000
1.479051 0.743257 0.785714
1.421638 0.718282 0.714286
1.110498 0.693307 0.732143
1.049685 0.733267 0.687500
0.929142 0.733267 0.741071
1.179113 0.723277 0.758929
1.208641 0.731269 0.767857
0.861899 0.712288 0.687500
0.807221 0.744256 0.732143
0.745595 0.715285 0.758929
0.693149 0.700300 0.705357
0.820372 0.733267 0.750000
0.822074 0.733267 0.732143
0.651687 0.693307 0.678571
0.639554 0.745255 0.776786
0.664051 0.748252 0.741071
0.697843 0.734266 0.741071
0.690571 0.750250 0.750000
0.656558 0.751249 0.785714
0.571450 0.722278 0.758929
0.587630 0.758242 0.750000
0.578656 0.728272 0.732143
0.611538 0.746254 0.723214
0.596977 0.717283 0.723214
0.608683 0.738262 0.758929
0.558473 0.744256 0.767857
0.643409 0.723277 0.785714
0.595520 0.718282 0.758929
0.597836 0.721279 0.794643
0.568380 0.744256 0.758929
0.568209 0.721279 0.741071
0.555257 0.739261 0.741071
0.643760 0.745255 0.776786
0.610145 0.650350 0.669643
0.571858 0.540460 0.446429
0.580760 0.749251 0.767857
0.573716 0.690310 0.741071
0.583340 0.731269 0.750000
0.578635 0.403596 0.392857
0.628569 0.743257 0.741071
0.662330 0.726274 0.741071
0.634053 0.716284 0.723214
0.617761 0.719281 0.696429
0.641886 0.731269 0.723214
0.621661 0.740260 0.723214
0.587784 0.746254 0.741071
0.602602 0.702298 0.732143
0.574946 0.748252 0.758929
0.590032 0.744256 0.723214
0.606650 0.753247 0.741071
0.599472 0.751249 0.732143
0.547375 0.745255 0.714286
0.571959 0.719281 0.687500
0.563996 0.722278 0.732143
0.612121 0.744256 0.767857
0.557279 0.742258 0.705357
0.579508 0.735265 0.741071
0.572529 0.749251 0.741071
0.594901 0.748252 0.732143
0.582671 0.744256 0.750000
0.600905 0.749251 0.723214
0.546860 0.727273 0.732143
0.590178 0.645355 0.616071
0.574760 0.750250 0.750000
0.557565 0.745255 0.723214
0.561787 0.738262 0.732143
0.565173 0.697303 0.660714
0.546642 0.749251 0.732143
0.566867 0.697303 0.714286
0.577172 0.726274 0.732143
0.591027 0.693307 0.669643
0.586308 0.692308 0.705357
0.585401 0.709291 0.714286
0.574669 0.702298 0.687500
0.557705 0.734266 0.732143
0.570030 0.719281 0.750000
0.559165 0.730270 0.750000
0.565640 0.706294 0.705357
0.544023 0.738262 0.741071
0.578066 0.679321 0.705357
0.570675 0.743257 0.714286
0.570423 0.751249 0.750000
0.576755 0.703297 0.714286
0.572268 0.655345 0.651786
0.569206 0.683317 0.758929
0.573805 0.725275 0.687500
0.581371 0.736264 0.723214
0.586502 0.748252 0.750000
0.572350 0.732268 0.750000
0.557779 0.726274 0.750000
0.566076 0.727273 0.723214
0.558094 0.742258 0.741071
0.557051 0.751249 0.732143
0.585331 0.719281 0.750000
0.572529 0.750250 0.732143
0.562944 0.749251 0.732143
0.586117 0.736264 0.732143
0.620437 0.728272 0.732143
0.590024 0.739261 0.741071
0.601067 0.744256 0.741071
0.573235 0.750250 0.741071
0.548155 0.740260 0.741071
0.528971 0.707293 0.741071
0.577780 0.682318 0.741071
0.555237 0.745255 0.723214
0.586321 0.702298 0.732143
0.568380 0.745255 0.732143
0.567144 0.741259 0.732143
0.555935 0.741259 0.732143
0.534311 0.708292 0.723214
0.559795 0.712288 0.750000
0.558983 0.752248 0.741071
0.579034 0.737263 0.750000
0.541401 0.739261 0.732143
0.568130 0.739261 0.732143
0.561104 0.728272 0.741071
0.557886 0.720280 0.723214
0.551770 0.745255 0.741071
0.570637 0.702298 0.669643
0.589619 0.750250 0.732143
0.587940 0.741259 0.750000
0.541845 0.753247 0.741071
0.534753 0.733267 0.732143
0.576492 0.704296 0.750000
0.571964 0.707293 0.732143
0.566500 0.713287 0.714286
0.573598 0.672328 0.732143
0.565771 0.711289 0.705357
0.568527 0.709291 0.723214
0.569633 0.745255 0.750000
0.563854 0.714286 0.758929
0.556744 0.755245 0.741071
0.548334 0.736264 0.741071
0.579466 0.752248 0.750000
0.585305 0.735265 0.741071
0.559694 0.744256 0.732143
0.582320 0.741259 0.741071
0.553307 0.747253 0.732143
0.558799 0.706294 0.732143
0.570759 0.758242 0.732143
0.574187 0.746254 0.741071
0.536718 0.757243 0.750000
0.546447 0.734266 0.732143
0.537074 0.740260 0.732143
0.542725 0.756244 0.741071
0.550199 0.748252 0.741071
0.556221 0.751249 0.741071
0.544041 0.742258 0.732143
0.575319 0.741259 0.732143
0.552160 0.754246 0.750000
0.569328 0.742258 0.732143
0.544194 0.748252 0.741071
0.550244 0.731269 0.741071
0.559259 0.732268 0.741071
0.556748 0.746254 0.741071
0.532586 0.726274 0.750000
0.564624 0.698302 0.741071
0.562386 0.751249 0.732143
0.561336 0.737263 0.750000
0.570742 0.710290 0.732143
0.543307 0.755245 0.732143
0.573319 0.703297 0.741071
0.554552 0.718282 0.723214
0.547664 0.745255 0.732143
0.538825 0.748252 0.741071
0.522278 0.749251 0.732143
0.569618 0.734266 0.750000
0.559914 0.727273 0.732143
0.546139 0.700300 0.714286
0.539192 0.703297 0.732143
0.555469 0.722278 0.750000
0.539067 0.749251 0.732143
0.543859 0.719281 0.732143
0.541920 0.731269 0.723214
0.534589 0.730270 0.741071
0.568958 0.741259 0.741071
0.523236 0.740260 0.767857
0.578704 0.744256 0.741071
0.549162 0.715285 0.723214
0.546126 0.745255 0.732143
0.522445 0.726274 0.741071
0.546620 0.713287 0.750000
0.550808 0.731269 0.732143
0.575599 0.696304 0.741071
0.533221 0.737263 0.723214
0.549427 0.716284 0.741071
0.566843 0.732268 0.732143
0.544704 0.745255 0.758929
0.548540 0.713287 0.741071
0.563332 0.735265 0.741071
0.542621 0.711289 0.741071
0.551599 0.728272 0.750000
0.547717 0.744256 0.741071
0.561483 0.732268 0.732143
0.526828 0.745255 0.750000
0.558038 0.731269 0.732143
0.543614 0.740260 0.732143
0.553819 0.730270 0.741071
0.538984 0.724276 0.750000
0.552725 0.719281 0.732143
0.581094 0.738262 0.741071
0.541181 0.735265 0.741071
0.576291 0.730270 0.732143
0.551224 0.722278 0.741071
0.568629 0.721279 0.750000
0.553804 0.730270 0.732143
0.533950 0.730270 0.723214
0.542304 0.746254 0.732143
0.565642 0.724276 0.758929
0.538637 0.737263 0.723214
0.582742 0.738262 0.723214
0.538423 0.732268 0.732143
0.543201 0.730270 0.732143
0.552590 0.737263 0.723214
0.556370 0.740260 0.723214
0.544215 0.739261 0.723214
0.532224 0.731269 0.723214
0.538869 0.735265 0.732143
0.539523 0.732268 0.732143
0.557149 0.720280 0.741071
0.552443 0.736264 0.750000
0.540445 0.734266 0.732143
0.557677 0.735265 0.732143
0.552140 0.726274 0.732143
0.541213 0.733267 0.741071
0.549008 0.732268 0.723214
0.552623 0.733267 0.732143
0.543155 0.748252 0.732143
0.553834 0.727273 0.732143
0.550930 0.736264 0.741071
0.556128 0.736264 0.750000
0.552391 0.745255 0.750000
0.536542 0.736264 0.732143
0.546003 0.735265 0.741071
0.560173 0.714286 0.741071
0.541635 0.745255 0.741071
0.550394 0.731269 0.732143
0.529862 0.745255 0.732143
0.557602 0.727273 0.741071
0.539224 0.730270 0.741071
0.553857 0.738262 0.741071
0.546245 0.736264 0.750000
0.579234 0.727273 0.741071
0.536437 0.735265 0.741071
0.527101 0.734266 0.741071
0.573823 0.735265 0.741071
0.546606 0.733267 0.741071
0.558300 0.734266 0.732143
0.550324 0.734266 0.723214
0.548896 0.726274 0.732143
0.544827 0.733267 0.723214
0.544492 0.725275 0.758929
0.536691 0.737263 0.732143
0.546352 0.730270 0.758929
0.532849 0.744256 0.741071
0.537511 0.734266 0.723214
0.537638 0.737263 0.732143
0.554223 0.735265 0.723214
0.549929 0.732268 0.750000
0.567422 0.739261 0.723214
0.538088 0.729271 0.732143
0.551806 0.733267 0.750000
0.559736 0.738262 0.758929
0.540571 0.736264 0.750000
0.554760 0.737263 0.750000
0.551571 0.736264 0.750000
0.556598 0.731269 0.750000
0.546020 0.744256 0.750000
0.528862 0.734266 0.732143
0.559475 0.726274 0.723214
0.543734 0.733267 0.750000
0.550270 0.740260 0.750000
0.531853 0.737263 0.741071
0.546559 0.734266 0.741071
0.541853 0.730270 0.750000
0.535183 0.736264 0.750000
0.552641 0.745255 0.732143
0.548024 0.740260 0.732143
0.534627 0.723277 0.723214
0.545934 0.738262 0.723214
0.559103 0.736264 0.732143
0.538774 0.732268 0.750000
0.537250 0.746254 0.741071
0.561455 0.736264 0.741071
0.539746 0.733267 0.750000
0.558169 0.735265 0.750000
0.553310 0.740260 0.750000
0.530924 0.744256 0.732143
0.546489 0.734266 0.750000
0.547433 0.747253 0.732143
0.536641 0.744256 0.732143
0.554004 0.741259 0.750000
0.555442 0.748252 0.732143
0.554729 0.737263 0.750000
0.547072 0.748252 0.741071
0.539366 0.736264 0.750000
0.549054 0.735265 0.750000
0.544790 0.739261 0.750000
0.548075 0.743257 0.723214
0.549733 0.736264 0.758929
0.554268 0.735265 0.732143
0.541365 0.741259 0.732143
0.523983 0.745255 0.732143
0.551053 0.744256 0.741071
0.522879 0.746254 0.741071
0.543161 0.739261 0.741071
0.548863 0.734266 0.723214
0.547812 0.735265 0.758929
0.541865 0.742258 0.750000
0.542242 0.744256 0.741071
0.534607 0.745255 0.723214
0.538226 0.746254 0.732143
0.550160 0.736264 0.741071
0.558410 0.728272 0.741071
0.538382 0.742258 0.750000
0.524447 0.748252 0.732143
0.535875 0.745255 0.732143
0.511976 0.748252 0.732143
0.577251 0.732268 0.723214
0.532920 0.745255 0.741071
0.547765 0.736264 0.750000
0.532409 0.746254 0.732143
0.561738 0.742258 0.732143
0.564437 0.735265 0.741071
0.532036 0.733267 0.750000
0.557441 0.735265 0.758929
0.559158 0.737263 0.741071
0.554497 0.738262 0.750000
0.545483 0.740260 0.732143
0.544987 0.741259 0.741071
0.545518 0.741259 0.750000
0.539946 0.741259 0.750000
0.557141 0.734266 0.758929
0.544940 0.734266 0.750000
0.557069 0.737263 0.750000
0.552934 0.736264 0.750000
0.544169 0.744256 0.732143
0.534546 0.738262 0.723214
0.571995 0.738262 0.723214
0.552328 0.737263 0.732143
0.527847 0.735265 0.723214
0.566477 0.737263 0.741071
