9.110755 0.631369 0.642857
5.051067 0.661339 0.678571
3.135658 0.730270 0.767857
3.783496 0.731269 0.732143
2.173071 0.748252 0.732143
1.636518 0.754246 0.758929
2.362816 0.734266 0.750000
1.621627 0.743257 0.785714
1.369754 0.750250 0.767857
1.857300 0.722278 0.741071
1.143076 0.738262 0.732143
0.894269 0.752248 0.741071
0.892032 0.659341 0.633929
1.053146 0.698302 0.696429
0.960911 0.738262 0.714286
0.714923 0.760240 0.732143
0.998917 0.749251 0.776786
0.893560 0.754246 0.732143
0.744028 0.718282 0.723214
0.899453 0.688312 0.776786
0.786267 0.751249 0.741071
0.667561 0.710290 0.758929
0.648851 0.740260 0.767857
0.679795 0.755245 0.741071
0.710891 0.750250 0.741071
0.726948 0.756244 0.750000
0.701651 0.715285 0.785714
0.571882 0.752248 0.732143
0.636505 0.737263 0.732143
0.623813 0.741259 0.750000
0.615055 0.743257 0.714286
0.663505 0.742258 0.696429
0.682647 0.754246 0.750000
0.616016 0.740260 0.750000
0.655233 0.733267 0.758929
0.562019 0.744256 0.705357
0.558288 0.743257 0.794643
0.551980 0.753247 0.750000
0.561976 0.758242 0.741071
0.598655 0.758242 0.758929
0.706327 0.750250 0.776786
0.619069 0.680320 0.687500
0.571649 0.748252 0.723214
0.571848 0.731269 0.705357
0.597084 0.726274 0.758929
0.578526 0.750250 0.741071
0.575032 0.735265 0.758929
0.543583 0.740260 0.705357
0.581104 0.748252 0.741071
0.573096 0.751249 0.732143
0.557824 0.737263 0.714286
0.552087 0.751249 0.776786
0.571820 0.745255 0.705357
0.536687 0.738262 0.705357
0.585126 0.716284 0.687500
0.562234 0.760240 0.741071
0.549675 0.756244 0.723214
0.585085 0.746254 0.714286
0.568999 0.738262 0.696429
0.537034 0.756244 0.732143
0.543329 0.769231 0.758929
0.555203 0.716284 0.687500
0.571907 0.765235 0.767857
0.563342 0.762238 0.750000
0.559709 0.764236 0.741071
0.550490 0.763237 0.750000
0.552410 0.775225 0.741071
0.591894 0.750250 0.732143
0.601201 0.755245 0.776786
0.541533 0.761239 0.714286
0.558501 0.751249 0.732143
0.559106 0.764236 0.767857
0.539146 0.749251 0.705357
0.556441 0.768232 0.758929
0.565925 0.746254 0.741071
0.524703 0.764236 0.758929
0.549723 0.754246 0.741071
0.566209 0.752248 0.723214
0.578144 0.725275 0.714286
0.577758 0.756244 0.767857
0.575472 0.720280 0.714286
0.552089 0.760240 0.758929
0.523206 0.751249 0.776786
0.559171 0.724276 0.723214
0.532013 0.677323 0.660714
0.558791 0.744256 0.696429
0.530716 0.764236 0.732143
0.565338 0.694306 0.723214
0.569269 0.763237 0.767857
0.557293 0.755245 0.758929
0.566164 0.746254 0.678571
0.552701 0.720280 0.678571
0.550823 0.715285 0.732143
0.558533 0.746254 0.687500
0.555244 0.766234 0.741071
0.562966 0.752248 0.776786
0.552510 0.743257 0.750000
0.569216 0.748252 0.732143
0.577546 0.745255 0.696429
0.545846 0.758242 0.776786
0.551256 0.766234 0.758929
0.577965 0.753247 0.794643
0.567885 0.766234 0.794643
0.550646 0.767233 0.758929
0.565648 0.767233 0.741071
0.578302 0.769231 0.758929
0.536484 0.742258 0.723214
0.566092 0.768232 0.750000
0.547707 0.777223 0.794643
0.534428 0.732268 0.723214
0.518448 0.740260 0.714286
0.542501 0.753247 0.767857
0.524161 0.770230 0.767857
0.568584 0.731269 0.678571
0.550680 0.771229 0.785714
0.548115 0.766234 0.812500
0.537209 0.741259 0.758929
0.511748 0.760240 0.732143
0.545763 0.762238 0.785714
0.523432 0.774226 0.750000
0.543553 0.767233 0.794643
0.514731 0.765235 0.723214
0.517998 0.759241 0.741071
0.528466 0.736264 0.696429
0.527506 0.702298 0.687500
0.518191 0.754246 0.750000
0.534140 0.745255 0.714286
0.535374 0.754246 0.723214
0.568849 0.769231 0.794643
0.515254 0.776224 0.785714
0.524646 0.764236 0.758929
0.535565 0.778222 0.776786
0.529469 0.768232 0.785714
0.561598 0.738262 0.714286
0.537644 0.729271 0.705357
0.530987 0.772228 0.758929
0.531303 0.764236 0.705357
0.540695 0.731269 0.723214
0.534608 0.762238 0.750000
0.538182 0.770230 0.758929
0.520534 0.768232 0.750000
0.542249 0.765235 0.776786
0.552860 0.758242 0.741071
0.517198 0.776224 0.785714
0.560910 0.740260 0.741071
0.535605 0.774226 0.750000
0.531706 0.736264 0.732143
0.533921 0.762238 0.776786
0.537425 0.774226 0.723214
0.488003 0.770230 0.750000
0.516779 0.771229 0.758929
0.511301 0.761239 0.732143
0.515168 0.775225 0.767857
0.503873 0.780220 0.794643
0.510513 0.758242 0.758929
0.491795 0.774226 0.750000
0.550300 0.773227 0.758929
0.510326 0.765235 0.750000
0.534302 0.777223 0.767857
0.514002 0.775225 0.767857
0.521631 0.755245 0.750000
0.519617 0.746254 0.732143
0.510901 0.779221 0.758929
0.492085 0.754246 0.750000
0.519808 0.719281 0.705357
0.508799 0.759241 0.732143
0.522701 0.762238 0.723214
0.548855 0.744256 0.723214
0.494830 0.784216 0.741071
0.520856 0.704296 0.660714
0.500683 0.763237 0.750000
0.508837 0.741259 0.705357
0.498968 0.758242 0.750000
0.488367 0.769231 0.758929
0.522381 0.780220 0.776786
0.525262 0.752248 0.732143
0.518528 0.743257 0.714286
0.503034 0.749251 0.741071
0.506117 0.723277 0.705357
0.502384 0.782218 0.750000
0.509904 0.747253 0.741071
0.497554 0.742258 0.741071
0.511064 0.770230 0.741071
0.525692 0.737263 0.750000
0.486395 0.784216 0.758929
0.529034 0.791209 0.758929
0.516290 0.769231 0.714286
0.510647 0.779221 0.741071
0.495531 0.778222 0.758929
0.500874 0.778222 0.741071
0.520531 0.749251 0.705357
0.531337 0.720280 0.705357
0.491025 0.781219 0.741071
0.518125 0.779221 0.741071
0.531180 0.782218 0.767857
0.501338 0.722278 0.723214
0.504229 0.773227 0.741071
0.527835 0.777223 0.741071
0.505106 0.783217 0.750000
0.508147 0.767233 0.732143
0.510628 0.769231 0.750000
0.530176 0.780220 0.767857
0.481189 0.783217 0.741071
0.509572 0.743257 0.732143
0.511030 0.774226 0.741071
0.507365 0.747253 0.732143
0.492666 0.786214 0.741071
0.491145 0.761239 0.750000
0.511253 0.788212 0.776786
0.482072 0.790210 0.767857
0.506843 0.790210 0.785714
0.500597 0.772228 0.723214
0.510655 0.703297 0.687500
0.507777 0.780220 0.750000
0.488025 0.740260 0.723214
0.511468 0.744256 0.723214
0.527418 0.766234 0.723214
0.493946 0.782218 0.767857
0.531141 0.745255 0.714286
0.488251 0.765235 0.732143
0.510442 0.794206 0.750000
0.504768 0.759241 0.714286
0.506680 0.789211 0.767857
0.500035 0.763237 0.723214
0.495348 0.758242 0.723214
0.487525 0.793207 0.767857
0.493641 0.780220 0.758929
0.512446 0.769231 0.723214
0.498088 0.782218 0.758929
0.490456 0.792208 0.758929
0.506011 0.797203 0.758929
0.500085 0.778222 0.741071
0.483518 0.792208 0.794643
0.497549 0.781219 0.758929
0.491209 0.787213 0.750000
0.495388 0.794206 0.767857
0.509938 0.790210 0.750000
0.494336 0.719281 0.705357
0.497327 0.760240 0.723214
0.490837 0.790210 0.750000
0.492293 0.796204 0.758929
0.497677 0.785215 0.758929
0.511339 0.748252 0.714286
0.498274 0.793207 0.750000
0.488777 0.768232 0.723214
0.476935 0.792208 0.723214
0.489184 0.791209 0.732143
0.493812 0.780220 0.741071
0.498933 0.789211 0.758929
0.484800 0.774226 0.758929
0.516670 0.784216 0.741071
0.468052 0.794206 0.785714
0.474208 0.790210 0.750000
0.499360 0.762238 0.732143
0.487447 0.784216 0.732143
0.497601 0.761239 0.723214
0.493057 0.769231 0.723214
0.499202 0.766234 0.732143
0.498200 0.777223 0.732143
0.489316 0.778222 0.750000
0.491292 0.773227 0.732143
0.495436 0.760240 0.714286
0.475115 0.791209 0.767857
0.465862 0.768232 0.723214
0.484061 0.789211 0.750000
0.511800 0.796204 0.767857
0.498694 0.746254 0.705357
0.510238 0.788212 0.767857
0.477735 0.793207 0.758929
0.493222 0.758242 0.741071
0.495108 0.780220 0.732143
0.492726 0.763237 0.723214
0.501326 0.794206 0.758929
0.483370 0.797203 0.767857
0.512063 0.757243 0.723214
0.483340 0.795205 0.741071
0.479901 0.757243 0.705357
0.508957 0.793207 0.758929
0.488941 0.768232 0.732143
0.497273 0.769231 0.723214
0.483861 0.790210 0.741071
0.491580 0.799201 0.758929
0.489255 0.743257 0.705357
0.497477 0.792208 0.758929
0.495345 0.759241 0.732143
0.492508 0.762238 0.723214
0.488628 0.769231 0.723214
0.502447 0.796204 0.758929
0.496552 0.766234 0.723214
0.481861 0.771229 0.714286
0.475337 0.800200 0.750000
0.487214 0.792208 0.750000
0.493637 0.798202 0.750000
0.500200 0.766234 0.741071
0.495894 0.785215 0.741071
0.467031 0.800200 0.758929
0.503509 0.799201 0.750000
0.496565 0.772228 0.714286
0.495952 0.793207 0.741071
0.488439 0.746254 0.723214
0.502476 0.801199 0.741071
0.468476 0.788212 0.741071
0.490571 0.761239 0.741071
0.468436 0.793207 0.741071
0.487400 0.776224 0.741071
0.479466 0.743257 0.732143
0.486376 0.795205 0.767857
0.488624 0.742258 0.732143
0.490147 0.795205 0.741071
0.470615 0.795205 0.750000
0.457831 0.796204 0.767857
0.492214 0.772228 0.741071
0.461079 0.796204 0.785714
0.469982 0.789211 0.741071
0.488781 0.747253 0.723214
0.496487 0.793207 0.741071
0.485004 0.798202 0.750000
0.482455 0.765235 0.714286
0.487809 0.794206 0.741071
0.486735 0.751249 0.723214
0.486471 0.727273 0.714286
0.491342 0.749251 0.723214
0.474993 0.799201 0.750000
0.463463 0.801199 0.767857
0.467419 0.771229 0.758929
0.460164 0.794206 0.750000
0.513250 0.752248 0.732143
0.470431 0.760240 0.732143
0.496132 0.779221 0.741071
0.468189 0.750250 0.723214
0.504019 0.790210 0.732143
0.496297 0.795205 0.741071
0.470201 0.793207 0.750000
0.500987 0.767233 0.714286
0.497022 0.786214 0.741071
0.476113 0.792208 0.750000
0.468244 0.798202 0.776786
0.507157 0.797203 0.758929
0.481094 0.794206 0.741071
0.477483 0.763237 0.723214
0.494053 0.794206 0.758929
0.494274 0.778222 0.750000
0.504292 0.777223 0.732143
0.475525 0.791209 0.776786
0.476161 0.799201 0.776786
0.464518 0.791209 0.741071
0.507487 0.756244 0.723214
0.496291 0.789211 0.750000
0.484092 0.795205 0.750000
0.486528 0.798202 0.750000
8.534743 0.670330 0.669643
4.019978 0.673327 0.669643
1.928421 0.657343 0.660714
1.511025 0.745255 0.750000
1.524041 0.741259 0.723214
1.284267 0.760240 0.741071
1.574515 0.738262 0.741071
1.403300 0.751249 0.758929
1.284945 0.734266 0.741071
1.463529 0.727273 0.750000
0.951381 0.633367 0.687500
1.042341 0.721279 0.723214
0.908426 0.659341 0.669643
0.827442 0.736264 0.732143
1.217062 0.736264 0.687500
0.877262 0.748252 0.741071
0.916021 0.700300 0.660714
0.870425 0.760240 0.741071
0.729932 0.717283 0.750000
0.815830 0.650350 0.687500
0.890226 0.720280 0.741071
0.723345 0.701299 0.678571
0.655454 0.769231 0.750000
0.753250 0.739261 0.714286
0.715825 0.756244 0.750000
0.872951 0.748252 0.723214
0.740719 0.718282 0.732143
0.649839 0.756244 0.723214
0.729623 0.761239 0.732143
0.697787 0.724276 0.741071
0.691613 0.759241 0.732143
0.631807 0.746254 0.732143
0.737164 0.746254 0.741071
