6.817274 0.712288 0.705357
3.882714 0.693307 0.696429
2.158108 0.744256 0.776786
1.953994 0.734266 0.750000
1.761025 0.692308 0.669643
1.485749 0.746254 0.758929
1.862724 0.722278 0.741071
1.405557 0.738262 0.767857
1.572021 0.749251 0.776786
1.645004 0.739261 0.758929
1.199744 0.696304 0.696429
0.939095 0.750250 0.776786
1.042978 0.742258 0.776786
0.788429 0.659341 0.625000
0.795197 0.757243 0.776786
0.655042 0.769231 0.750000
0.863479 0.751249 0.723214
0.672386 0.724276 0.669643
0.749932 0.654346 0.625000
0.725391 0.698302 0.758929
0.698757 0.759241 0.758929
0.619961 0.719281 0.732143
0.647451 0.669331 0.714286
0.683498 0.760240 0.758929
0.697066 0.750250 0.732143
0.672233 0.758242 0.767857
0.643492 0.753247 0.758929
0.555195 0.758242 0.732143
0.600365 0.746254 0.705357
0.643327 0.702298 0.732143
0.600672 0.742258 0.732143
0.620174 0.752248 0.705357
0.624462 0.746254 0.723214
0.582332 0.743257 0.714286
0.599349 0.752248 0.776786
0.540726 0.744256 0.732143
0.548242 0.752248 0.785714
0.547639 0.765235 0.750000
0.558868 0.760240 0.732143
0.549681 0.767233 0.741071
0.686128 0.765235 0.767857
0.595762 0.649351 0.669643
0.572997 0.760240 0.714286
0.565760 0.754246 0.750000
0.597505 0.720280 0.714286
0.574571 0.714286 0.696429
0.566150 0.738262 0.732143
0.515433 0.748252 0.723214
0.558021 0.749251 0.723214
0.571113 0.759241 0.723214
0.526154 0.733267 0.723214
0.541141 0.746254 0.723214
0.565456 0.738262 0.714286
0.518902 0.754246 0.687500
0.550360 0.705295 0.687500
0.532449 0.763237 0.741071
0.536101 0.754246 0.705357
0.560632 0.772228 0.741071
0.554023 0.730270 0.723214
0.507385 0.735265 0.687500
0.539147 0.770230 0.732143
0.534375 0.731269 0.696429
0.561442 0.750250 0.732143
0.537962 0.769231 0.741071
0.539444 0.769231 0.741071
0.519323 0.768232 0.732143
0.528760 0.772228 0.767857
0.551831 0.774226 0.741071
0.558990 0.760240 0.750000
0.511649 0.783217 0.732143
0.530512 0.757243 0.687500
0.518264 0.773227 0.750000
0.525377 0.750250 0.741071
0.535170 0.772228 0.741071
0.522764 0.744256 0.723214
0.516831 0.759241 0.732143
0.524793 0.759241 0.705357
0.533250 0.742258 0.696429
0.550727 0.671329 0.607143
0.540459 0.760240 0.732143
0.553443 0.720280 0.678571
0.539073 0.764236 0.723214
0.508451 0.751249 0.732143
0.543886 0.740260 0.696429
0.524722 0.745255 0.696429
0.532316 0.759241 0.696429
0.522882 0.753247 0.723214
0.530002 0.748252 0.723214
0.557623 0.774226 0.767857
0.537370 0.758242 0.750000
0.546307 0.771229 0.723214
0.532836 0.744256 0.687500
0.537741 0.714286 0.750000
0.561073 0.762238 0.723214
0.538086 0.771229 0.785714
0.551461 0.756244 0.732143
0.539669 0.756244 0.696429
0.526247 0.753247 0.705357
0.529897 0.757243 0.732143
0.524212 0.759241 0.750000
0.517442 0.781219 0.750000
0.539300 0.769231 0.741071
0.536669 0.773227 0.758929
0.532347 0.773227 0.767857
0.529447 0.784216 0.723214
0.560646 0.776224 0.714286
0.509541 0.787213 0.758929
0.546920 0.772228 0.696429
0.518696 0.781219 0.776786
0.512534 0.788212 0.714286
0.497900 0.753247 0.714286
0.510630 0.765235 0.732143
0.514934 0.783217 0.750000
0.533883 0.769231 0.732143
0.513267 0.778222 0.767857
0.507895 0.775225 0.741071
0.504189 0.772228 0.750000
0.479613 0.761239 0.678571
0.509987 0.775225 0.723214
0.496546 0.783217 0.732143
0.512592 0.796204 0.776786
0.495378 0.781219 0.758929
0.484335 0.781219 0.696429
0.500511 0.772228 0.723214
0.506821 0.771229 0.705357
0.502363 0.773227 0.732143
0.523613 0.788212 0.696429
0.504800 0.770230 0.723214
0.531303 0.784216 0.750000
0.479889 0.789211 0.750000
0.480382 0.786214 0.741071
0.506410 0.783217 0.741071
0.509291 0.776224 0.714286
0.541380 0.757243 0.732143
0.504197 0.767233 0.705357
0.503395 0.781219 0.741071
0.499231 0.769231 0.705357
0.511252 0.779221 0.714286
0.509785 0.784216 0.723214
0.504427 0.790210 0.758929
0.483316 0.795205 0.732143
0.517199 0.780220 0.714286
0.516776 0.781219 0.714286
0.496783 0.794206 0.767857
0.519046 0.775225 0.732143
0.498581 0.789211 0.758929
0.500816 0.783217 0.723214
0.494976 0.791209 0.758929
0.485427 0.779221 0.741071
0.455386 0.801199 0.767857
0.480274 0.788212 0.750000
0.477011 0.798202 0.723214
0.469859 0.798202 0.767857
0.478738 0.800200 0.741071
0.487752 0.794206 0.714286
0.477310 0.801199 0.696429
0.492044 0.796204 0.758929
0.499529 0.803197 0.723214
0.492555 0.799201 0.741071
0.477322 0.798202 0.723214
0.487854 0.777223 0.723214
0.472546 0.785215 0.714286
0.474004 0.801199 0.732143
0.470585 0.777223 0.705357
0.480384 0.779221 0.714286
0.473228 0.800200 0.723214
0.481609 0.805195 0.687500
0.492495 0.770230 0.705357
0.463214 0.803197 0.741071
0.475590 0.772228 0.669643
0.466823 0.804196 0.750000
0.483877 0.793207 0.732143
0.470087 0.802198 0.750000
0.450131 0.812188 0.767857
0.484316 0.813187 0.741071
0.481372 0.787213 0.741071
0.481176 0.783217 0.714286
0.465450 0.795205 0.732143
0.466511 0.795205 0.714286
0.464658 0.809191 0.776786
0.459417 0.803197 0.758929
0.454809 0.772228 0.696429
0.481274 0.786214 0.714286
0.490639 0.782218 0.705357
0.456973 0.812188 0.750000
0.473378 0.810190 0.767857
0.483128 0.786214 0.714286
0.468029 0.811189 0.776786
0.474928 0.822178 0.750000
0.443888 0.808192 0.732143
0.473728 0.791209 0.732143
0.481473 0.771229 0.705357
0.444828 0.819181 0.741071
0.450588 0.802198 0.723214
0.494956 0.809191 0.767857
0.470857 0.813187 0.732143
0.456162 0.808192 0.714286
0.487716 0.820180 0.723214
0.451584 0.821179 0.723214
0.450493 0.808192 0.723214
0.456603 0.815185 0.741071
0.468445 0.813187 0.732143
0.437019 0.821179 0.750000
0.459936 0.801199 0.732143
0.452027 0.825175 0.776786
0.441623 0.817183 0.705357
0.449358 0.808192 0.767857
0.430140 0.805195 0.750000
0.454474 0.827173 0.758929
0.414113 0.840160 0.767857
0.442250 0.820180 0.741071
0.435067 0.824176 0.705357
0.457677 0.776224 0.687500
0.449458 0.820180 0.696429
0.436147 0.808192 0.714286
0.449282 0.825175 0.714286
0.449531 0.807193 0.687500
0.449512 0.832168 0.750000
0.457442 0.819181 0.696429
0.408847 0.835165 0.741071
0.447680 0.820180 0.750000
0.433349 0.806194 0.723214
0.439287 0.837163 0.758929
0.446677 0.831169 0.750000
0.432586 0.829171 0.714286
0.421741 0.848152 0.741071
0.442593 0.833167 0.758929
0.449797 0.826174 0.705357
0.423894 0.825175 0.750000
0.410611 0.839161 0.750000
0.433364 0.851149 0.750000
0.438652 0.832168 0.714286
0.437414 0.849151 0.741071
0.440437 0.838162 0.741071
0.438003 0.841159 0.750000
0.401395 0.854146 0.767857
0.468831 0.833167 0.723214
0.414552 0.799201 0.669643
0.421791 0.833167 0.705357
0.409257 0.843157 0.750000
0.428695 0.847153 0.750000
0.432155 0.830170 0.696429
0.460681 0.819181 0.669643
0.431586 0.843157 0.741071
0.413750 0.836164 0.705357
0.397945 0.848152 0.767857
0.420733 0.846154 0.741071
0.426722 0.822178 0.705357
0.435294 0.838162 0.750000
0.431605 0.833167 0.678571
0.466138 0.824176 0.678571
0.421932 0.842158 0.732143
0.394919 0.850150 0.732143
0.411792 0.826174 0.714286
0.433352 0.845155 0.732143
0.418603 0.820180 0.678571
0.408843 0.831169 0.714286
0.439172 0.815185 0.651786
0.415861 0.839161 0.714286
0.412512 0.848152 0.741071
0.406438 0.842158 0.714286
0.424909 0.828172 0.714286
0.413992 0.851149 0.767857
0.418849 0.834166 0.660714
0.410253 0.850150 0.741071
0.403788 0.851149 0.758929
0.421009 0.827173 0.723214
0.428809 0.851149 0.741071
0.411411 0.844156 0.741071
0.403447 0.853147 0.732143
0.411936 0.861139 0.723214
0.419251 0.845155 0.723214
0.436598 0.856144 0.723214
0.411083 0.859141 0.714286
0.442903 0.844156 0.705357
0.399329 0.850150 0.723214
0.401355 0.839161 0.705357
0.408697 0.847153 0.696429
0.417996 0.848152 0.732143
0.414083 0.851149 0.705357
0.411248 0.845155 0.714286
0.411039 0.865135 0.723214
0.427440 0.835165 0.705357
0.402735 0.846154 0.732143
0.432072 0.818182 0.705357
0.413405 0.829171 0.687500
0.421142 0.836164 0.696429
0.432485 0.851149 0.732143
0.414830 0.837163 0.705357
0.418338 0.842158 0.696429
0.388858 0.856144 0.741071
0.425936 0.845155 0.723214
0.409090 0.858142 0.741071
0.418420 0.846154 0.723214
0.404175 0.848152 0.714286
0.392273 0.864136 0.750000
0.409386 0.856144 0.723214
0.439748 0.852148 0.723214
0.382812 0.844156 0.723214
0.387099 0.831169 0.696429
0.405885 0.857143 0.732143
0.390931 0.859141 0.714286
0.412998 0.835165 0.714286
0.387893 0.856144 0.723214
0.400591 0.855145 0.714286
0.401542 0.815185 0.678571
0.411525 0.864136 0.723214
0.412630 0.817183 0.696429
0.409946 0.862138 0.723214
0.392071 0.868132 0.732143
0.370602 0.870130 0.741071
0.429270 0.861139 0.732143
0.390950 0.871129 0.714286
0.393051 0.869131 0.705357
0.397881 0.834166 0.705357
0.418649 0.859141 0.723214
0.399587 0.867133 0.696429
0.411014 0.840160 0.687500
0.397039 0.858142 0.714286
0.402820 0.834166 0.714286
0.394643 0.814186 0.696429
0.406331 0.832168 0.705357
0.412753 0.865135 0.714286
0.386231 0.873127 0.741071
0.385916 0.846154 0.714286
0.373923 0.870130 0.723214
0.408428 0.840160 0.687500
0.381293 0.858142 0.723214
0.401857 0.858142 0.696429
0.403658 0.829171 0.687500
0.415548 0.862138 0.714286
0.412889 0.862138 0.714286
0.407401 0.872128 0.714286
0.397749 0.867133 0.714286
0.394144 0.856144 0.705357
0.379241 0.864136 0.696429
0.372441 0.863137 0.723214
0.410434 0.865135 0.732143
0.391371 0.872128 0.723214
0.375158 0.850150 0.705357
0.406219 0.870130 0.714286
0.395899 0.855145 0.714286
0.389901 0.851149 0.714286
0.398078 0.867133 0.732143
0.406755 0.875125 0.723214
0.395053 0.863137 0.705357
0.407876 0.861139 0.714286
0.397634 0.861139 0.705357
0.412850 0.857143 0.696429
0.410123 0.868132 0.723214
10.321995 0.638362 0.651786
3.397053 0.708292 0.705357
2.348010 0.739261 0.723214
1.851627 0.748252 0.723214
1.858975 0.705295 0.696429
1.483404 0.741259 0.714286
1.459495 0.763237 0.794643
1.132463 0.720280 0.705357
1.511712 0.734266 0.741071
1.862000 0.672328 0.705357
1.108046 0.715285 0.741071
1.159471 0.732268 0.750000
1.202864 0.742258 0.750000
0.976053 0.700300 0.714286
0.896695 0.742258 0.741071
0.742165 0.731269 0.714286
0.913402 0.756244 0.758929
0.826220 0.682318 0.669643
0.680940 0.703297 0.732143
0.621512 0.741259 0.750000
0.671737 0.763237 0.767857
0.620002 0.729271 0.750000
0.615524 0.701299 0.714286
0.632899 0.749251 0.723214
0.695978 0.750250 0.741071
0.691779 0.755245 0.758929
0.638845 0.743257 0.741071
0.627632 0.752248 0.741071
0.615073 0.747253 0.696429
0.613071 0.739261 0.732143
0.605448 0.766234 0.732143
0.683218 0.739261 0.705357
0.692573 0.755245 0.758929
0.577999 0.744256 0.723214
0.628847 0.739261 0.750000
0.562387 0.747253 0.767857
0.572803 0.754246 0.767857
0.569085 0.760240 0.767857
0.574600 0.750250 0.741071
0.559215 0.758242 0.758929
0.663751 0.746254 0.741071
0.612238 0.661339 0.642857
0.577985 0.746254 0.714286
0.607224 0.759241 0.767857
0.698329 0.734266 0.767857
0.593582 0.756244 0.767857
0.586457 0.737263 0.741071
0.522765 0.761239 0.732143
0.553145 0.755245 0.767857
0.576142 0.771229 0.723214
0.513541 0.736264 0.705357
0.562713 0.738262 0.732143
0.570868 0.751249 0.723214
0.535541 0.716284 0.696429
0.563243 0.727273 0.687500
0.542971 0.764236 0.750000
0.544932 0.760240 0.732143
0.564711 0.755245 0.732143
0.557561 0.749251 0.741071
0.521624 0.741259 0.750000
0.523103 0.776224 0.732143
0.530337 0.719281 0.696429
0.573099 0.766234 0.767857
0.530432 0.757243 0.732143
0.566303 0.766234 0.732143
0.533255 0.754246 0.741071
0.537394 0.751249 0.741071
0.581087 0.761239 0.741071
0.579746 0.766234 0.723214
0.531023 0.761239 0.705357
0.569657 0.725275 0.732143
0.528813 0.763237 0.750000
0.531372 0.753247 0.714286
0.542913 0.774226 0.732143
0.538431 0.743257 0.705357
0.533639 0.764236 0.750000
0.558985 0.745255 0.723214
0.555705 0.767233 0.741071
0.573182 0.740260 0.750000
0.547012 0.754246 0.741071
0.586397 0.708292 0.696429
0.564302 0.760240 0.741071
0.527506 0.763237 0.741071
0.556260 0.740260 0.714286
0.524065 0.735265 0.696429
0.553349 0.760240 0.723214
0.527340 0.750250 0.732143
0.549222 0.750250 0.705357
0.557989 0.772228 0.750000
0.538277 0.781219 0.758929
0.549646 0.767233 0.741071
0.546062 0.732268 0.696429
0.550880 0.714286 0.767857
0.575512 0.751249 0.687500
0.554501 0.769231 0.732143
0.561343 0.765235 0.785714
0.553611 0.763237 0.741071
0.525363 0.753247 0.714286
0.548145 0.759241 0.741071
0.526581 0.753247 0.714286
0.529763 0.769231 0.732143
0.553306 0.760240 0.732143
0.536243 0.761239 0.767857
0.535631 0.763237 0.750000
0.540929 0.775225 0.750000
0.565890 0.770230 0.714286
0.518232 0.766234 0.741071
0.554140 0.767233 0.723214
0.534162 0.773227 0.750000
0.521207 0.774226 0.714286
0.505961 0.763237 0.723214
0.515110 0.766234 0.723214
0.520801 0.770230 0.732143
0.542850 0.746254 0.714286
0.527009 0.772228 0.767857
0.524116 0.772228 0.723214
0.519327 0.766234 0.723214
0.496665 0.760240 0.705357
0.528323 0.760240 0.741071
0.505190 0.773227 0.732143
0.536171 0.763237 0.767857
0.509391 0.773227 0.723214
0.492800 0.770230 0.714286
0.512224 0.758242 0.767857
0.514434 0.739261 0.669643
0.502379 0.774226 0.758929
0.528677 0.749251 0.705357
0.522366 0.769231 0.750000
0.546650 0.767233 0.723214
0.499774 0.786214 0.741071
0.505689 0.777223 0.741071
0.519074 0.767233 0.741071
0.512857 0.755245 0.678571
0.537019 0.761239 0.741071
0.503835 0.760240 0.714286
0.523586 0.772228 0.714286
0.505131 0.749251 0.678571
0.527546 0.776224 0.732143
0.511568 0.765235 0.705357
0.518392 0.775225 0.741071
0.489685 0.768232 0.741071
0.532338 0.774226 0.732143
0.519358 0.760240 0.732143
0.499431 0.785215 0.750000
0.533641 0.767233 0.741071
0.507465 0.770230 0.750000
0.502545 0.765235 0.723214
0.524977 0.777223 0.732143
0.498527 0.759241 0.705357
0.477533 0.788212 0.678571
0.486774 0.780220 0.723214
0.495709 0.782218 0.723214
0.485188 0.771229 0.714286
0.487071 0.780220 0.750000
0.488131 0.783217 0.723214
0.477176 0.765235 0.705357
0.515967 0.775225 0.750000
0.503441 0.773227 0.750000
0.513853 0.778222 0.767857
0.481602 0.786214 0.723214
0.489733 0.775225 0.723214
0.481658 0.780220 0.723214
0.490801 0.779221 0.714286
0.468209 0.769231 0.723214
0.500459 0.768232 0.714286
0.488713 0.789211 0.723214
0.499298 0.779221 0.714286
0.510710 0.760240 0.705357
0.459929 0.791209 0.741071
0.496522 0.746254 0.669643
0.480074 0.774226 0.732143
0.488279 0.779221 0.705357
0.480124 0.785215 0.741071
0.463798 0.789211 0.732143
0.495036 0.782218 0.732143
0.488583 0.788212 0.714286
0.487162 0.778222 0.714286
0.482153 0.771229 0.714286
0.488904 0.763237 0.696429
0.491205 0.782218 0.741071
0.481068 0.786214 0.750000
0.475242 0.783217 0.723214
0.496939 0.782218 0.732143
0.490640 0.786214 0.705357
0.440845 0.774226 0.741071
0.514563 0.786214 0.732143
0.490005 0.782218 0.705357
0.481272 0.791209 0.758929
0.471473 0.784216 0.741071
0.456042 0.785215 0.741071
0.480278 0.792208 0.723214
0.491213 0.765235 0.687500
0.457422 0.795205 0.723214
0.478739 0.787213 0.723214
0.500442 0.793207 0.750000
0.474780 0.783217 0.714286
0.468777 0.787213 0.723214
0.485279 0.795205 0.732143
0.477422 0.793207 0.741071
0.478375 0.799201 0.741071
0.469724 0.803197 0.741071
0.488066 0.801199 0.750000
0.435639 0.797203 0.732143
0.473006 0.796204 0.767857
0.473699 0.795205 0.758929
0.466288 0.799201 0.750000
0.474080 0.801199 0.723214
0.445797 0.806194 0.714286
0.478523 0.801199 0.776786
0.448196 0.795205 0.767857
0.454219 0.812188 0.750000
0.441790 0.802198 0.714286
0.458228 0.787213 0.714286
0.472695 0.800200 0.705357
0.434952 0.802198 0.714286
0.460600 0.808192 0.723214
0.484405 0.805195 0.705357
0.459088 0.809191 0.741071
0.490097 0.801199 0.723214
0.458575 0.818182 0.732143
0.438041 0.809191 0.705357
0.467570 0.785215 0.705357
0.466996 0.817183 0.714286
0.466390 0.807193 0.723214
0.440421 0.801199 0.705357
0.444745 0.816184 0.723214
0.463826 0.814186 0.723214
0.468669 0.813187 0.714286
0.433149 0.810190 0.723214
0.430230 0.807193 0.714286
0.451586 0.808192 0.732143
0.454446 0.813187 0.714286
0.444660 0.813187 0.750000
0.438882 0.813187 0.732143
0.466979 0.814186 0.705357
0.436349 0.813187 0.732143
0.473920 0.813187 0.732143
0.433173 0.800200 0.741071
0.454839 0.812188 0.714286
0.442881 0.821179 0.714286
0.425055 0.812188 0.705357
0.457083 0.823177 0.732143
0.459712 0.805195 0.705357
0.446279 0.813187 0.732143
0.446645 0.809191 0.705357
0.423797 0.826174 0.750000
0.452930 0.815185 0.723214
0.443795 0.806194 0.705357
0.443505 0.828172 0.723214
0.462526 0.820180 0.732143
0.461291 0.833167 0.696429
0.432261 0.823177 0.732143
0.415434 0.822178 0.705357
0.435078 0.823177 0.705357
0.439395 0.824176 0.696429
0.440865 0.816184 0.705357
0.441592 0.820180 0.696429
0.442619 0.810190 0.723214
0.431768 0.824176 0.696429
0.437280 0.818182 0.723214
0.440881 0.806194 0.723214
0.446917 0.828172 0.687500
0.432890 0.834166 0.714286
0.456379 0.813187 0.687500
0.448801 0.824176 0.705357
0.449261 0.828172 0.732143
0.429093 0.815185 0.705357
0.456785 0.826174 0.696429
0.443534 0.826174 0.714286
0.442513 0.816184 0.705357
0.423665 0.828172 0.705357
0.445290 0.819181 0.732143
0.443436 0.836164 0.705357
0.447793 0.838162 0.714286
0.464752 0.822178 0.714286
0.428913 0.827173 0.687500
0.423276 0.821179 0.687500
0.443876 0.836164 0.696429
0.434912 0.829171 0.705357
0.436895 0.836164 0.705357
0.423043 0.823177 0.714286
0.442784 0.830170 0.705357
0.455021 0.820180 0.696429
0.428575 0.833167 0.732143
0.440268 0.824176 0.705357
0.439081 0.817183 0.687500
0.423853 0.826174 0.714286
0.459020 0.834166 0.723214
0.431489 0.826174 0.696429
0.438088 0.824176 0.705357
0.422590 0.827173 0.696429
0.449520 0.833167 0.696429
0.434575 0.827173 0.696429
0.439626 0.821179 0.705357
0.439028 0.822178 0.678571
0.417847 0.832168 0.732143
0.444394 0.827173 0.705357
0.450885 0.837163 0.714286
0.428003 0.821179 0.696429
0.429886 0.820180 0.723214
0.460568 0.841159 0.678571
0.411459 0.837163 0.687500
0.435229 0.826174 0.705357
0.408351 0.836164 0.705357
0.412154 0.838162 0.714286
0.419180 0.824176 0.696429
0.426183 0.846154 0.687500
0.430162 0.818182 0.705357
0.449272 0.843157 0.696429
0.421444 0.841159 0.687500
0.407743 0.835165 0.678571
0.439491 0.838162 0.678571
0.413228 0.835165 0.705357
0.402554 0.842158 0.669643
0.445615 0.830170 0.705357
0.432359 0.841159 0.669643
0.421167 0.839161 0.687500
0.427286 0.828172 0.678571
0.416297 0.830170 0.705357
0.431004 0.824176 0.714286
0.429303 0.817183 0.696429
0.423296 0.825175 0.714286
0.432349 0.838162 0.687500
0.421911 0.845155 0.705357
0.415471 0.832168 0.732143
0.415889 0.837163 0.696429
0.437139 0.821179 0.723214
0.418318 0.839161 0.705357
0.435088 0.837163 0.723214
0.430233 0.824176 0.714286
0.483235 0.839161 0.723214
0.440581 0.839161 0.705357
0.420797 0.845155 0.732143
0.445784 0.840160 0.687500
0.421122 0.832168 0.696429
0.428172 0.842158 0.696429
0.426478 0.839161 0.696429
0.444051 0.833167 0.678571
0.419687 0.845155 0.678571
0.425035 0.849151 0.696429
0.444411 0.845155 0.696429
0.414508 0.836164 0.705357
0.433061 0.828172 0.714286
0.432319 0.838162 0.687500
0.431833 0.844156 0.696429
0.427389 0.835165 0.696429
0.424744 0.838162 0.723214
0.436585 0.848152 0.687500
0.425848 0.836164 0.687500
0.442178 0.845155 0.687500
