12.788131 0.678322 0.714286
5.979239 0.661339 0.705357
4.880880 0.676324 0.723214
3.866078 0.707293 0.750000
3.166861 0.700300 0.696429
3.425480 0.700300 0.696429
2.683381 0.634366 0.660714
2.453540 0.719281 0.758929
2.017602 0.722278 0.732143
1.875870 0.722278 0.767857
1.580813 0.642358 0.660714
1.678273 0.699301 0.705357
0.997141 0.732268 0.741071
1.002352 0.707293 0.758929
1.198100 0.743257 0.785714
0.954317 0.690310 0.642857
1.028513 0.659341 0.687500
0.871562 0.694306 0.785714
0.717985 0.694306 0.723214
0.701819 0.713287 0.732143
0.780228 0.742258 0.732143
0.706058 0.707293 0.732143
0.694751 0.711289 0.758929
0.720492 0.713287 0.750000
0.731569 0.737263 0.741071
0.652935 0.718282 0.767857
0.690835 0.575425 0.696429
0.618340 0.723277 0.758929
0.631108 0.739261 0.758929
0.629977 0.746254 0.741071
0.636702 0.721279 0.741071
0.622379 0.738262 0.705357
0.625126 0.711289 0.741071
0.585691 0.726274 0.732143
0.630930 0.682318 0.723214
0.597783 0.691309 0.660714
0.629128 0.724276 0.714286
0.577914 0.733267 0.750000
0.581113 0.746254 0.758929
0.574735 0.742258 0.767857
0.703464 0.710290 0.758929
0.609704 0.622378 0.723214
0.577479 0.719281 0.678571
0.585746 0.740260 0.767857
0.583627 0.683317 0.758929
0.581620 0.708292 0.741071
0.597707 0.673327 0.723214
0.540299 0.753247 0.741071
0.566423 0.749251 0.723214
0.573712 0.739261 0.741071
0.545052 0.738262 0.723214
0.572940 0.741259 0.732143
0.591024 0.720280 0.687500
0.551201 0.724276 0.723214
0.578435 0.734266 0.723214
0.562101 0.739261 0.732143
0.571209 0.719281 0.741071
0.630193 0.734266 0.758929
0.614176 0.751249 0.741071
0.558094 0.755245 0.767857
0.561011 0.760240 0.741071
0.552123 0.731269 0.732143
0.600861 0.721279 0.705357
0.551500 0.735265 0.741071
0.573396 0.746254 0.741071
0.571403 0.751249 0.723214
0.591420 0.746254 0.732143
0.571191 0.715285 0.758929
0.608921 0.733267 0.741071
0.550835 0.730270 0.723214
0.581801 0.718282 0.741071
0.562950 0.753247 0.758929
0.559865 0.730270 0.750000
0.559250 0.744256 0.741071
0.564236 0.654346 0.750000
0.556168 0.758242 0.750000
0.581569 0.719281 0.687500
0.582204 0.742258 0.723214
0.596227 0.726274 0.660714
0.597640 0.743257 0.732143
0.587161 0.701299 0.651786
0.574290 0.749251 0.750000
0.529763 0.748252 0.750000
0.583722 0.738262 0.758929
0.567093 0.736264 0.767857
0.573102 0.728272 0.767857
0.555315 0.744256 0.758929
0.579006 0.731269 0.750000
0.577602 0.740260 0.758929
0.576012 0.756244 0.732143
0.580261 0.727273 0.687500
0.569954 0.727273 0.714286
0.572017 0.756244 0.741071
0.572696 0.749251 0.714286
0.567612 0.738262 0.705357
0.567085 0.741259 0.767857
0.566029 0.746254 0.750000
0.549649 0.747253 0.741071
0.561991 0.753247 0.741071
0.544932 0.752248 0.741071
0.539766 0.756244 0.758929
0.581628 0.744256 0.741071
0.566328 0.761239 0.750000
0.559209 0.731269 0.732143
0.574248 0.741259 0.732143
0.581771 0.754246 0.741071
0.551653 0.742258 0.767857
0.587371 0.757243 0.758929
0.556145 0.756244 0.767857
0.548920 0.748252 0.714286
0.520203 0.752248 0.732143
0.560250 0.751249 0.732143
0.548700 0.752248 0.741071
0.586374 0.748252 0.758929
0.559251 0.742258 0.758929
0.558804 0.749251 0.750000
0.544500 0.751249 0.750000
0.533899 0.752248 0.714286
0.554741 0.750250 0.741071
0.541295 0.733267 0.723214
0.579767 0.745255 0.750000
0.530382 0.750250 0.741071
0.549453 0.750250 0.741071
0.549252 0.746254 0.750000
0.552335 0.746254 0.714286
0.532795 0.750250 0.767857
0.558890 0.729271 0.687500
0.571685 0.760240 0.750000
0.565223 0.754246 0.758929
0.540015 0.755245 0.741071
0.531082 0.750250 0.758929
0.559317 0.747253 0.758929
0.557086 0.742258 0.732143
0.551488 0.747253 0.741071
0.559014 0.738262 0.750000
0.560932 0.748252 0.750000
0.544814 0.741259 0.723214
0.545487 0.744256 0.794643
0.561395 0.752248 0.750000
0.537593 0.757243 0.741071
0.533332 0.753247 0.750000
0.570958 0.755245 0.741071
0.564514 0.752248 0.732143
0.551634 0.744256 0.723214
0.575774 0.742258 0.776786
0.537595 0.761239 0.767857
0.538462 0.729271 0.714286
0.552719 0.759241 0.758929
0.550214 0.750250 0.767857
0.518220 0.755245 0.750000
0.530637 0.757243 0.785714
0.538780 0.759241 0.758929
0.522922 0.765235 0.767857
0.537774 0.766234 0.767857
0.539451 0.754246 0.767857
0.521617 0.765235 0.758929
0.555662 0.757243 0.758929
0.537739 0.770230 0.767857
0.552661 0.753247 0.723214
0.532648 0.763237 0.750000
0.536719 0.758242 0.758929
0.542429 0.753247 0.732143
0.539624 0.764236 0.776786
0.523041 0.755245 0.767857
0.541821 0.746254 0.732143
0.540730 0.746254 0.758929
0.550777 0.758242 0.750000
0.550696 0.747253 0.750000
0.524291 0.760240 0.758929
0.553657 0.734266 0.758929
0.536598 0.753247 0.767857
0.544397 0.758242 0.785714
0.528377 0.761239 0.758929
0.510412 0.757243 0.767857
0.555717 0.758242 0.741071
0.544602 0.759241 0.758929
0.537104 0.760240 0.741071
0.523509 0.719281 0.741071
0.539219 0.765235 0.750000
0.532392 0.759241 0.758929
0.528366 0.750250 0.741071
0.531108 0.734266 0.776786
0.537135 0.754246 0.767857
0.547961 0.750250 0.776786
0.514194 0.753247 0.758929
0.557869 0.743257 0.741071
0.536716 0.747253 0.758929
0.535283 0.754246 0.758929
0.514697 0.753247 0.776786
0.527557 0.734266 0.767857
0.535283 0.744256 0.794643
0.592164 0.746254 0.758929
0.522539 0.749251 0.767857
0.535447 0.748252 0.741071
0.555487 0.754246 0.758929
0.527910 0.760240 0.776786
0.534222 0.757243 0.750000
0.545589 0.757243 0.741071
0.536475 0.747253 0.767857
0.542755 0.756244 0.758929
0.535893 0.759241 0.785714
0.547574 0.753247 0.758929
0.509696 0.768232 0.767857
0.537737 0.760240 0.767857
0.534560 0.762238 0.776786
0.533113 0.764236 0.767857
0.519523 0.750250 0.785714
0.538107 0.756244 0.776786
0.549218 0.762238 0.776786
0.525367 0.765235 0.776786
0.549084 0.754246 0.776786
0.532544 0.747253 0.803571
0.554013 0.751249 0.776786
0.528233 0.752248 0.750000
0.517539 0.756244 0.758929
0.525466 0.763237 0.794643
0.558506 0.754246 0.750000
0.519797 0.761239 0.767857
0.565365 0.759241 0.767857
0.513556 0.757243 0.767857
0.535908 0.751249 0.767857
0.530717 0.760240 0.758929
0.534743 0.761239 0.785714
0.530022 0.760240 0.758929
0.520818 0.760240 0.776786
0.530711 0.760240 0.767857
0.518616 0.756244 0.767857
0.537969 0.749251 0.767857
0.536249 0.753247 0.776786
0.514530 0.760240 0.776786
0.541360 0.766234 0.767857
0.528076 0.755245 0.767857
0.515619 0.755245 0.776786
0.526116 0.759241 0.776786
0.536277 0.749251 0.776786
0.516287 0.768232 0.776786
0.536328 0.752248 0.758929
0.530931 0.758242 0.785714
0.524002 0.761239 0.776786
0.529226 0.764236 0.785714
0.524209 0.761239 0.776786
0.532997 0.762238 0.785714
0.537591 0.750250 0.767857
0.526964 0.751249 0.794643
0.525644 0.751249 0.750000
0.512678 0.766234 0.785714
0.536133 0.757243 0.776786
0.531666 0.759241 0.785714
0.529079 0.764236 0.776786
0.532281 0.767233 0.776786
0.564111 0.753247 0.794643
0.510795 0.774226 0.785714
0.503887 0.764236 0.785714
0.540548 0.766234 0.776786
0.525787 0.749251 0.785714
0.538736 0.753247 0.794643
0.531588 0.761239 0.776786
0.531095 0.749251 0.758929
0.529900 0.751249 0.776786
0.521697 0.758242 0.776786
0.510877 0.763237 0.785714
0.525665 0.758242 0.785714
0.509995 0.761239 0.785714
0.509811 0.767233 0.776786
0.528483 0.767233 0.785714
0.539175 0.757243 0.785714
0.530538 0.761239 0.785714
0.553974 0.761239 0.767857
0.515539 0.751249 0.776786
0.518783 0.757243 0.776786
0.534440 0.762238 0.794643
0.527308 0.748252 0.794643
0.535976 0.753247 0.785714
0.530469 0.755245 0.785714
0.538560 0.758242 0.767857
0.517812 0.765235 0.776786
0.499348 0.764236 0.785714
0.535526 0.763237 0.776786
0.517656 0.758242 0.776786
0.527907 0.757243 0.776786
0.518755 0.773227 0.785714
0.533567 0.768232 0.785714
0.528782 0.767233 0.776786
0.526551 0.770230 0.767857
0.531726 0.763237 0.776786
0.527584 0.760240 0.758929
0.519260 0.756244 0.767857
0.521305 0.754246 0.776786
0.541768 0.759241 0.776786
0.521129 0.768232 0.767857
0.513358 0.762238 0.776786
0.544297 0.766234 0.776786
0.513200 0.760240 0.776786
0.537962 0.765235 0.785714
0.542176 0.765235 0.785714
0.502820 0.762238 0.776786
0.522345 0.754246 0.785714
0.525409 0.758242 0.776786
0.515366 0.757243 0.767857
0.523736 0.760240 0.785714
0.531249 0.761239 0.767857
0.521171 0.759241 0.776786
0.522030 0.759241 0.776786
0.509089 0.765235 0.776786
0.524586 0.759241 0.794643
0.530058 0.763237 0.794643
0.519321 0.760240 0.794643
0.516604 0.764236 0.776786
0.525162 0.763237 0.785714
0.520991 0.764236 0.794643
0.502968 0.760240 0.785714
0.530371 0.762238 0.767857
0.496382 0.765235 0.785714
0.522375 0.765235 0.758929
0.531001 0.764236 0.785714
0.527817 0.753247 0.776786
0.518163 0.768232 0.758929
0.521467 0.759241 0.767857
0.509906 0.761239 0.767857
0.513748 0.764236 0.776786
0.517037 0.764236 0.785714
0.531605 0.761239 0.785714
0.514432 0.767233 0.776786
0.503852 0.762238 0.776786
0.504317 0.758242 0.767857
0.484978 0.761239 0.767857
0.552719 0.761239 0.785714
0.516606 0.758242 0.767857
0.516462 0.767233 0.776786
0.514191 0.760240 0.776786
0.539637 0.758242 0.758929
0.546502 0.760240 0.767857
0.500731 0.761239 0.776786
0.531985 0.759241 0.776786
0.543006 0.766234 0.794643
0.526826 0.764236 0.776786
0.520880 0.759241 0.785714
0.520820 0.761239 0.767857
0.530375 0.758242 0.785714
0.512095 0.753247 0.785714
0.525871 0.760240 0.794643
0.517648 0.758242 0.776786
0.538591 0.769231 0.785714
0.520831 0.768232 0.785714
0.520803 0.762238 0.794643
0.512402 0.774226 0.794643
0.561491 0.755245 0.767857
0.530472 0.763237 0.794643
0.509295 0.765235 0.785714
0.539865 0.768232 0.785714
