11.537932 0.654346 0.598214
6.411472 0.690310 0.758929
4.842272 0.695305 0.741071
3.777970 0.692308 0.723214
4.419651 0.673327 0.723214
3.624096 0.717283 0.741071
3.546482 0.712288 0.750000
2.116402 0.708292 0.741071
2.368256 0.750250 0.776786
2.010001 0.639361 0.732143
1.395974 0.733267 0.741071
1.146120 0.740260 0.750000
1.123300 0.738262 0.758929
0.962575 0.755245 0.785714
1.025584 0.712288 0.750000
0.744810 0.743257 0.767857
0.976497 0.745255 0.750000
0.858969 0.737263 0.696429
0.749460 0.652348 0.678571
0.813504 0.674326 0.714286
0.833711 0.705295 0.687500
0.596172 0.707293 0.705357
0.630823 0.723277 0.732143
0.631708 0.750250 0.741071
0.664931 0.753247 0.732143
0.685400 0.766234 0.758929
0.665390 0.717283 0.758929
0.578909 0.752248 0.750000
0.620972 0.749251 0.705357
0.612294 0.746254 0.767857
0.579276 0.746254 0.714286
0.611154 0.741259 0.696429
0.640358 0.739261 0.687500
0.587179 0.735265 0.723214
0.636852 0.753247 0.776786
0.543431 0.705295 0.696429
0.584078 0.755245 0.794643
0.553789 0.757243 0.767857
0.577774 0.747253 0.750000
0.627967 0.749251 0.767857
0.751072 0.726274 0.732143
0.626211 0.682318 0.651786
0.561634 0.751249 0.732143
0.583407 0.742258 0.723214
0.601516 0.715285 0.758929
0.619511 0.751249 0.785714
0.650670 0.752248 0.741071
0.577918 0.716284 0.669643
0.599474 0.742258 0.750000
0.606508 0.753247 0.732143
0.563837 0.736264 0.732143
0.555333 0.763237 0.758929
0.588266 0.727273 0.696429
0.541310 0.711289 0.669643
0.587488 0.705295 0.678571
0.560308 0.762238 0.741071
0.553195 0.746254 0.723214
0.565868 0.748252 0.705357
0.574428 0.739261 0.705357
0.532049 0.753247 0.732143
0.547075 0.769231 0.741071
0.553686 0.708292 0.642857
0.580582 0.749251 0.750000
0.556278 0.761239 0.750000
0.553685 0.759241 0.732143
0.554439 0.758242 0.750000
0.549940 0.774226 0.741071
0.579348 0.756244 0.741071
0.584482 0.752248 0.767857
0.545759 0.767233 0.714286
0.558642 0.723277 0.705357
0.551817 0.765235 0.776786
0.536377 0.760240 0.732143
0.548496 0.761239 0.741071
0.549879 0.741259 0.750000
0.523229 0.756244 0.758929
0.539669 0.762238 0.758929
0.551082 0.749251 0.750000
0.590755 0.744256 0.732143
0.581589 0.756244 0.732143
0.573401 0.737263 0.696429
0.559694 0.750250 0.723214
0.515539 0.755245 0.767857
0.557016 0.745255 0.732143
0.535769 0.689311 0.687500
0.553491 0.751249 0.705357
0.522947 0.762238 0.776786
0.552835 0.716284 0.687500
0.562508 0.760240 0.750000
0.543333 0.770230 0.776786
0.566254 0.747253 0.705357
0.543974 0.723277 0.651786
0.547580 0.715285 0.767857
0.569036 0.744256 0.723214
0.559155 0.761239 0.758929
0.567560 0.757243 0.776786
0.552899 0.746254 0.723214
0.553862 0.760240 0.750000
0.546676 0.747253 0.741071
0.530485 0.749251 0.767857
0.534306 0.765235 0.758929
0.565530 0.764236 0.767857
0.563465 0.767233 0.776786
0.544299 0.765235 0.758929
0.556106 0.780220 0.758929
0.567913 0.774226 0.750000
0.528954 0.761239 0.750000
0.559966 0.770230 0.750000
0.536073 0.779221 0.767857
0.520475 0.742258 0.732143
0.512790 0.759241 0.750000
0.534620 0.747253 0.776786
0.527363 0.772228 0.776786
0.571110 0.743257 0.687500
0.551643 0.771229 0.785714
0.533305 0.769231 0.767857
0.526619 0.764236 0.767857
0.508199 0.757243 0.723214
0.548139 0.762238 0.750000
0.527014 0.775225 0.750000
0.545098 0.767233 0.785714
0.515337 0.768232 0.758929
0.510397 0.761239 0.776786
0.529433 0.742258 0.723214
0.517449 0.731269 0.696429
0.519039 0.759241 0.776786
0.536276 0.752248 0.687500
0.539200 0.751249 0.723214
0.557707 0.771229 0.803571
0.508529 0.769231 0.776786
0.514412 0.767233 0.741071
0.529798 0.774226 0.785714
0.533733 0.768232 0.776786
0.548663 0.740260 0.750000
0.534389 0.749251 0.741071
0.529649 0.777223 0.750000
0.527331 0.757243 0.723214
0.527031 0.735265 0.714286
0.521779 0.757243 0.767857
0.540520 0.771229 0.741071
0.509581 0.778222 0.741071
0.535128 0.770230 0.758929
0.534233 0.742258 0.723214
0.508687 0.766234 0.767857
0.549836 0.754246 0.750000
0.519382 0.768232 0.750000
0.522450 0.746254 0.714286
0.518726 0.774226 0.776786
0.532077 0.770230 0.776786
0.480528 0.780220 0.758929
0.508947 0.766234 0.776786
0.500094 0.761239 0.750000
0.500107 0.782218 0.794643
0.504458 0.788212 0.767857
0.504153 0.772228 0.803571
0.478263 0.767233 0.767857
0.537699 0.773227 0.785714
0.506311 0.761239 0.750000
0.518498 0.779221 0.776786
0.495595 0.795205 0.785714
0.497126 0.752248 0.741071
0.506803 0.746254 0.705357
0.501707 0.768232 0.794643
0.484387 0.769231 0.758929
0.514551 0.733267 0.705357
0.498638 0.761239 0.767857
0.509117 0.764236 0.741071
0.535284 0.739261 0.705357
0.482916 0.787213 0.785714
0.511202 0.718282 0.660714
0.482295 0.760240 0.741071
0.510038 0.761239 0.732143
0.489792 0.764236 0.767857
0.474738 0.776224 0.776786
0.510738 0.783217 0.803571
0.504338 0.761239 0.758929
0.506051 0.742258 0.732143
0.491712 0.760240 0.758929
0.499185 0.729271 0.723214
0.490778 0.794206 0.767857
0.483344 0.765235 0.758929
0.490309 0.770230 0.750000
0.505265 0.765235 0.714286
0.507913 0.755245 0.767857
0.478629 0.787213 0.785714
0.529562 0.793207 0.776786
0.508218 0.781219 0.723214
0.498933 0.780220 0.776786
0.490826 0.779221 0.750000
0.490891 0.784216 0.767857
0.502540 0.758242 0.776786
0.505679 0.752248 0.732143
0.478837 0.776224 0.758929
0.495837 0.780220 0.741071
0.528897 0.781219 0.785714
0.503054 0.750250 0.741071
0.494539 0.771229 0.776786
0.515127 0.782218 0.776786
0.488387 0.785215 0.776786
0.482868 0.783217 0.750000
0.497620 0.781219 0.767857
0.507918 0.785215 0.776786
0.467046 0.790210 0.741071
0.493094 0.761239 0.776786
0.501631 0.775225 0.767857
0.486675 0.779221 0.758929
0.476694 0.776224 0.767857
0.474002 0.780220 0.785714
0.496681 0.789211 0.785714
0.469686 0.794206 0.785714
0.485396 0.783217 0.812500
0.474145 0.783217 0.758929
0.499604 0.755245 0.741071
0.500145 0.770230 0.732143
0.472407 0.764236 0.750000
0.493945 0.773227 0.750000
0.518291 0.776224 0.732143
0.476763 0.788212 0.785714
0.512030 0.765235 0.750000
0.483488 0.767233 0.732143
0.496981 0.771229 0.741071
0.492555 0.782218 0.741071
0.501981 0.784216 0.776786
0.493636 0.774226 0.732143
0.481638 0.769231 0.750000
0.472886 0.791209 0.812500
0.470337 0.781219 0.785714
0.495749 0.767233 0.785714
0.482207 0.778222 0.821429
0.479483 0.791209 0.776786
0.485733 0.785215 0.812500
0.485244 0.776224 0.776786
0.467803 0.794206 0.821429
0.474957 0.790210 0.803571
0.485282 0.789211 0.767857
0.473095 0.798202 0.785714
0.494157 0.783217 0.758929
0.484825 0.760240 0.750000
0.479240 0.779221 0.750000
0.480789 0.788212 0.776786
0.466744 0.796204 0.776786
0.490758 0.774226 0.785714
0.486990 0.760240 0.732143
0.473384 0.792208 0.803571
0.464478 0.771229 0.750000
0.469091 0.793207 0.785714
0.472601 0.784216 0.785714
0.465943 0.775225 0.741071
0.488509 0.788212 0.767857
0.477503 0.782218 0.750000
0.518317 0.779221 0.741071
0.455145 0.787213 0.785714
0.460154 0.783217 0.794643
0.494370 0.764236 0.750000
0.471684 0.791209 0.776786
0.482169 0.765235 0.758929
0.477342 0.774226 0.758929
0.488916 0.766234 0.723214
0.472828 0.780220 0.750000
0.470873 0.785215 0.767857
0.472452 0.777223 0.741071
0.485950 0.769231 0.750000
0.457724 0.786214 0.785714
0.452960 0.772228 0.741071
0.471593 0.789211 0.758929
0.480324 0.796204 0.812500
0.475340 0.771229 0.741071
0.501267 0.794206 0.821429
0.472508 0.784216 0.785714
0.475237 0.773227 0.750000
0.476184 0.789211 0.750000
0.485082 0.773227 0.741071
0.486274 0.790210 0.803571
0.465805 0.794206 0.803571
0.499498 0.777223 0.750000
0.478289 0.797203 0.812500
0.474052 0.765235 0.732143
0.492568 0.794206 0.776786
0.469520 0.785215 0.750000
0.463438 0.784216 0.750000
0.465145 0.788212 0.750000
0.479494 0.789211 0.794643
0.482440 0.768232 0.723214
0.470583 0.795205 0.794643
0.483024 0.776224 0.758929
0.472152 0.779221 0.758929
0.460697 0.775225 0.750000
0.485650 0.802198 0.812500
0.479167 0.772228 0.732143
0.470619 0.781219 0.732143
0.458456 0.800200 0.803571
0.479504 0.798202 0.803571
0.482865 0.792208 0.812500
0.482530 0.774226 0.750000
0.481275 0.785215 0.785714
0.452110 0.801199 0.812500
0.489233 0.798202 0.794643
0.466562 0.790210 0.776786
0.480883 0.793207 0.767857
0.467420 0.767233 0.750000
0.484230 0.801199 0.785714
0.458113 0.800200 0.767857
0.475801 0.780220 0.767857
0.455786 0.796204 0.776786
0.475011 0.785215 0.741071
0.466598 0.768232 0.741071
0.473517 0.795205 0.803571
0.463903 0.764236 0.767857
0.487086 0.790210 0.767857
0.461912 0.796204 0.803571
0.439896 0.794206 0.803571
0.473371 0.780220 0.785714
0.444423 0.798202 0.821429
0.459497 0.786214 0.785714
0.476634 0.782218 0.758929
0.473000 0.793207 0.803571
0.472903 0.794206 0.803571
0.463284 0.783217 0.758929
0.478387 0.791209 0.785714
0.466525 0.775225 0.750000
0.467665 0.772228 0.741071
0.478819 0.776224 0.741071
0.460776 0.804196 0.794643
0.454160 0.807193 0.812500
0.451486 0.770230 0.758929
0.450341 0.802198 0.794643
0.503497 0.782218 0.750000
0.448229 0.785215 0.750000
0.469697 0.789211 0.776786
0.452676 0.779221 0.758929
0.491997 0.794206 0.803571
0.485654 0.787213 0.758929
0.459328 0.789211 0.812500
0.473059 0.782218 0.758929
0.482940 0.784216 0.776786
0.461326 0.793207 0.794643
0.451237 0.800200 0.821429
0.486361 0.799201 0.776786
0.454747 0.796204 0.812500
0.470520 0.782218 0.750000
0.479844 0.792208 0.812500
0.465685 0.785215 0.776786
0.484158 0.773227 0.767857
0.462980 0.800200 0.794643
0.458696 0.801199 0.803571
0.460366 0.791209 0.776786
0.489968 0.777223 0.767857
0.472433 0.791209 0.785714
0.470516 0.788212 0.794643
0.475164 0.788212 0.803571
