11.136954 0.705295 0.732143
8.156927 0.738262 0.758929
5.284607 0.735265 0.732143
2.708201 0.701299 0.741071
1.841377 0.719281 0.723214
2.206312 0.741259 0.750000
2.108803 0.731269 0.750000
1.772724 0.711289 0.723214
1.453093 0.749251 0.767857
1.541365 0.626374 0.598214
1.473658 0.736264 0.714286
1.080822 0.748252 0.776786
0.868846 0.724276 0.750000
0.749202 0.626374 0.598214
0.876342 0.705295 0.714286
0.757056 0.685315 0.660714
0.835121 0.749251 0.758929
0.714205 0.753247 0.758929
0.607712 0.720280 0.705357
0.725238 0.749251 0.750000
0.876563 0.764236 0.750000
0.625832 0.669331 0.651786
0.599895 0.740260 0.758929
0.655429 0.746254 0.705357
0.687129 0.760240 0.732143
0.675499 0.747253 0.723214
0.732692 0.730270 0.723214
0.648521 0.766234 0.767857
0.593261 0.730270 0.705357
0.615159 0.742258 0.750000
0.655264 0.769231 0.705357
0.656338 0.731269 0.669643
0.642569 0.763237 0.732143
0.618540 0.732268 0.687500
0.618860 0.738262 0.750000
0.581105 0.731269 0.714286
0.581122 0.752248 0.767857
0.579501 0.763237 0.758929
0.570361 0.761239 0.732143
0.548525 0.765235 0.750000
0.637503 0.736264 0.750000
0.602811 0.664336 0.669643
0.556414 0.765235 0.714286
0.560170 0.745255 0.741071
0.711504 0.738262 0.785714
0.652820 0.715285 0.714286
0.638283 0.732268 0.705357
0.601572 0.739261 0.696429
0.593032 0.751249 0.767857
0.581266 0.764236 0.750000
0.542580 0.755245 0.714286
0.557294 0.748252 0.732143
0.581392 0.738262 0.696429
0.545423 0.756244 0.696429
0.568619 0.720280 0.705357
0.545229 0.765235 0.767857
0.554944 0.759241 0.687500
0.572145 0.768232 0.723214
0.569866 0.766234 0.723214
0.519808 0.759241 0.705357
0.539599 0.768232 0.758929
0.546038 0.747253 0.678571
0.590797 0.756244 0.732143
0.537577 0.755245 0.741071
0.560249 0.768232 0.750000
0.539771 0.773227 0.750000
0.550803 0.768232 0.732143
0.569879 0.765235 0.723214
0.579467 0.763237 0.750000
0.539342 0.764236 0.714286
0.556892 0.738262 0.696429
0.546518 0.759241 0.732143
0.534304 0.747253 0.723214
0.536086 0.771229 0.741071
0.556163 0.733267 0.687500
0.538416 0.767233 0.758929
0.548460 0.766234 0.741071
0.554303 0.776224 0.714286
0.570189 0.727273 0.732143
0.547528 0.748252 0.669643
0.560043 0.682318 0.651786
0.546796 0.773227 0.714286
0.512185 0.752248 0.741071
0.537281 0.756244 0.705357
0.522024 0.757243 0.723214
0.555860 0.766234 0.714286
0.540295 0.754246 0.714286
0.553208 0.754246 0.723214
0.550934 0.773227 0.732143
0.546888 0.766234 0.750000
0.548324 0.757243 0.705357
0.541009 0.694306 0.678571
0.538113 0.751249 0.723214
0.551282 0.767233 0.714286
0.542740 0.775225 0.741071
0.552599 0.748252 0.732143
0.549607 0.759241 0.732143
0.540352 0.766234 0.696429
0.534110 0.792208 0.723214
0.522076 0.758242 0.732143
0.524445 0.770230 0.758929
0.545981 0.768232 0.750000
0.542407 0.768232 0.732143
0.541115 0.769231 0.758929
0.543322 0.764236 0.732143
0.565405 0.772228 0.741071
0.514979 0.782218 0.723214
0.548135 0.774226 0.732143
0.529779 0.774226 0.776786
0.521943 0.766234 0.705357
0.505489 0.779221 0.732143
0.525233 0.756244 0.714286
0.514411 0.775225 0.758929
0.542517 0.763237 0.732143
0.524991 0.776224 0.758929
0.520950 0.778222 0.750000
0.520956 0.773227 0.750000
0.494959 0.763237 0.714286
0.519859 0.762238 0.723214
0.511976 0.789211 0.741071
0.533501 0.776224 0.741071
0.504120 0.785215 0.741071
0.499508 0.768232 0.741071
0.521968 0.758242 0.705357
0.502675 0.764236 0.723214
0.521069 0.771229 0.767857
0.525504 0.778222 0.732143
0.518254 0.785215 0.732143
0.537962 0.767233 0.750000
0.498932 0.784216 0.758929
0.496066 0.782218 0.758929
0.529702 0.766234 0.714286
0.521846 0.787213 0.741071
0.542693 0.779221 0.723214
0.513512 0.770230 0.687500
0.522977 0.778222 0.714286
0.505812 0.767233 0.678571
0.523177 0.783217 0.732143
0.532602 0.771229 0.732143
0.514016 0.774226 0.741071
0.496937 0.792208 0.723214
0.533603 0.785215 0.741071
0.519250 0.791209 0.758929
0.507303 0.787213 0.776786
0.525781 0.767233 0.723214
0.497678 0.788212 0.741071
0.520410 0.770230 0.767857
0.520979 0.776224 0.750000
0.499885 0.770230 0.705357
0.483456 0.788212 0.758929
0.496750 0.781219 0.758929
0.495765 0.781219 0.714286
0.478930 0.784216 0.750000
0.488627 0.787213 0.732143
0.498457 0.780220 0.758929
0.477063 0.783217 0.714286
0.508341 0.795205 0.794643
0.517459 0.787213 0.732143
0.517654 0.791209 0.758929
0.481371 0.793207 0.758929
0.501121 0.784216 0.714286
0.490986 0.780220 0.705357
0.493321 0.786214 0.723214
0.471262 0.769231 0.705357
0.492207 0.764236 0.678571
0.488040 0.791209 0.750000
0.503098 0.785215 0.732143
0.516500 0.773227 0.696429
0.466281 0.798202 0.794643
0.494771 0.754246 0.669643
0.489131 0.786214 0.732143
0.509815 0.770230 0.741071
0.481906 0.783217 0.732143
0.465148 0.783217 0.750000
0.491868 0.792208 0.758929
0.494943 0.782218 0.714286
0.485037 0.759241 0.723214
0.478193 0.756244 0.714286
0.492925 0.773227 0.705357
0.487544 0.801199 0.750000
0.470230 0.780220 0.723214
0.478703 0.780220 0.723214
0.493608 0.778222 0.714286
0.492634 0.766234 0.750000
0.464304 0.787213 0.750000
0.501624 0.802198 0.758929
0.480940 0.780220 0.705357
0.486660 0.794206 0.767857
0.485607 0.787213 0.732143
0.463849 0.785215 0.705357
0.493520 0.780220 0.687500
0.506260 0.772228 0.696429
0.462657 0.784216 0.696429
0.485640 0.796204 0.732143
0.500219 0.791209 0.758929
0.479127 0.773227 0.678571
0.475193 0.793207 0.732143
0.490157 0.793207 0.714286
0.483267 0.792208 0.696429
0.473753 0.797203 0.723214
0.490382 0.797203 0.750000
0.486784 0.808192 0.732143
0.442061 0.808192 0.732143
0.470256 0.784216 0.732143
0.473356 0.794206 0.714286
0.451156 0.796204 0.714286
0.475994 0.799201 0.687500
0.463733 0.796204 0.714286
0.484539 0.801199 0.750000
0.443122 0.810190 0.723214
0.471653 0.802198 0.705357
0.463752 0.807193 0.723214
0.485863 0.773227 0.696429
0.480413 0.812188 0.714286
0.444848 0.798202 0.705357
0.461245 0.790210 0.696429
0.486832 0.804196 0.714286
0.468328 0.805195 0.741071
0.481894 0.795205 0.669643
0.445176 0.798202 0.678571
0.469055 0.800200 0.696429
0.456519 0.789211 0.687500
0.468103 0.807193 0.696429
0.478073 0.805195 0.714286
0.448461 0.798202 0.696429
0.446647 0.818182 0.732143
0.461786 0.817183 0.732143
0.467024 0.812188 0.705357
0.452067 0.812188 0.714286
0.434601 0.812188 0.705357
0.451088 0.813187 0.723214
0.453215 0.795205 0.723214
0.453566 0.823177 0.723214
0.450134 0.826174 0.714286
0.476544 0.812188 0.714286
0.436952 0.818182 0.750000
0.464994 0.812188 0.723214
0.437644 0.780220 0.705357
0.452293 0.807193 0.732143
0.446099 0.819181 0.732143
0.448903 0.819181 0.714286
0.451456 0.806194 0.678571
0.467374 0.809191 0.696429
0.454079 0.818182 0.741071
0.446110 0.813187 0.678571
0.439999 0.812188 0.723214
0.440951 0.825175 0.750000
0.437205 0.817183 0.705357
0.486676 0.818182 0.723214
0.444190 0.827173 0.723214
0.494848 0.812188 0.705357
0.427849 0.819181 0.758929
0.437430 0.825175 0.741071
0.441037 0.815185 0.714286
0.438673 0.820180 0.732143
0.445152 0.800200 0.705357
0.433124 0.815185 0.705357
0.460815 0.807193 0.714286
0.447290 0.820180 0.705357
0.439293 0.824176 0.741071
0.444331 0.821179 0.723214
0.452760 0.804196 0.705357
0.428127 0.828172 0.750000
0.428822 0.820180 0.714286
0.448374 0.830170 0.741071
0.438786 0.830170 0.732143
0.444068 0.809191 0.723214
0.466174 0.833167 0.767857
0.414917 0.835165 0.741071
0.441396 0.817183 0.741071
0.431462 0.827173 0.732143
0.446960 0.819181 0.732143
0.445879 0.824176 0.705357
0.442634 0.835165 0.714286
0.464488 0.820180 0.723214
0.424885 0.832168 0.696429
0.420703 0.814186 0.732143
0.438524 0.835165 0.741071
0.423268 0.829171 0.714286
0.443172 0.821179 0.714286
0.429229 0.828172 0.723214
0.444407 0.833167 0.732143
0.445795 0.810190 0.705357
0.447808 0.831169 0.758929
0.436470 0.804196 0.732143
0.431356 0.798202 0.705357
0.441699 0.822178 0.714286
0.451909 0.841159 0.714286
0.433434 0.826174 0.723214
0.428467 0.820180 0.714286
0.414731 0.844156 0.750000
0.434132 0.844156 0.723214
0.428997 0.842158 0.750000
0.433088 0.823177 0.758929
0.437193 0.841159 0.741071
0.408737 0.841159 0.758929
0.430269 0.845155 0.750000
0.442525 0.836164 0.723214
0.418683 0.839161 0.741071
0.425382 0.816184 0.723214
0.427423 0.846154 0.741071
0.411679 0.844156 0.741071
0.437166 0.828172 0.723214
0.408618 0.846154 0.741071
0.414183 0.836164 0.732143
0.422035 0.816184 0.723214
0.438527 0.838162 0.741071
0.426498 0.804196 0.723214
0.443640 0.847153 0.723214
0.421974 0.851149 0.723214
0.384961 0.843157 0.741071
0.451599 0.837163 0.750000
0.403966 0.850150 0.723214
0.408808 0.843157 0.723214
0.424150 0.823177 0.714286
0.431797 0.852148 0.750000
0.413704 0.855145 0.732143
0.421637 0.829171 0.714286
0.421532 0.847153 0.732143
0.425726 0.817183 0.750000
0.430102 0.811189 0.723214
0.429302 0.822178 0.714286
0.426400 0.855145 0.723214
0.402658 0.844156 0.767857
0.412220 0.822178 0.767857
0.387370 0.848152 0.758929
0.443833 0.832168 0.732143
0.408323 0.834166 0.723214
0.422016 0.841159 0.732143
0.421344 0.821179 0.723214
0.450957 0.846154 0.732143
0.432623 0.856144 0.732143
0.418911 0.846154 0.723214
0.421020 0.839161 0.723214
0.420973 0.847153 0.723214
0.398171 0.857143 0.732143
0.403792 0.853147 0.732143
0.421984 0.855145 0.750000
0.432090 0.851149 0.750000
0.414750 0.828172 0.723214
0.437605 0.844156 0.741071
0.424255 0.841159 0.732143
0.412153 0.836164 0.714286
0.411379 0.857143 0.723214
0.416485 0.859141 0.732143
0.400135 0.854146 0.732143
0.420689 0.833167 0.696429
0.418574 0.848152 0.723214
0.414828 0.852148 0.732143
0.415395 0.850150 0.750000
