8.085737 0.667333 0.669643
5.293325 0.651349 0.669643
3.640784 0.658342 0.678571
2.578788 0.658342 0.750000
2.405082 0.632368 0.633929
2.675984 0.672328 0.625000
2.872577 0.697303 0.714286
1.787149 0.754246 0.750000
1.771844 0.675325 0.732143
2.137740 0.644356 0.696429
1.548730 0.719281 0.705357
1.364522 0.679321 0.696429
1.284383 0.683317 0.741071
1.001043 0.705295 0.696429
1.074788 0.713287 0.732143
0.970867 0.720280 0.732143
1.006702 0.744256 0.723214
0.856440 0.702298 0.741071
0.771948 0.667333 0.758929
0.896469 0.659341 0.714286
0.886740 0.710290 0.687500
0.730135 0.704296 0.696429
0.746910 0.750250 0.723214
0.725316 0.737263 0.723214
0.828811 0.692308 0.750000
0.779187 0.746254 0.723214
0.707552 0.708292 0.750000
0.640154 0.733267 0.732143
0.673379 0.744256 0.714286
0.653349 0.747253 0.732143
0.664748 0.716284 0.732143
0.639279 0.740260 0.714286
0.659965 0.706294 0.714286
0.615991 0.722278 0.741071
0.665361 0.698302 0.660714
0.584050 0.718282 0.687500
0.602015 0.743257 0.741071
0.577915 0.747253 0.750000
0.588432 0.727273 0.732143
0.582269 0.743257 0.732143
0.709977 0.744256 0.750000
0.615949 0.655345 0.705357
0.604975 0.701299 0.651786
0.605527 0.717283 0.696429
0.624691 0.729271 0.714286
0.601631 0.677323 0.625000
0.606528 0.407592 0.401786
0.571703 0.404595 0.401786
0.599978 0.728272 0.750000
0.591036 0.745255 0.750000
0.564968 0.733267 0.732143
0.578602 0.735265 0.705357
0.606981 0.718282 0.705357
0.559468 0.751249 0.732143
0.590151 0.583417 0.562500
0.569871 0.750250 0.750000
0.570506 0.753247 0.723214
0.607746 0.731269 0.732143
0.598950 0.736264 0.705357
0.549628 0.746254 0.741071
0.561401 0.741259 0.723214
0.563641 0.718282 0.705357
0.611485 0.734266 0.723214
0.549664 0.745255 0.732143
0.572471 0.725275 0.732143
0.567659 0.745255 0.750000
0.591384 0.737263 0.758929
0.586651 0.750250 0.732143
0.613715 0.734266 0.741071
0.556397 0.742258 0.705357
0.583864 0.740260 0.705357
0.572936 0.736264 0.758929
0.576244 0.727273 0.705357
0.566001 0.751249 0.732143
0.584236 0.733267 0.723214
0.547241 0.748252 0.732143
0.578083 0.689311 0.669643
0.588758 0.712288 0.669643
0.596974 0.708292 0.651786
0.591551 0.707293 0.705357
0.597821 0.708292 0.705357
0.582395 0.747253 0.750000
0.547613 0.723277 0.750000
0.583010 0.724276 0.758929
0.559308 0.689311 0.732143
0.567272 0.705295 0.642857
0.556542 0.725275 0.714286
0.585890 0.695305 0.750000
0.591837 0.745255 0.732143
0.580044 0.743257 0.732143
0.583589 0.564436 0.562500
0.582789 0.699301 0.696429
0.584273 0.706294 0.741071
0.590051 0.731269 0.714286
0.575499 0.759241 0.732143
0.567849 0.725275 0.767857
0.571835 0.698302 0.741071
0.580024 0.739261 0.723214
0.562706 0.733267 0.714286
0.566146 0.749251 0.750000
0.564980 0.756244 0.723214
0.586505 0.746254 0.723214
0.573464 0.750250 0.714286
0.571191 0.742258 0.732143
0.587003 0.751249 0.723214
0.584507 0.732268 0.732143
0.562679 0.740260 0.732143
0.583180 0.740260 0.723214
0.565401 0.747253 0.723214
0.551532 0.732268 0.732143
0.537372 0.733267 0.741071
0.573555 0.733267 0.741071
0.553682 0.741259 0.732143
0.587699 0.742258 0.714286
0.570347 0.741259 0.758929
0.563285 0.754246 0.741071
0.555313 0.749251 0.732143
0.533608 0.737263 0.723214
0.567130 0.744256 0.750000
0.555071 0.748252 0.741071
0.585418 0.752248 0.741071
0.541665 0.747253 0.732143
0.557758 0.719281 0.723214
0.556269 0.743257 0.732143
0.558461 0.740260 0.732143
0.544853 0.732268 0.741071
0.570895 0.726274 0.705357
0.585852 0.740260 0.723214
0.581023 0.734266 0.741071
0.539533 0.751249 0.750000
0.537407 0.742258 0.723214
0.569694 0.753247 0.732143
0.560468 0.686314 0.696429
0.565610 0.735265 0.723214
0.569972 0.713287 0.723214
0.568898 0.736264 0.732143
0.563469 0.738262 0.732143
0.552916 0.739261 0.767857
0.564577 0.727273 0.723214
0.541595 0.750250 0.741071
0.536083 0.750250 0.732143
0.588207 0.750250 0.732143
0.578471 0.734266 0.732143
0.547942 0.738262 0.741071
0.588742 0.737263 0.741071
0.543806 0.738262 0.732143
0.549860 0.720280 0.732143
0.560032 0.741259 0.732143
0.565136 0.747253 0.750000
0.527259 0.754246 0.732143
0.544009 0.737263 0.732143
0.541594 0.736264 0.732143
0.528969 0.743257 0.732143
0.539561 0.741259 0.741071
0.551670 0.728272 0.767857
0.532729 0.741259 0.732143
0.561998 0.745255 0.732143
0.556419 0.756244 0.732143
0.557325 0.742258 0.758929
0.540092 0.738262 0.741071
0.535188 0.743257 0.758929
0.555722 0.739261 0.723214
0.553347 0.734266 0.741071
0.522672 0.741259 0.723214
0.551662 0.733267 0.741071
0.542047 0.747253 0.741071
0.554661 0.739261 0.723214
0.566211 0.714286 0.732143
0.528636 0.753247 0.741071
0.565539 0.713287 0.750000
0.539612 0.737263 0.750000
0.546775 0.742258 0.732143
0.539587 0.745255 0.723214
0.515655 0.742258 0.741071
0.559996 0.750250 0.732143
0.556535 0.745255 0.723214
0.543543 0.731269 0.741071
0.536055 0.741259 0.723214
0.549852 0.742258 0.723214
0.539688 0.752248 0.723214
0.537474 0.736264 0.732143
0.538978 0.743257 0.723214
0.534062 0.749251 0.723214
0.556083 0.745255 0.723214
0.514538 0.746254 0.741071
0.569944 0.745255 0.758929
0.552350 0.733267 0.732143
0.540798 0.753247 0.750000
0.525319 0.745255 0.758929
0.544628 0.728272 0.741071
0.544730 0.742258 0.750000
0.572469 0.724276 0.750000
0.528699 0.735265 0.732143
0.542029 0.735265 0.732143
0.564270 0.751249 0.723214
0.538962 0.714286 0.741071
0.551540 0.738262 0.723214
0.560430 0.739261 0.732143
0.540648 0.737263 0.741071
0.549079 0.743257 0.750000
0.541096 0.751249 0.741071
0.551916 0.749251 0.714286
0.516092 0.746254 0.741071
0.543762 0.748252 0.723214
0.541973 0.739261 0.723214
0.546374 0.735265 0.750000
0.534209 0.743257 0.741071
0.544394 0.747253 0.714286
0.566742 0.745255 0.732143
0.533456 0.758242 0.741071
0.568948 0.740260 0.741071
0.541515 0.741259 0.750000
0.564655 0.732268 0.750000
0.549927 0.740260 0.732143
0.532979 0.741259 0.732143
0.538481 0.739261 0.750000
0.567508 0.743257 0.732143
0.532122 0.743257 0.723214
0.581200 0.739261 0.750000
0.532492 0.738262 0.750000
0.540307 0.733267 0.741071
0.540754 0.744256 0.732143
0.548094 0.739261 0.741071
0.540174 0.738262 0.750000
0.529745 0.736264 0.750000
0.534328 0.733267 0.732143
0.532439 0.735265 0.750000
0.538738 0.740260 0.750000
0.549461 0.743257 0.750000
0.534716 0.732268 0.750000
0.549867 0.743257 0.741071
0.541902 0.743257 0.732143
0.525959 0.740260 0.741071
0.540095 0.738262 0.750000
0.550056 0.739261 0.741071
0.527076 0.744256 0.732143
0.545346 0.738262 0.741071
0.540412 0.742258 0.723214
0.539425 0.746254 0.714286
0.543502 0.741259 0.741071
0.536843 0.741259 0.732143
0.548259 0.738262 0.732143
0.555933 0.717283 0.758929
0.539024 0.740260 0.723214
0.537041 0.743257 0.732143
0.526459 0.747253 0.732143
0.556851 0.753247 0.714286
0.538255 0.741259 0.732143
0.547376 0.742258 0.741071
0.540510 0.743257 0.732143
0.573565 0.740260 0.741071
0.526517 0.745255 0.741071
0.528563 0.743257 0.750000
0.566608 0.750250 0.723214
0.533660 0.748252 0.723214
0.550860 0.746254 0.723214
0.545528 0.750250 0.732143
0.539900 0.749251 0.750000
0.540670 0.738262 0.750000
0.534492 0.746254 0.705357
0.529709 0.745255 0.741071
0.538369 0.749251 0.758929
0.522890 0.745255 0.750000
0.527734 0.746254 0.732143
0.536975 0.739261 0.741071
0.553950 0.742258 0.732143
0.542633 0.739261 0.750000
0.564634 0.745255 0.741071
0.532437 0.739261 0.750000
0.536912 0.742258 0.758929
0.551274 0.745255 0.750000
0.538963 0.742258 0.750000
0.549288 0.742258 0.750000
0.538402 0.746254 0.758929
0.554767 0.738262 0.741071
0.537550 0.749251 0.741071
0.517581 0.755245 0.732143
0.551877 0.745255 0.741071
0.531208 0.747253 0.758929
0.543390 0.752248 0.741071
0.523933 0.748252 0.741071
0.550001 0.748252 0.741071
0.541182 0.741259 0.750000
0.536621 0.746254 0.723214
0.540706 0.755245 0.758929
0.545925 0.750250 0.732143
0.529631 0.747253 0.732143
0.532824 0.749251 0.750000
0.554973 0.751249 0.723214
0.527762 0.747253 0.732143
0.523383 0.744256 0.750000
0.556870 0.744256 0.750000
0.528910 0.743257 0.750000
0.547479 0.747253 0.741071
0.550605 0.743257 0.750000
0.512111 0.747253 0.758929
0.540285 0.739261 0.750000
0.543711 0.742258 0.758929
0.524606 0.750250 0.741071
0.539839 0.748252 0.741071
0.545244 0.738262 0.750000
0.538346 0.745255 0.741071
0.537651 0.748252 0.758929
0.531198 0.749251 0.741071
0.541484 0.747253 0.732143
0.538976 0.751249 0.750000
0.539340 0.740260 0.758929
0.539424 0.749251 0.732143
0.547740 0.748252 0.741071
0.537354 0.753247 0.758929
0.511532 0.746254 0.750000
0.538569 0.741259 0.750000
0.514526 0.746254 0.741071
0.536980 0.742258 0.741071
0.545543 0.746254 0.741071
0.540860 0.740260 0.741071
0.531692 0.743257 0.750000
0.533622 0.749251 0.750000
0.527344 0.741259 0.750000
0.525904 0.746254 0.750000
0.535414 0.742258 0.741071
0.547333 0.753247 0.732143
0.527765 0.743257 0.750000
0.518769 0.749251 0.741071
0.517809 0.751249 0.750000
0.506084 0.748252 0.750000
0.571237 0.742258 0.732143
0.528505 0.741259 0.750000
0.532184 0.750250 0.723214
0.524807 0.741259 0.750000
0.555571 0.742258 0.750000
0.558441 0.747253 0.741071
0.523462 0.747253 0.750000
0.555837 0.745255 0.750000
0.553567 0.752248 0.732143
0.548082 0.744256 0.750000
0.537507 0.746254 0.741071
0.540687 0.744256 0.750000
0.541355 0.739261 0.758929
0.526846 0.741259 0.732143
0.542522 0.749251 0.741071
0.535888 0.751249 0.732143
0.557992 0.754246 0.723214
0.540209 0.749251 0.732143
0.534519 0.747253 0.741071
0.525727 0.752248 0.723214
0.571494 0.750250 0.723214
0.543343 0.754246 0.723214
0.517865 0.747253 0.732143
0.559436 0.749251 0.723214
