7.087018 0.699301 0.705357
4.586753 0.683317 0.678571
4.534592 0.611389 0.696429
2.487592 0.711289 0.758929
2.495213 0.714286 0.705357
1.961873 0.663337 0.642857
1.656967 0.712288 0.776786
1.456387 0.746254 0.750000
1.428092 0.710290 0.758929
1.785374 0.719281 0.758929
1.400993 0.671329 0.714286
1.280026 0.736264 0.758929
0.960804 0.727273 0.714286
1.001408 0.699301 0.732143
1.105571 0.643357 0.669643
1.055914 0.734266 0.741071
1.066878 0.632368 0.651786
0.999064 0.658342 0.758929
0.978946 0.647353 0.714286
0.784315 0.731269 0.714286
0.850926 0.744256 0.705357
0.746271 0.694306 0.705357
0.801584 0.729271 0.767857
0.719619 0.708292 0.705357
0.816793 0.689311 0.723214
0.795881 0.738262 0.723214
0.702885 0.733267 0.758929
0.691393 0.705295 0.723214
0.650593 0.746254 0.741071
0.657716 0.741259 0.714286
0.657570 0.703297 0.758929
0.640683 0.726274 0.732143
0.612745 0.707293 0.723214
0.579278 0.734266 0.758929
0.635923 0.704296 0.732143
0.592028 0.742258 0.732143
0.644219 0.733267 0.723214
0.624921 0.676324 0.678571
0.624475 0.725275 0.732143
0.569387 0.706294 0.732143
0.723956 0.678322 0.723214
0.617128 0.701299 0.678571
0.579033 0.705295 0.651786
0.597175 0.742258 0.750000
0.597086 0.725275 0.732143
0.577503 0.688312 0.696429
0.597732 0.727273 0.687500
0.546849 0.749251 0.705357
0.561752 0.721279 0.741071
0.570238 0.743257 0.767857
0.546634 0.728272 0.714286
0.567801 0.676324 0.678571
0.603229 0.704296 0.705357
0.552785 0.735265 0.732143
0.577921 0.731269 0.705357
0.568211 0.739261 0.750000
0.572002 0.741259 0.732143
0.594343 0.721279 0.732143
0.578236 0.722278 0.732143
0.556211 0.734266 0.705357
0.555170 0.751249 0.732143
0.560234 0.684316 0.678571
0.598119 0.745255 0.732143
0.540156 0.752248 0.758929
0.574649 0.725275 0.732143
0.553976 0.753247 0.750000
0.580623 0.736264 0.714286
0.578918 0.758242 0.741071
0.603148 0.737263 0.758929
0.543022 0.749251 0.750000
0.571228 0.724276 0.758929
0.567024 0.719281 0.732143
0.559762 0.736264 0.732143
0.547782 0.745255 0.741071
0.554319 0.736264 0.723214
0.541833 0.671329 0.741071
0.571002 0.722278 0.678571
0.583942 0.745255 0.714286
0.590113 0.744256 0.705357
0.576565 0.729271 0.696429
0.587885 0.717283 0.660714
0.574801 0.724276 0.732143
0.538503 0.703297 0.750000
0.577307 0.731269 0.723214
0.550132 0.734266 0.758929
0.571045 0.743257 0.741071
0.544855 0.747253 0.758929
0.564945 0.728272 0.723214
0.582849 0.751249 0.741071
0.573656 0.749251 0.723214
0.581913 0.731269 0.678571
0.578418 0.699301 0.705357
0.566911 0.748252 0.758929
0.570525 0.743257 0.723214
0.570855 0.754246 0.758929
0.568318 0.744256 0.758929
0.565111 0.721279 0.741071
0.551382 0.751249 0.723214
0.559624 0.731269 0.732143
0.538678 0.748252 0.741071
0.543529 0.746254 0.776786
0.583412 0.752248 0.767857
0.570746 0.755245 0.741071
0.559421 0.737263 0.714286
0.572467 0.745255 0.732143
0.572419 0.758242 0.741071
0.551437 0.758242 0.758929
0.581889 0.754246 0.758929
0.553640 0.752248 0.705357
0.542713 0.751249 0.732143
0.514992 0.754246 0.767857
0.558971 0.752248 0.767857
0.546127 0.745255 0.750000
0.579435 0.759241 0.741071
0.556026 0.741259 0.741071
0.558100 0.760240 0.741071
0.541207 0.758242 0.741071
0.533043 0.748252 0.732143
0.545433 0.744256 0.750000
0.544981 0.770230 0.758929
0.568919 0.757243 0.741071
0.520437 0.755245 0.741071
0.554422 0.747253 0.758929
0.550685 0.729271 0.750000
0.554671 0.729271 0.696429
0.531621 0.745255 0.767857
0.561903 0.731269 0.723214
0.581493 0.742258 0.750000
0.578293 0.749251 0.714286
0.540902 0.762238 0.767857
0.538135 0.753247 0.758929
0.569867 0.753247 0.758929
0.556294 0.740260 0.750000
0.556289 0.745255 0.741071
0.553091 0.733267 0.750000
0.568883 0.741259 0.741071
0.556874 0.748252 0.714286
0.551343 0.737263 0.732143
0.558231 0.740260 0.750000
0.537080 0.740260 0.758929
0.528074 0.748252 0.732143
0.574586 0.755245 0.723214
0.560976 0.758242 0.732143
0.549338 0.758242 0.741071
0.578215 0.751249 0.758929
0.532901 0.753247 0.741071
0.545845 0.745255 0.741071
0.554010 0.757243 0.767857
0.546253 0.744256 0.758929
0.515567 0.757243 0.776786
0.534254 0.761239 0.767857
0.533149 0.755245 0.758929
0.523080 0.759241 0.741071
0.532492 0.764236 0.750000
0.528257 0.762238 0.741071
0.523812 0.761239 0.741071
0.558842 0.754246 0.732143
0.541852 0.761239 0.750000
0.556003 0.754246 0.741071
0.534674 0.752248 0.750000
0.532771 0.767233 0.767857
0.545170 0.760240 0.750000
0.537193 0.758242 0.767857
0.513452 0.749251 0.741071
0.536259 0.743257 0.741071
0.541643 0.767233 0.750000
0.548277 0.761239 0.750000
0.550839 0.756244 0.741071
0.520638 0.760240 0.741071
0.548065 0.722278 0.741071
0.533848 0.770230 0.767857
0.534991 0.768232 0.750000
0.527165 0.757243 0.741071
0.503630 0.763237 0.750000
0.551584 0.757243 0.758929
0.543564 0.771229 0.758929
0.536088 0.748252 0.723214
0.524203 0.757243 0.767857
0.534611 0.760240 0.750000
0.531803 0.758242 0.741071
0.530749 0.759241 0.741071
0.527704 0.759241 0.732143
0.529830 0.755245 0.732143
0.548740 0.757243 0.750000
0.508045 0.757243 0.767857
0.560375 0.756244 0.776786
0.536999 0.769231 0.758929
0.530053 0.762238 0.758929
0.517407 0.760240 0.767857
0.525973 0.745255 0.776786
0.530877 0.763237 0.785714
0.570656 0.728272 0.758929
0.520499 0.757243 0.767857
0.524079 0.757243 0.750000
0.554859 0.747253 0.758929
0.522481 0.766234 0.776786
0.528081 0.723277 0.758929
0.542542 0.755245 0.741071
0.534893 0.751249 0.732143
0.538048 0.756244 0.750000
0.527173 0.754246 0.741071
0.547498 0.761239 0.758929
0.504175 0.772228 0.776786
0.527971 0.761239 0.750000
0.529793 0.760240 0.741071
0.526640 0.759241 0.758929
0.528881 0.760240 0.741071
0.535322 0.763237 0.767857
0.544239 0.763237 0.767857
0.518916 0.772228 0.758929
0.550806 0.758242 0.776786
0.529229 0.757243 0.758929
0.551915 0.754246 0.758929
0.520798 0.764236 0.776786
0.515104 0.764236 0.750000
0.516671 0.769231 0.741071
0.546987 0.764236 0.741071
0.515998 0.755245 0.767857
0.569871 0.753247 0.750000
0.512115 0.756244 0.750000
0.526030 0.766234 0.767857
0.529534 0.765235 0.750000
0.526006 0.763237 0.750000
0.524084 0.770230 0.750000
0.513216 0.764236 0.758929
0.523316 0.766234 0.767857
0.517539 0.764236 0.767857
0.524500 0.756244 0.776786
0.530935 0.758242 0.750000
0.512119 0.757243 0.741071
0.536905 0.761239 0.750000
0.516987 0.759241 0.732143
0.508845 0.754246 0.758929
0.524433 0.781219 0.741071
0.535155 0.752248 0.758929
0.513907 0.768232 0.776786
0.534944 0.766234 0.758929
0.509146 0.763237 0.750000
0.519639 0.769231 0.776786
0.530869 0.773227 0.758929
0.516368 0.766234 0.758929
0.524273 0.769231 0.767857
0.542407 0.761239 0.741071
0.527890 0.757243 0.741071
0.524390 0.755245 0.732143
0.503303 0.762238 0.732143
0.529175 0.767233 0.750000
0.514923 0.769231 0.776786
0.526436 0.773227 0.750000
0.524643 0.762238 0.750000
0.546724 0.761239 0.741071
0.511375 0.767233 0.750000
0.503547 0.768232 0.767857
0.538041 0.766234 0.750000
0.520704 0.765235 0.732143
0.529907 0.771229 0.750000
0.529722 0.769231 0.732143
0.521808 0.766234 0.741071
0.521103 0.765235 0.750000
0.525064 0.769231 0.732143
0.506991 0.778222 0.750000
0.524162 0.773227 0.741071
0.514373 0.764236 0.750000
0.504989 0.779221 0.723214
0.517381 0.768232 0.758929
0.534405 0.769231 0.750000
0.527511 0.772228 0.758929
0.537754 0.768232 0.732143
0.504786 0.765235 0.758929
0.514633 0.768232 0.758929
0.527526 0.780220 0.750000
0.522964 0.768232 0.758929
0.529335 0.773227 0.758929
0.521394 0.767233 0.758929
0.533430 0.772228 0.741071
0.515792 0.761239 0.758929
0.497787 0.769231 0.758929
0.525825 0.766234 0.767857
0.525420 0.772228 0.750000
0.529166 0.772228 0.741071
0.513160 0.772228 0.767857
0.524136 0.773227 0.767857
0.516829 0.767233 0.741071
0.518953 0.770230 0.758929
0.531337 0.760240 0.758929
0.516119 0.774226 0.750000
0.509253 0.772228 0.758929
0.510136 0.774226 0.750000
0.531408 0.774226 0.767857
0.510056 0.772228 0.758929
0.504513 0.772228 0.750000
0.533687 0.764236 0.741071
0.512168 0.763237 0.758929
0.536260 0.764236 0.723214
0.537341 0.769231 0.758929
0.496470 0.768232 0.741071
0.513370 0.770230 0.776786
0.516941 0.775225 0.750000
0.509711 0.770230 0.750000
0.523933 0.766234 0.750000
0.535257 0.759241 0.714286
0.513082 0.771229 0.767857
0.522208 0.767233 0.758929
0.502632 0.777223 0.758929
0.522673 0.771229 0.750000
0.528826 0.770230 0.741071
0.517076 0.762238 0.732143
0.506404 0.761239 0.714286
0.522736 0.771229 0.750000
0.513342 0.772228 0.741071
0.497609 0.769231 0.723214
0.537386 0.763237 0.723214
0.497644 0.770230 0.741071
0.522425 0.774226 0.741071
0.526888 0.772228 0.750000
0.532167 0.771229 0.714286
0.510836 0.772228 0.732143
0.515224 0.772228 0.741071
0.512540 0.773227 0.732143
0.505000 0.765235 0.723214
0.510760 0.766234 0.750000
0.521702 0.771229 0.741071
0.512580 0.773227 0.741071
0.503183 0.770230 0.732143
0.498577 0.766234 0.723214
0.484724 0.757243 0.723214
0.529840 0.772228 0.732143
0.504489 0.767233 0.732143
0.518482 0.763237 0.741071
0.505311 0.777223 0.750000
0.525813 0.772228 0.741071
0.539028 0.770230 0.723214
0.502228 0.774226 0.732143
0.526758 0.777223 0.723214
0.528984 0.764236 0.723214
0.526592 0.767233 0.714286
0.511289 0.776224 0.750000
0.526928 0.769231 0.741071
0.523793 0.761239 0.723214
0.511943 0.768232 0.723214
0.522315 0.766234 0.732143
0.513394 0.771229 0.714286
0.519856 0.774226 0.758929
0.523152 0.774226 0.758929
0.514581 0.765235 0.741071
0.507836 0.779221 0.758929
0.547481 0.774226 0.732143
0.526067 0.769231 0.732143
0.499176 0.779221 0.750000
0.538305 0.773227 0.732143
