8.546159 0.653347 0.660714
4.999353 0.702298 0.732143
3.211295 0.743257 0.758929
2.361909 0.720280 0.750000
2.507388 0.715285 0.687500
1.965438 0.698302 0.669643
2.845422 0.741259 0.732143
1.601927 0.728272 0.758929
1.712840 0.740260 0.758929
1.502213 0.734266 0.732143
1.215561 0.741259 0.732143
1.356124 0.728272 0.687500
0.992121 0.647353 0.607143
0.935423 0.657343 0.696429
0.846725 0.708292 0.758929
0.710421 0.728272 0.758929
0.850281 0.733267 0.732143
0.684304 0.678322 0.750000
0.664108 0.737263 0.750000
0.696005 0.740260 0.732143
0.676654 0.723277 0.750000
0.633312 0.672328 0.714286
0.658769 0.657343 0.642857
0.643011 0.752248 0.741071
0.661226 0.752248 0.750000
0.668129 0.735265 0.750000
0.648914 0.757243 0.758929
0.572266 0.726274 0.741071
0.587592 0.747253 0.750000
0.584632 0.715285 0.732143
0.615914 0.743257 0.741071
0.611184 0.614386 0.607143
0.608621 0.732268 0.714286
0.558197 0.696304 0.651786
0.635847 0.723277 0.732143
0.574162 0.448551 0.419643
0.605965 0.631369 0.651786
0.569580 0.601399 0.544643
0.581953 0.718282 0.750000
0.557270 0.741259 0.750000
0.683269 0.732268 0.741071
0.620954 0.564436 0.562500
0.572724 0.678322 0.651786
0.584371 0.728272 0.696429
0.587613 0.509491 0.553571
0.578606 0.565435 0.553571
0.560469 0.749251 0.750000
0.543352 0.744256 0.732143
0.587488 0.429570 0.437500
0.586202 0.755245 0.750000
0.547833 0.734266 0.767857
0.575237 0.703297 0.723214
0.584717 0.703297 0.705357
0.545002 0.732268 0.750000
0.588035 0.720280 0.705357
0.560594 0.751249 0.741071
0.568538 0.732268 0.732143
0.577889 0.721279 0.741071
0.574889 0.743257 0.750000
0.540288 0.724276 0.723214
0.546489 0.757243 0.758929
0.541790 0.680320 0.741071
0.599899 0.726274 0.758929
0.553759 0.733267 0.714286
0.561580 0.593407 0.526786
0.565303 0.725275 0.758929
0.572061 0.758242 0.767857
0.569265 0.739261 0.767857
0.591542 0.747253 0.732143
0.539928 0.713287 0.723214
0.563802 0.617383 0.598214
0.560541 0.749251 0.732143
0.544121 0.666334 0.660714
0.558352 0.627373 0.535714
0.563436 0.733267 0.723214
0.533162 0.725275 0.687500
0.560944 0.671329 0.678571
0.577588 0.616384 0.580357
0.582307 0.625375 0.625000
0.580056 0.648352 0.553571
0.604844 0.743257 0.750000
0.571186 0.736264 0.714286
0.539919 0.739261 0.750000
0.560397 0.723277 0.723214
0.548877 0.705295 0.687500
0.578756 0.742258 0.758929
0.534881 0.737263 0.794643
0.569752 0.697303 0.750000
0.575394 0.749251 0.741071
0.575193 0.732268 0.741071
0.583893 0.746254 0.750000
0.566360 0.652348 0.678571
0.569848 0.667333 0.714286
0.570996 0.749251 0.750000
0.563486 0.739261 0.750000
0.566205 0.750250 0.767857
0.573321 0.614386 0.598214
0.552546 0.730270 0.758929
0.561434 0.750250 0.741071
0.553522 0.753247 0.767857
0.536817 0.751249 0.776786
0.579813 0.747253 0.776786
0.561299 0.759241 0.776786
0.551082 0.752248 0.767857
0.573383 0.727273 0.758929
0.572649 0.735265 0.750000
0.550835 0.727273 0.767857
0.566827 0.736264 0.767857
0.551678 0.755245 0.785714
0.543283 0.734266 0.758929
0.525964 0.723277 0.758929
0.572244 0.721279 0.750000
0.552790 0.752248 0.758929
0.574611 0.732268 0.758929
0.552303 0.759241 0.794643
0.547402 0.758242 0.767857
0.538931 0.752248 0.776786
0.530053 0.642358 0.625000
0.543216 0.728272 0.714286
0.543195 0.749251 0.732143
0.574213 0.746254 0.776786
0.527449 0.750250 0.750000
0.563525 0.722278 0.723214
0.549656 0.743257 0.758929
0.552607 0.733267 0.732143
0.540214 0.750250 0.767857
0.555311 0.719281 0.714286
0.579277 0.739261 0.750000
0.553366 0.745255 0.758929
0.536818 0.763237 0.758929
0.529992 0.745255 0.741071
0.551986 0.746254 0.776786
0.557730 0.742258 0.767857
0.551255 0.729271 0.741071
0.549930 0.711289 0.714286
0.558494 0.718282 0.714286
0.550037 0.713287 0.741071
0.551352 0.746254 0.776786
0.555675 0.731269 0.758929
0.537800 0.757243 0.767857
0.531201 0.749251 0.750000
0.573168 0.752248 0.767857
0.563284 0.749251 0.750000
0.545088 0.759241 0.767857
0.581007 0.745255 0.767857
0.540929 0.749251 0.750000
0.537157 0.726274 0.732143
0.551068 0.752248 0.767857
0.547776 0.746254 0.750000
0.523102 0.748252 0.767857
0.527325 0.746254 0.776786
0.531796 0.743257 0.767857
0.523289 0.749251 0.794643
0.520391 0.751249 0.803571
0.546180 0.756244 0.803571
0.523793 0.743257 0.767857
0.556064 0.751249 0.767857
0.539033 0.755245 0.758929
0.554737 0.750250 0.785714
0.533475 0.751249 0.758929
0.527616 0.735265 0.750000
0.547302 0.740260 0.767857
0.538158 0.752248 0.758929
0.510075 0.723277 0.741071
0.533963 0.730270 0.767857
0.534524 0.757243 0.758929
0.548705 0.750250 0.776786
0.556378 0.746254 0.750000
0.523390 0.757243 0.776786
0.555512 0.722278 0.758929
0.531457 0.752248 0.776786
0.541803 0.744256 0.776786
0.525447 0.762238 0.750000
0.494479 0.756244 0.776786
0.554187 0.748252 0.758929
0.547118 0.740260 0.758929
0.535952 0.750250 0.776786
0.523181 0.727273 0.758929
0.534965 0.740260 0.758929
0.520507 0.739261 0.776786
0.532692 0.756244 0.776786
0.535806 0.736264 0.758929
0.520730 0.754246 0.767857
0.551467 0.749251 0.767857
0.512569 0.753247 0.767857
0.559111 0.757243 0.767857
0.541717 0.735265 0.750000
0.532423 0.763237 0.741071
0.516409 0.745255 0.776786
0.527021 0.732268 0.776786
0.537397 0.748252 0.785714
0.557585 0.735265 0.767857
0.518767 0.745255 0.758929
0.528545 0.741259 0.767857
0.552248 0.744256 0.750000
0.525514 0.759241 0.767857
0.540321 0.732268 0.741071
0.544169 0.745255 0.785714
0.538182 0.745255 0.767857
0.543730 0.745255 0.767857
0.534021 0.750250 0.776786
0.543605 0.741259 0.767857
0.510450 0.746254 0.776786
0.539795 0.748252 0.767857
0.532177 0.747253 0.785714
0.539035 0.749251 0.767857
0.521280 0.747253 0.767857
0.538674 0.748252 0.767857
0.553408 0.750250 0.767857
0.522704 0.749251 0.767857
0.556000 0.749251 0.785714
0.533422 0.748252 0.767857
0.551337 0.751249 0.767857
0.534604 0.739261 0.767857
0.523948 0.740260 0.767857
0.533517 0.746254 0.776786
0.556799 0.740260 0.767857
0.518659 0.756244 0.767857
0.562427 0.751249 0.776786
0.515036 0.748252 0.776786
0.530168 0.742258 0.785714
0.532287 0.752248 0.785714
0.539132 0.738262 0.785714
0.527254 0.743257 0.776786
0.518469 0.744256 0.776786
0.525437 0.748252 0.785714
0.526220 0.755245 0.767857
0.533665 0.737263 0.758929
0.538574 0.753247 0.767857
0.524459 0.746254 0.776786
0.535834 0.751249 0.776786
0.531991 0.751249 0.767857
0.518152 0.752248 0.767857
0.526376 0.752248 0.767857
0.539617 0.750250 0.785714
0.519219 0.758242 0.785714
0.542703 0.738262 0.776786
0.533541 0.742258 0.767857
0.524761 0.755245 0.776786
0.534652 0.758242 0.785714
0.516533 0.759241 0.767857
0.537165 0.750250 0.785714
0.544717 0.735265 0.767857
0.524333 0.753247 0.767857
0.527422 0.743257 0.758929
0.501009 0.757243 0.785714
0.547090 0.747253 0.767857
0.529511 0.746254 0.785714
0.535399 0.756244 0.785714
0.527833 0.750250 0.776786
0.557649 0.750250 0.767857
0.515448 0.755245 0.776786
0.506105 0.751249 0.776786
0.553033 0.750250 0.785714
0.524508 0.748252 0.776786
0.543902 0.747253 0.785714
0.536093 0.750250 0.767857
0.523745 0.733267 0.767857
0.529194 0.746254 0.785714
0.528838 0.748252 0.776786
0.514917 0.748252 0.776786
0.533478 0.754246 0.785714
0.508248 0.757243 0.785714
0.513611 0.746254 0.776786
0.533959 0.750250 0.785714
0.550023 0.751249 0.776786
0.529792 0.755245 0.776786
0.550821 0.751249 0.776786
0.523019 0.750250 0.776786
0.527646 0.753247 0.767857
0.532406 0.753247 0.767857
0.528572 0.752248 0.767857
0.539167 0.759241 0.758929
0.536278 0.755245 0.785714
0.540027 0.754246 0.776786
0.532381 0.751249 0.794643
0.508119 0.750250 0.776786
0.540268 0.747253 0.776786
0.526139 0.757243 0.776786
0.528735 0.758242 0.785714
0.500147 0.754246 0.776786
0.533472 0.751249 0.776786
0.527793 0.758242 0.785714
0.523860 0.751249 0.776786
0.531068 0.763237 0.767857
0.533539 0.753247 0.776786
0.510585 0.747253 0.776786
0.524724 0.752248 0.767857
0.542641 0.744256 0.767857
0.523996 0.753247 0.785714
0.520888 0.755245 0.794643
0.548647 0.746254 0.767857
0.516628 0.753247 0.785714
0.530898 0.749251 0.785714
0.541965 0.753247 0.776786
0.497229 0.755245 0.785714
0.537327 0.751249 0.776786
0.534960 0.753247 0.785714
0.515693 0.754246 0.767857
0.527222 0.748252 0.767857
0.542711 0.751249 0.776786
0.526564 0.748252 0.776786
0.532215 0.753247 0.767857
0.517948 0.751249 0.767857
0.539797 0.751249 0.776786
0.530678 0.751249 0.776786
0.525238 0.754246 0.776786
0.530295 0.746254 0.776786
0.532421 0.750250 0.776786
0.527567 0.756244 0.776786
0.499564 0.757243 0.767857
0.533728 0.757243 0.776786
0.505720 0.756244 0.776786
0.516799 0.754246 0.785714
0.538556 0.753247 0.785714
0.534780 0.755245 0.776786
0.521199 0.756244 0.776786
0.519054 0.757243 0.767857
0.519999 0.753247 0.767857
0.516837 0.754246 0.767857
0.534709 0.750250 0.776786
0.534926 0.757243 0.776786
0.518794 0.756244 0.776786
0.508134 0.758242 0.776786
0.506421 0.760240 0.767857
0.493163 0.752248 0.767857
0.563656 0.748252 0.776786
0.520131 0.755245 0.776786
0.521761 0.757243 0.776786
0.519452 0.757243 0.776786
0.547469 0.757243 0.776786
0.542932 0.757243 0.776786
0.510366 0.754246 0.794643
0.545259 0.751249 0.794643
0.541470 0.756244 0.794643
0.539542 0.752248 0.776786
0.526427 0.755245 0.776786
0.528916 0.753247 0.776786
0.533882 0.755245 0.776786
0.517392 0.752248 0.785714
0.533065 0.750250 0.776786
0.523018 0.750250 0.776786
0.541100 0.753247 0.767857
0.527369 0.754246 0.776786
0.525477 0.763237 0.776786
0.511685 0.755245 0.767857
0.563211 0.744256 0.776786
0.535229 0.750250 0.776786
0.510464 0.747253 0.776786
0.545978 0.751249 0.776786
