6.878594 0.647353 0.660714
3.127385 0.740260 0.767857
2.231488 0.704296 0.758929
2.299824 0.737263 0.758929
1.777317 0.707293 0.705357
1.915798 0.753247 0.750000
1.922392 0.729271 0.758929
1.579409 0.714286 0.741071
1.657544 0.731269 0.714286
1.290487 0.649351 0.696429
1.365765 0.623377 0.598214
1.291580 0.750250 0.758929
0.845776 0.733267 0.785714
0.762611 0.710290 0.705357
0.853570 0.751249 0.776786
0.677867 0.741259 0.767857
0.900711 0.757243 0.750000
0.748018 0.758242 0.767857
0.657025 0.695305 0.669643
0.839316 0.728272 0.705357
0.825622 0.743257 0.767857
0.716835 0.693307 0.732143
0.632248 0.746254 0.767857
0.621933 0.737263 0.678571
0.718358 0.767233 0.741071
0.633916 0.763237 0.741071
0.635814 0.749251 0.750000
0.554101 0.752248 0.732143
0.613254 0.721279 0.696429
0.627939 0.726274 0.750000
0.592253 0.756244 0.750000
0.656566 0.689311 0.651786
0.622565 0.767233 0.723214
0.616881 0.721279 0.696429
0.612454 0.746254 0.776786
0.548939 0.757243 0.732143
0.555657 0.751249 0.776786
0.557776 0.769231 0.767857
0.553601 0.760240 0.705357
0.530892 0.755245 0.714286
0.690623 0.724276 0.669643
0.606578 0.699301 0.687500
0.554105 0.762238 0.767857
0.575085 0.743257 0.741071
0.605404 0.683317 0.705357
0.584123 0.736264 0.705357
0.555759 0.754246 0.732143
0.514023 0.763237 0.750000
0.548438 0.748252 0.758929
0.573532 0.755245 0.714286
0.519376 0.744256 0.732143
0.542035 0.744256 0.750000
0.561268 0.739261 0.696429
0.527678 0.760240 0.696429
0.546234 0.718282 0.669643
0.528567 0.776224 0.741071
0.529710 0.762238 0.732143
0.558280 0.779221 0.741071
0.550523 0.760240 0.732143
0.502294 0.761239 0.714286
0.533400 0.770230 0.758929
0.513046 0.735265 0.669643
0.559678 0.767233 0.758929
0.524543 0.771229 0.758929
0.540615 0.767233 0.767857
0.515007 0.774226 0.750000
0.521675 0.787213 0.767857
0.562513 0.776224 0.723214
0.563001 0.777223 0.758929
0.518186 0.774226 0.723214
0.530259 0.749251 0.705357
0.527786 0.769231 0.785714
0.519476 0.772228 0.687500
0.517444 0.776224 0.758929
0.514890 0.754246 0.741071
0.513434 0.769231 0.741071
0.510699 0.762238 0.687500
0.546604 0.773227 0.714286
0.567160 0.751249 0.696429
0.534150 0.762238 0.758929
0.561414 0.713287 0.651786
0.530659 0.754246 0.678571
0.496869 0.762238 0.723214
0.521900 0.766234 0.714286
0.523465 0.763237 0.696429
0.520929 0.758242 0.687500
0.522209 0.759241 0.732143
0.524467 0.764236 0.732143
0.553179 0.776224 0.767857
0.530789 0.773227 0.741071
0.532997 0.753247 0.696429
0.535068 0.747253 0.669643
0.532577 0.741259 0.741071
0.549495 0.763237 0.696429
0.525359 0.781219 0.767857
0.535055 0.764236 0.758929
0.533617 0.760240 0.669643
0.509747 0.750250 0.669643
0.539853 0.773227 0.732143
0.504993 0.773227 0.750000
0.513831 0.781219 0.767857
0.551192 0.770230 0.767857
0.534698 0.769231 0.794643
0.522179 0.771229 0.758929
0.528631 0.788212 0.741071
0.551577 0.788212 0.741071
0.501817 0.782218 0.758929
0.547320 0.777223 0.714286
0.509848 0.789211 0.758929
0.507504 0.766234 0.687500
0.491249 0.776224 0.732143
0.494197 0.789211 0.758929
0.493018 0.779221 0.776786
0.519766 0.759241 0.705357
0.507477 0.778222 0.767857
0.499117 0.787213 0.767857
0.498176 0.792208 0.758929
0.477902 0.787213 0.696429
0.511235 0.789211 0.750000
0.478261 0.804196 0.758929
0.497951 0.803197 0.750000
0.489900 0.802198 0.776786
0.483062 0.787213 0.723214
0.480574 0.773227 0.714286
0.492603 0.764236 0.678571
0.489795 0.782218 0.750000
0.523727 0.786214 0.678571
0.494148 0.784216 0.732143
0.512930 0.797203 0.741071
0.483606 0.793207 0.732143
0.481343 0.795205 0.767857
0.504249 0.797203 0.750000
0.495710 0.788212 0.758929
0.521729 0.792208 0.750000
0.503271 0.787213 0.723214
0.497560 0.795205 0.732143
0.487800 0.777223 0.714286
0.513472 0.771229 0.732143
0.503355 0.789211 0.696429
0.496440 0.788212 0.732143
0.470109 0.805195 0.732143
0.499990 0.798202 0.714286
0.503432 0.793207 0.714286
0.471120 0.782218 0.758929
0.512949 0.785215 0.732143
0.491538 0.791209 0.714286
0.481887 0.799201 0.758929
0.495294 0.808192 0.741071
0.487469 0.792208 0.696429
0.438457 0.804196 0.732143
0.478429 0.798202 0.714286
0.464495 0.814186 0.732143
0.451510 0.797203 0.714286
0.470518 0.803197 0.741071
0.472474 0.809191 0.714286
0.460829 0.815185 0.714286
0.479537 0.812188 0.732143
0.484724 0.817183 0.723214
0.488072 0.824176 0.741071
0.452916 0.818182 0.714286
0.471145 0.803197 0.696429
0.452502 0.811189 0.714286
0.467655 0.814186 0.723214
0.462926 0.806194 0.723214
0.474071 0.789211 0.678571
0.464374 0.815185 0.732143
0.475711 0.807193 0.732143
0.492067 0.791209 0.732143
0.436113 0.813187 0.741071
0.464413 0.801199 0.705357
0.448935 0.810190 0.758929
0.467196 0.803197 0.723214
0.446486 0.809191 0.741071
0.437920 0.811189 0.750000
0.458777 0.819181 0.714286
0.457750 0.798202 0.705357
0.464654 0.794206 0.705357
0.451667 0.802198 0.714286
0.458016 0.802198 0.696429
0.459270 0.816184 0.750000
0.449663 0.824176 0.714286
0.440419 0.816184 0.723214
0.454948 0.810190 0.732143
0.458921 0.807193 0.723214
0.430969 0.818182 0.741071
0.464944 0.825175 0.723214
0.475394 0.811189 0.705357
0.441492 0.814186 0.732143
0.438862 0.817183 0.732143
0.432278 0.801199 0.678571
0.460172 0.821179 0.705357
0.449730 0.811189 0.678571
0.427831 0.814186 0.714286
0.438766 0.823177 0.714286
0.479481 0.825175 0.732143
0.465917 0.804196 0.678571
0.442689 0.810190 0.696429
0.470242 0.833167 0.723214
0.438869 0.832168 0.696429
0.438666 0.814186 0.696429
0.451706 0.827173 0.741071
0.444008 0.818182 0.723214
0.420784 0.837163 0.723214
0.448278 0.827173 0.705357
0.426915 0.832168 0.723214
0.417605 0.828172 0.714286
0.462276 0.818182 0.687500
0.411981 0.831169 0.732143
0.448024 0.842158 0.741071
0.401443 0.841159 0.723214
0.417022 0.839161 0.723214
0.427073 0.830170 0.714286
0.436120 0.808192 0.678571
0.434192 0.833167 0.696429
0.415567 0.826174 0.705357
0.432800 0.835165 0.723214
0.433605 0.839161 0.696429
0.425305 0.844156 0.705357
0.452616 0.837163 0.696429
0.427628 0.839161 0.714286
0.406086 0.840160 0.705357
0.415523 0.839161 0.714286
0.415774 0.846154 0.723214
0.432555 0.841159 0.714286
0.426158 0.844156 0.714286
0.405964 0.845155 0.723214
0.409949 0.844156 0.696429
0.448077 0.839161 0.705357
0.394116 0.830170 0.723214
0.390444 0.855145 0.714286
0.433600 0.843157 0.714286
0.415592 0.845155 0.732143
0.417230 0.851149 0.723214
0.418117 0.855145 0.714286
0.422991 0.860140 0.732143
0.397640 0.843157 0.714286
0.423541 0.831169 0.705357
0.391575 0.828172 0.714286
0.401637 0.848152 0.714286
0.393863 0.854146 0.723214
0.405725 0.851149 0.714286
0.411821 0.854146 0.696429
0.424862 0.846154 0.741071
0.401105 0.847153 0.714286
0.396279 0.846154 0.714286
0.395812 0.857143 0.732143
0.396811 0.851149 0.732143
0.411654 0.847153 0.732143
0.409814 0.844156 0.714286
0.418402 0.847153 0.705357
0.414003 0.854146 0.714286
0.390562 0.865135 0.714286
0.387446 0.863137 0.705357
0.398720 0.855145 0.723214
0.396440 0.863137 0.705357
0.390887 0.847153 0.723214
0.397679 0.859141 0.723214
0.407098 0.859141 0.732143
0.387133 0.868132 0.705357
0.386945 0.869131 0.723214
0.393222 0.850150 0.705357
0.412059 0.860140 0.732143
0.387460 0.869131 0.714286
0.401427 0.860140 0.714286
0.388845 0.869131 0.714286
0.385369 0.878122 0.732143
0.382672 0.850150 0.714286
0.403514 0.867133 0.714286
0.389583 0.876124 0.723214
0.397412 0.863137 0.714286
0.382412 0.869131 0.732143
0.395632 0.856144 0.723214
0.396923 0.876124 0.732143
0.398480 0.875125 0.723214
0.409795 0.866134 0.732143
0.382733 0.878122 0.705357
0.370973 0.858142 0.696429
0.406489 0.877123 0.687500
0.374496 0.870130 0.732143
0.393819 0.863137 0.732143
0.384258 0.873127 0.741071
0.383996 0.872128 0.714286
0.411913 0.864136 0.714286
0.382747 0.863137 0.732143
0.394474 0.859141 0.723214
0.395460 0.867133 0.705357
0.382598 0.866134 0.705357
0.401713 0.881119 0.723214
0.371463 0.870130 0.723214
0.385895 0.875125 0.723214
0.361768 0.884116 0.714286
0.394421 0.875125 0.696429
0.378798 0.880120 0.723214
0.391588 0.865135 0.732143
0.388214 0.877123 0.714286
0.352514 0.875125 0.714286
0.373324 0.882118 0.705357
0.391647 0.878122 0.696429
0.363145 0.877123 0.714286
0.364233 0.857143 0.714286
0.396563 0.888112 0.741071
0.387770 0.878122 0.723214
0.379756 0.865135 0.714286
0.363119 0.885115 0.687500
0.362809 0.882118 0.723214
0.369753 0.867133 0.705357
0.377376 0.883117 0.705357
0.372518 0.844156 0.714286
0.384967 0.885115 0.687500
0.369361 0.885115 0.687500
0.351833 0.879121 0.687500
0.405925 0.875125 0.723214
0.353134 0.885115 0.678571
0.360224 0.883117 0.714286
0.377418 0.860140 0.696429
0.382279 0.892108 0.705357
0.371540 0.883117 0.696429
0.371558 0.879121 0.696429
0.377687 0.892108 0.705357
0.369231 0.858142 0.705357
0.366867 0.861139 0.714286
0.392225 0.864136 0.714286
0.390078 0.888112 0.714286
0.371135 0.891109 0.714286
0.354550 0.867133 0.741071
0.347606 0.898102 0.705357
0.385421 0.872128 0.714286
0.360234 0.870130 0.723214
0.385911 0.881119 0.714286
0.363488 0.862138 0.705357
0.401577 0.881119 0.705357
0.378632 0.892108 0.696429
0.362293 0.888112 0.714286
0.376159 0.889111 0.705357
0.361101 0.883117 0.696429
0.353747 0.886114 0.696429
0.355972 0.892108 0.687500
0.367122 0.893107 0.723214
0.373058 0.887113 0.714286
0.363212 0.876124 0.714286
0.378249 0.887113 0.687500
0.375097 0.889111 0.741071
0.375189 0.872128 0.714286
0.375027 0.888112 0.696429
0.372659 0.899101 0.714286
0.365087 0.883117 0.705357
0.354804 0.871129 0.714286
0.371350 0.887113 0.696429
0.379124 0.889111 0.705357
0.384551 0.884116 0.714286
10.560774 0.643357 0.616071
2.691654 0.721279 0.714286
2.745414 0.743257 0.758929
1.933628 0.740260 0.687500
1.812958 0.742258 0.750000
1.445116 0.743257 0.758929
1.484936 0.734266 0.776786
1.081629 0.697303 0.714286
2.390110 0.746254 0.758929
1.487922 0.724276 0.741071
1.445450 0.723277 0.741071
1.078972 0.743257 0.750000
1.088249 0.720280 0.687500
1.193382 0.603397 0.633929
0.927547 0.725275 0.767857
0.802125 0.738262 0.741071
0.984523 0.738262 0.758929
0.936004 0.749251 0.758929
0.776882 0.691309 0.732143
0.885932 0.746254 0.750000
0.836106 0.743257 0.741071
0.724476 0.709291 0.723214
0.803645 0.733267 0.767857
0.724086 0.746254 0.741071
0.786147 0.747253 0.758929
0.754422 0.753247 0.732143
0.706117 0.758242 0.723214
0.625235 0.757243 0.732143
0.636129 0.732268 0.714286
0.655980 0.741259 0.732143
0.640075 0.755245 0.767857
0.705559 0.731269 0.705357
0.680970 0.758242 0.767857
0.578878 0.713287 0.714286
0.617454 0.725275 0.758929
0.564288 0.730270 0.732143
0.568604 0.745255 0.767857
0.555447 0.759241 0.758929
0.579726 0.762238 0.732143
0.551473 0.755245 0.750000
0.663843 0.759241 0.758929
0.584449 0.710290 0.723214
0.612472 0.731269 0.714286
0.583972 0.762238 0.758929
0.579498 0.722278 0.723214
0.586088 0.762238 0.750000
0.572239 0.729271 0.732143
0.539263 0.761239 0.750000
0.578327 0.764236 0.758929
0.583086 0.749251 0.741071
0.547266 0.762238 0.767857
0.546302 0.748252 0.732143
0.578142 0.747253 0.732143
0.534473 0.737263 0.732143
0.559091 0.740260 0.723214
0.533750 0.759241 0.767857
0.541459 0.761239 0.732143
0.556062 0.775225 0.741071
0.559389 0.752248 0.723214
0.525164 0.748252 0.705357
0.542590 0.771229 0.767857
0.539206 0.726274 0.732143
0.572516 0.765235 0.776786
0.522215 0.764236 0.714286
0.550264 0.763237 0.741071
0.545080 0.767233 0.741071
0.566416 0.728272 0.723214
0.590446 0.764236 0.741071
0.593232 0.764236 0.741071
0.535017 0.774226 0.758929
0.552922 0.744256 0.696429
0.531084 0.763237 0.758929
0.536758 0.754246 0.687500
0.549548 0.770230 0.767857
0.541361 0.725275 0.714286
0.522583 0.768232 0.732143
0.545332 0.752248 0.723214
0.555956 0.773227 0.750000
0.564704 0.716284 0.687500
0.549025 0.755245 0.723214
0.577960 0.733267 0.687500
0.573931 0.738262 0.732143
0.539429 0.751249 0.732143
0.548574 0.733267 0.660714
0.540334 0.753247 0.741071
0.540880 0.731269 0.705357
0.535534 0.756244 0.750000
0.554045 0.756244 0.767857
0.555290 0.763237 0.732143
0.552348 0.774226 0.758929
0.544888 0.749251 0.741071
0.545812 0.724276 0.696429
0.539869 0.692308 0.732143
0.559600 0.758242 0.705357
0.530966 0.777223 0.758929
0.566371 0.766234 0.785714
0.545487 0.767233 0.785714
0.534742 0.761239 0.714286
0.528441 0.769231 0.741071
0.506564 0.761239 0.750000
0.519918 0.776224 0.767857
0.548915 0.764236 0.750000
0.540034 0.748252 0.803571
0.529582 0.757243 0.785714
0.537169 0.779221 0.785714
0.566964 0.771229 0.741071
0.521770 0.767233 0.750000
0.554209 0.768232 0.741071
0.522186 0.766234 0.776786
0.523987 0.762238 0.723214
0.508055 0.761239 0.732143
0.509957 0.757243 0.723214
0.519313 0.786214 0.767857
0.538905 0.756244 0.732143
0.529033 0.774226 0.767857
0.514468 0.774226 0.776786
0.499617 0.767233 0.776786
0.497460 0.766234 0.723214
0.528316 0.776224 0.741071
0.504885 0.788212 0.750000
0.528515 0.776224 0.803571
0.505991 0.769231 0.723214
0.510604 0.769231 0.741071
0.506763 0.767233 0.785714
0.507349 0.754246 0.732143
0.500866 0.775225 0.767857
0.525751 0.759241 0.723214
0.515197 0.778222 0.741071
0.549503 0.762238 0.750000
0.510526 0.784216 0.750000
0.486283 0.780220 0.758929
0.526834 0.769231 0.732143
0.519764 0.777223 0.750000
0.540846 0.780220 0.732143
0.513226 0.760240 0.714286
0.516493 0.768232 0.732143
0.512855 0.754246 0.705357
0.517950 0.762238 0.714286
0.518992 0.750250 0.705357
0.512959 0.771229 0.750000
0.496642 0.783217 0.767857
0.542270 0.777223 0.750000
0.525937 0.752248 0.732143
0.501808 0.778222 0.767857
0.528363 0.760240 0.723214
0.509909 0.775225 0.758929
0.507361 0.760240 0.750000
0.530156 0.776224 0.750000
0.514179 0.771229 0.750000
0.471017 0.782218 0.758929
0.494282 0.769231 0.750000
0.493141 0.773227 0.741071
0.495047 0.774226 0.741071
0.497178 0.782218 0.758929
0.493562 0.777223 0.741071
0.482580 0.767233 0.750000
0.514973 0.772228 0.767857
0.511150 0.769231 0.741071
0.517191 0.789211 0.732143
0.480857 0.785215 0.732143
0.497960 0.770230 0.741071
0.486780 0.772228 0.750000
0.497805 0.773227 0.758929
0.469852 0.768232 0.758929
0.501251 0.760240 0.750000
0.491902 0.783217 0.776786
0.496426 0.786214 0.741071
0.521597 0.775225 0.750000
0.484083 0.784216 0.758929
0.508009 0.759241 0.705357
0.488425 0.778222 0.741071
0.494431 0.767233 0.758929
0.481513 0.789211 0.758929
0.470885 0.782218 0.732143
0.494251 0.781219 0.758929
0.516031 0.768232 0.741071
0.486216 0.773227 0.741071
0.481215 0.781219 0.750000
0.492034 0.773227 0.741071
0.499434 0.791209 0.741071
0.484159 0.796204 0.741071
0.488961 0.783217 0.741071
0.493618 0.788212 0.732143
0.503109 0.791209 0.785714
0.463322 0.799201 0.767857
0.525045 0.791209 0.758929
0.489883 0.787213 0.758929
0.498053 0.799201 0.758929
0.482188 0.784216 0.741071
0.469356 0.778222 0.732143
0.499763 0.780220 0.750000
0.512218 0.776224 0.714286
0.479533 0.786214 0.750000
0.493593 0.772228 0.741071
0.508128 0.780220 0.758929
0.488574 0.779221 0.741071
0.487505 0.772228 0.758929
0.505415 0.789211 0.732143
0.485240 0.790210 0.758929
0.484695 0.787213 0.741071
0.491511 0.791209 0.750000
0.497734 0.792208 0.758929
0.450897 0.794206 0.750000
0.485128 0.780220 0.741071
0.480045 0.782218 0.750000
0.485261 0.778222 0.758929
0.484776 0.780220 0.750000
0.471867 0.781219 0.758929
0.504450 0.793207 0.741071
0.460864 0.800200 0.750000
0.476133 0.800200 0.758929
0.471989 0.791209 0.750000
0.480521 0.783217 0.750000
0.478211 0.800200 0.767857
0.459781 0.786214 0.750000
0.478355 0.778222 0.750000
0.485004 0.798202 0.750000
0.482565 0.795205 0.732143
0.509754 0.783217 0.758929
0.475249 0.786214 0.750000
0.482296 0.799201 0.750000
0.475158 0.796204 0.750000
0.494777 0.795205 0.723214
0.484309 0.795205 0.741071
0.462047 0.788212 0.750000
0.469365 0.805195 0.767857
0.465808 0.796204 0.758929
0.496033 0.777223 0.767857
0.466435 0.783217 0.758929
0.445569 0.809191 0.741071
0.476810 0.808192 0.758929
0.471988 0.804196 0.741071
0.477300 0.801199 0.741071
0.477055 0.800200 0.741071
0.495695 0.804196 0.741071
0.461077 0.794206 0.750000
0.478804 0.794206 0.758929
0.459065 0.787213 0.758929
0.477268 0.783217 0.750000
0.467068 0.798202 0.750000
0.452305 0.790210 0.741071
0.476836 0.791209 0.741071
0.488029 0.790210 0.758929
0.477097 0.798202 0.732143
0.471427 0.782218 0.705357
0.458767 0.796204 0.723214
0.476389 0.796204 0.741071
0.461367 0.801199 0.732143
0.473474 0.804196 0.758929
0.471252 0.795205 0.750000
0.509081 0.793207 0.741071
0.459969 0.802198 0.750000
0.457247 0.796204 0.750000
0.476891 0.796204 0.758929
0.468944 0.801199 0.741071
0.480293 0.794206 0.741071
0.460725 0.790210 0.758929
0.483399 0.802198 0.723214
0.470836 0.792208 0.741071
0.457747 0.796204 0.750000
0.461979 0.802198 0.741071
0.476377 0.796204 0.750000
0.446931 0.801199 0.750000
0.460417 0.805195 0.758929
0.464117 0.812188 0.741071
0.476535 0.809191 0.741071
0.470364 0.792208 0.741071
0.483279 0.800200 0.741071
0.459654 0.799201 0.750000
0.469656 0.790210 0.750000
0.465479 0.797203 0.741071
0.468646 0.790210 0.741071
0.469084 0.795205 0.750000
0.448057 0.804196 0.741071
0.473475 0.794206 0.758929
0.456107 0.804196 0.758929
0.459044 0.799201 0.732143
0.474197 0.812188 0.741071
0.460231 0.804196 0.758929
0.473014 0.804196 0.750000
0.464725 0.801199 0.750000
0.480001 0.813187 0.750000
0.473370 0.801199 0.732143
0.471871 0.804196 0.750000
0.484112 0.791209 0.750000
0.459688 0.808192 0.732143
0.469046 0.798202 0.758929
0.484770 0.813187 0.750000
0.467013 0.800200 0.750000
0.466175 0.799201 0.750000
0.454917 0.801199 0.741071
0.487332 0.805195 0.758929
0.465868 0.808192 0.741071
0.476162 0.796204 0.750000
0.469986 0.809191 0.723214
0.449751 0.803197 0.732143
0.475014 0.804196 0.741071
0.476746 0.801199 0.741071
0.447898 0.811189 0.741071
0.457715 0.795205 0.750000
0.468360 0.810190 0.750000
0.460973 0.814186 0.758929
0.468891 0.805195 0.741071
0.448563 0.803197 0.750000
0.453820 0.805195 0.758929
0.466401 0.791209 0.741071
0.459423 0.803197 0.750000
0.465066 0.783217 0.732143
0.473772 0.802198 0.758929
0.449999 0.812188 0.758929
0.439220 0.813187 0.750000
0.467578 0.798202 0.750000
0.435939 0.813187 0.758929
0.456496 0.810190 0.767857
0.463446 0.798202 0.732143
0.460959 0.809191 0.750000
0.445278 0.808192 0.758929
0.464867 0.803197 0.750000
0.447346 0.807193 0.750000
0.467147 0.797203 0.741071
0.475608 0.789211 0.741071
0.470032 0.797203 0.750000
0.450592 0.806194 0.776786
0.447316 0.812188 0.758929
0.448653 0.793207 0.750000
0.431241 0.812188 0.767857
0.477180 0.793207 0.758929
0.437500 0.801199 0.758929
0.452944 0.816184 0.750000
0.437911 0.800200 0.741071
0.481959 0.813187 0.741071
0.474477 0.797203 0.741071
0.464436 0.806194 0.758929
0.461072 0.810190 0.750000
0.474533 0.802198 0.750000
0.452732 0.807193 0.741071
0.452528 0.814186 0.767857
0.468068 0.808192 0.741071
0.456543 0.815185 0.750000
0.453906 0.798202 0.750000
0.483320 0.810190 0.750000
0.460061 0.805195 0.767857
0.462201 0.807193 0.732143
0.465971 0.810190 0.758929
0.464962 0.814186 0.750000
0.442755 0.812188 0.741071
0.465337 0.808192 0.732143
0.466094 0.810190 0.758929
0.463170 0.806194 0.750000
0.479263 0.810190 0.750000
