12.045107 0.704296 0.696429
7.605525 0.663337 0.696429
4.754363 0.713287 0.741071
4.256500 0.656344 0.687500
4.146224 0.745255 0.776786
3.514968 0.672328 0.633929
4.110400 0.718282 0.723214
2.462338 0.738262 0.758929
1.849557 0.740260 0.767857
2.319475 0.703297 0.732143
1.507976 0.705295 0.669643
1.257259 0.727273 0.741071
1.023498 0.711289 0.741071
1.148332 0.621379 0.696429
1.038513 0.704296 0.776786
0.749651 0.727273 0.758929
0.888728 0.720280 0.732143
0.723187 0.688312 0.758929
0.794253 0.688312 0.750000
0.679696 0.743257 0.732143
0.674433 0.733267 0.758929
0.639693 0.666334 0.750000
0.707065 0.682318 0.705357
0.662144 0.694306 0.696429
0.661062 0.738262 0.741071
0.698970 0.718282 0.741071
0.646473 0.667333 0.741071
0.557833 0.697303 0.678571
0.628168 0.742258 0.732143
0.620945 0.700300 0.741071
0.629820 0.750250 0.741071
0.638537 0.691309 0.669643
0.632394 0.749251 0.767857
0.565111 0.731269 0.750000
0.658937 0.703297 0.732143
0.577218 0.731269 0.741071
0.590512 0.694306 0.758929
0.557782 0.667333 0.625000
0.622663 0.693307 0.714286
0.561355 0.751249 0.732143
0.678294 0.691309 0.750000
0.598493 0.678322 0.678571
0.568378 0.751249 0.741071
0.584800 0.744256 0.741071
0.575702 0.706294 0.732143
0.574418 0.699301 0.678571
0.558028 0.729271 0.758929
0.544555 0.746254 0.750000
0.577524 0.739261 0.741071
0.577530 0.742258 0.732143
0.545018 0.720280 0.741071
0.573201 0.696304 0.705357
0.585896 0.708292 0.678571
0.551199 0.720280 0.714286
0.581551 0.685315 0.669643
0.557964 0.748252 0.750000
0.566122 0.733267 0.723214
0.583919 0.743257 0.723214
0.581680 0.724276 0.687500
0.542598 0.720280 0.705357
0.543664 0.757243 0.767857
0.537606 0.655345 0.669643
0.597644 0.713287 0.767857
0.552002 0.742258 0.732143
0.568456 0.747253 0.741071
0.563892 0.732268 0.750000
0.573353 0.746254 0.767857
0.575615 0.750250 0.750000
0.592371 0.754246 0.750000
0.537992 0.735265 0.750000
0.571416 0.658342 0.705357
0.563870 0.741259 0.758929
0.556806 0.712288 0.687500
0.549678 0.742258 0.723214
0.568073 0.697303 0.687500
0.539308 0.746254 0.741071
0.557537 0.684316 0.705357
0.572015 0.700300 0.678571
0.587251 0.692308 0.696429
0.586335 0.727273 0.758929
0.594407 0.723277 0.696429
0.587055 0.734266 0.705357
0.540202 0.719281 0.750000
0.563516 0.731269 0.758929
0.548660 0.723277 0.758929
0.577389 0.716284 0.714286
0.548002 0.741259 0.758929
0.577676 0.704296 0.723214
0.576040 0.746254 0.758929
0.576346 0.755245 0.750000
0.580462 0.736264 0.732143
0.571067 0.680320 0.660714
0.567073 0.732268 0.776786
0.568717 0.449550 0.428571
0.560728 0.744256 0.750000
0.566859 0.742258 0.767857
0.558839 0.745255 0.750000
0.554179 0.735265 0.741071
0.561017 0.730270 0.714286
0.552273 0.743257 0.758929
0.544940 0.758242 0.758929
0.580741 0.757243 0.723214
0.573900 0.749251 0.758929
0.553740 0.742258 0.767857
0.571660 0.730270 0.750000
0.581442 0.738262 0.741071
0.554467 0.741259 0.732143
0.574645 0.737263 0.750000
0.563837 0.758242 0.758929
0.542386 0.737263 0.732143
0.526835 0.741259 0.750000
0.566006 0.737263 0.758929
0.555401 0.753247 0.758929
0.574001 0.733267 0.758929
0.553930 0.752248 0.776786
0.557746 0.752248 0.767857
0.543026 0.755245 0.750000
0.536441 0.734266 0.758929
0.547568 0.745255 0.741071
0.544671 0.744256 0.750000
0.573974 0.748252 0.723214
0.529131 0.749251 0.750000
0.545646 0.749251 0.758929
0.545811 0.740260 0.750000
0.559689 0.731269 0.741071
0.533733 0.743257 0.750000
0.563023 0.725275 0.723214
0.577986 0.751249 0.732143
0.560795 0.743257 0.758929
0.540394 0.754246 0.767857
0.536767 0.759241 0.758929
0.554655 0.751249 0.758929
0.559487 0.731269 0.741071
0.554678 0.724276 0.750000
0.557321 0.716284 0.732143
0.558231 0.723277 0.750000
0.554330 0.724276 0.776786
0.561657 0.746254 0.785714
0.550393 0.733267 0.767857
0.541555 0.755245 0.758929
0.538203 0.751249 0.750000
0.575724 0.744256 0.750000
0.568851 0.742258 0.732143
0.545065 0.757243 0.750000
0.590152 0.738262 0.741071
0.545593 0.752248 0.750000
0.544837 0.720280 0.741071
0.555858 0.755245 0.741071
0.551717 0.727273 0.750000
0.528493 0.744256 0.750000
0.531781 0.743257 0.758929
0.530735 0.731269 0.758929
0.527595 0.749251 0.785714
0.530129 0.753247 0.803571
0.548574 0.757243 0.776786
0.534294 0.732268 0.750000
0.563724 0.746254 0.758929
0.545941 0.748252 0.741071
0.561514 0.742258 0.758929
0.529360 0.747253 0.776786
0.535499 0.740260 0.758929
0.555438 0.741259 0.767857
0.543438 0.741259 0.767857
0.523578 0.741259 0.750000
0.541565 0.725275 0.741071
0.539103 0.756244 0.758929
0.546337 0.746254 0.750000
0.558469 0.725275 0.750000
0.529278 0.757243 0.758929
0.567744 0.721279 0.741071
0.538382 0.751249 0.776786
0.549595 0.753247 0.767857
0.528653 0.762238 0.758929
0.508039 0.754246 0.767857
0.559054 0.746254 0.767857
0.549095 0.745255 0.750000
0.545122 0.728272 0.750000
0.538796 0.727273 0.758929
0.545322 0.729271 0.767857
0.531957 0.746254 0.750000
0.532306 0.729271 0.750000
0.536943 0.741259 0.750000
0.527020 0.745255 0.767857
0.558366 0.744256 0.776786
0.514705 0.756244 0.767857
0.568398 0.753247 0.776786
0.549874 0.736264 0.767857
0.533496 0.756244 0.767857
0.523358 0.752248 0.767857
0.539453 0.712288 0.767857
0.543871 0.742258 0.776786
0.559916 0.726274 0.767857
0.529104 0.742258 0.741071
0.536815 0.737263 0.767857
0.558247 0.742258 0.750000
0.532559 0.759241 0.776786
0.546051 0.739261 0.767857
0.555588 0.742258 0.785714
0.540438 0.731269 0.758929
0.551906 0.760240 0.758929
0.535101 0.755245 0.767857
0.551384 0.736264 0.767857
0.514268 0.761239 0.776786
0.548647 0.749251 0.785714
0.540805 0.742258 0.767857
0.551426 0.746254 0.767857
0.532042 0.734266 0.767857
0.539766 0.741259 0.776786
0.559023 0.759241 0.767857
0.533203 0.752248 0.776786
0.567381 0.745255 0.767857
0.547509 0.741259 0.776786
0.556742 0.735265 0.767857
0.540969 0.748252 0.758929
0.527506 0.749251 0.758929
0.532717 0.753247 0.785714
0.565290 0.738262 0.767857
0.524658 0.754246 0.776786
0.565036 0.741259 0.750000
0.520416 0.749251 0.785714
0.535315 0.745255 0.776786
0.535669 0.746254 0.794643
0.539803 0.740260 0.776786
0.532533 0.743257 0.758929
0.522078 0.747253 0.776786
0.533124 0.743257 0.750000
0.528076 0.749251 0.776786
0.528800 0.742258 0.758929
0.551707 0.746254 0.776786
0.532512 0.739261 0.767857
0.542782 0.747253 0.758929
0.538014 0.743257 0.758929
0.520582 0.749251 0.758929
0.532690 0.748252 0.758929
0.530108 0.743257 0.767857
0.526119 0.761239 0.758929
0.545684 0.738262 0.758929
0.537819 0.755245 0.776786
0.527379 0.754246 0.785714
0.540502 0.763237 0.767857
0.522685 0.758242 0.767857
0.539552 0.749251 0.776786
0.553073 0.735265 0.758929
0.538737 0.757243 0.767857
0.540060 0.745255 0.767857
0.515697 0.754246 0.776786
0.543686 0.739261 0.750000
0.534833 0.736264 0.758929
0.539433 0.751249 0.776786
0.533889 0.753247 0.776786
0.560357 0.742258 0.767857
0.514897 0.751249 0.776786
0.515326 0.746254 0.767857
0.561071 0.745255 0.785714
0.529439 0.745255 0.776786
0.543211 0.744256 0.758929
0.543083 0.749251 0.758929
0.530132 0.737263 0.767857
0.532644 0.742258 0.767857
0.530434 0.752248 0.776786
0.522575 0.747253 0.776786
0.534276 0.752248 0.776786
0.521549 0.757243 0.776786
0.522458 0.739261 0.767857
0.536688 0.742258 0.767857
0.547576 0.744256 0.767857
0.530000 0.745255 0.776786
0.550385 0.752248 0.785714
0.526921 0.746254 0.767857
0.533662 0.746254 0.785714
0.541387 0.759241 0.776786
0.531950 0.747253 0.785714
0.545121 0.750250 0.785714
0.537871 0.750250 0.785714
0.545605 0.741259 0.785714
0.532447 0.754246 0.785714
0.508462 0.737263 0.767857
0.546977 0.733267 0.750000
0.530566 0.748252 0.776786
0.535344 0.756244 0.767857
0.507843 0.751249 0.776786
0.538664 0.741259 0.767857
0.538701 0.739261 0.776786
0.525002 0.752248 0.785714
0.542568 0.762238 0.767857
0.538432 0.742258 0.776786
0.521412 0.736264 0.758929
0.524650 0.747253 0.767857
0.550594 0.735265 0.758929
0.525768 0.744256 0.776786
0.519320 0.757243 0.794643
0.551717 0.736264 0.767857
0.522265 0.739261 0.767857
0.541848 0.743257 0.767857
0.547154 0.752248 0.776786
0.504090 0.754246 0.785714
0.539233 0.738262 0.785714
0.538401 0.746254 0.776786
0.516887 0.757243 0.767857
0.531697 0.748252 0.776786
0.539185 0.755245 0.767857
0.529973 0.742258 0.767857
0.535215 0.750250 0.776786
0.521264 0.743257 0.776786
0.532075 0.746254 0.785714
0.536018 0.746254 0.776786
0.531673 0.755245 0.785714
0.534626 0.748252 0.785714
0.540613 0.735265 0.767857
0.527408 0.745255 0.776786
0.507107 0.755245 0.785714
0.537442 0.756244 0.776786
0.512299 0.752248 0.785714
0.527368 0.752248 0.794643
0.543753 0.743257 0.767857
0.537461 0.752248 0.776786
0.527048 0.752248 0.785714
0.523227 0.753247 0.785714
0.521745 0.755245 0.776786
0.521662 0.754246 0.776786
0.533248 0.741259 0.776786
0.536473 0.737263 0.767857
0.523477 0.743257 0.785714
0.512674 0.753247 0.776786
0.508278 0.756244 0.776786
0.495372 0.753247 0.776786
0.558366 0.743257 0.767857
0.527023 0.754246 0.776786
0.530590 0.745255 0.776786
0.520548 0.757243 0.776786
0.546484 0.758242 0.776786
0.547904 0.745255 0.758929
0.512372 0.750250 0.776786
0.548384 0.743257 0.776786
0.544050 0.738262 0.767857
0.539567 0.740260 0.767857
0.528410 0.756244 0.785714
0.530408 0.757243 0.776786
0.539078 0.754246 0.758929
0.522920 0.752248 0.785714
0.537578 0.742258 0.767857
0.530600 0.751249 0.767857
0.545235 0.742258 0.767857
0.531242 0.747253 0.776786
0.526999 0.758242 0.767857
0.518987 0.752248 0.758929
0.567928 0.741259 0.767857
0.537641 0.744256 0.776786
0.512979 0.743257 0.776786
0.547571 0.746254 0.776786
