13.412917 0.709291 0.714286
6.535111 0.720280 0.714286
5.933591 0.702298 0.732143
5.897592 0.693307 0.705357
3.936913 0.716284 0.678571
3.931819 0.727273 0.705357
3.012385 0.721279 0.714286
1.729455 0.673327 0.696429
2.642402 0.723277 0.723214
2.335991 0.646354 0.633929
2.582185 0.706294 0.750000
1.656042 0.714286 0.687500
1.373556 0.701299 0.669643
1.571889 0.737263 0.732143
1.211280 0.686314 0.696429
1.237843 0.681319 0.687500
1.018287 0.742258 0.741071
0.823804 0.726274 0.732143
1.088169 0.740260 0.758929
0.854399 0.707293 0.750000
0.798429 0.750250 0.705357
0.684177 0.743257 0.750000
0.681305 0.680320 0.651786
0.648347 0.728272 0.714286
0.683396 0.753247 0.750000
0.731798 0.721279 0.687500
0.776464 0.747253 0.723214
0.622047 0.727273 0.723214
0.622733 0.712288 0.705357
0.614313 0.738262 0.732143
0.664046 0.755245 0.732143
0.623562 0.687313 0.642857
0.627046 0.736264 0.741071
0.583165 0.733267 0.732143
0.642927 0.719281 0.696429
0.600135 0.736264 0.741071
0.636287 0.716284 0.776786
0.561827 0.745255 0.741071
0.577961 0.745255 0.741071
0.586422 0.753247 0.741071
0.661451 0.753247 0.741071
0.615721 0.668332 0.687500
0.565611 0.737263 0.705357
0.578354 0.732268 0.758929
0.586345 0.704296 0.741071
0.577554 0.726274 0.758929
0.557630 0.728272 0.750000
0.543565 0.749251 0.741071
0.584217 0.738262 0.741071
0.576904 0.748252 0.741071
0.550424 0.730270 0.732143
0.577623 0.704296 0.723214
0.586650 0.698302 0.687500
0.554235 0.718282 0.723214
0.584048 0.708292 0.714286
0.563431 0.743257 0.758929
0.573789 0.733267 0.723214
0.585323 0.735265 0.758929
0.589817 0.734266 0.732143
0.548356 0.718282 0.714286
0.550113 0.735265 0.741071
0.549361 0.700300 0.678571
0.605184 0.727273 0.750000
0.558448 0.739261 0.732143
0.578375 0.736264 0.741071
0.563441 0.745255 0.776786
0.572540 0.742258 0.741071
0.574643 0.752248 0.776786
0.596744 0.750250 0.767857
0.545448 0.737263 0.741071
0.578730 0.717283 0.723214
0.565019 0.743257 0.758929
0.551706 0.729271 0.741071
0.557998 0.755245 0.732143
0.564292 0.722278 0.714286
0.543453 0.748252 0.758929
0.563062 0.715285 0.678571
0.578458 0.724276 0.723214
0.584502 0.697303 0.687500
0.586829 0.737263 0.714286
0.583749 0.698302 0.678571
0.572891 0.715285 0.741071
0.538047 0.725275 0.732143
0.562828 0.722278 0.767857
0.559821 0.724276 0.750000
0.581183 0.737263 0.750000
0.539678 0.736264 0.732143
0.585308 0.712288 0.741071
0.570731 0.747253 0.758929
0.577491 0.755245 0.750000
0.580265 0.719281 0.723214
0.572321 0.491508 0.482143
0.569965 0.705295 0.732143
0.574236 0.734266 0.687500
0.561548 0.736264 0.741071
0.567975 0.738262 0.776786
0.572714 0.756244 0.750000
0.555434 0.730270 0.767857
0.560423 0.734266 0.732143
0.552091 0.750250 0.750000
0.546320 0.753247 0.767857
0.586858 0.751249 0.758929
0.573992 0.752248 0.767857
0.553438 0.747253 0.732143
0.585305 0.739261 0.767857
0.582286 0.744256 0.750000
0.554978 0.744256 0.750000
0.577003 0.731269 0.750000
0.561602 0.756244 0.776786
0.541143 0.729271 0.741071
0.529225 0.743257 0.750000
0.568953 0.726274 0.750000
0.555306 0.753247 0.767857
0.575090 0.720280 0.732143
0.550213 0.753247 0.767857
0.556079 0.756244 0.767857
0.542088 0.753247 0.767857
0.531216 0.730270 0.776786
0.549078 0.740260 0.767857
0.547257 0.744256 0.767857
0.575354 0.754246 0.767857
0.530988 0.745255 0.732143
0.555185 0.741259 0.732143
0.546722 0.741259 0.732143
0.555605 0.726274 0.750000
0.541582 0.748252 0.758929
0.554005 0.724276 0.741071
0.574100 0.741259 0.758929
0.561065 0.738262 0.767857
0.541961 0.755245 0.767857
0.534585 0.750250 0.750000
0.558649 0.740260 0.767857
0.563489 0.735265 0.758929
0.561552 0.734266 0.767857
0.559654 0.740260 0.758929
0.564327 0.718282 0.750000
0.556336 0.719281 0.750000
0.553880 0.750250 0.776786
0.557210 0.728272 0.758929
0.547239 0.760240 0.758929
0.539239 0.751249 0.758929
0.570214 0.754246 0.750000
0.566160 0.745255 0.741071
0.549247 0.754246 0.750000
0.575435 0.735265 0.767857
0.540200 0.754246 0.750000
0.543524 0.716284 0.732143
0.556984 0.754246 0.758929
0.552372 0.736264 0.758929
0.528797 0.750250 0.741071
0.539984 0.748252 0.758929
0.540167 0.743257 0.758929
0.531545 0.753247 0.776786
0.542285 0.751249 0.776786
0.543051 0.756244 0.785714
0.534955 0.725275 0.758929
0.565658 0.742258 0.767857
0.548051 0.747253 0.750000
0.560878 0.742258 0.758929
0.534717 0.744256 0.758929
0.537369 0.734266 0.750000
0.556106 0.738262 0.750000
0.545305 0.748252 0.750000
0.525894 0.732268 0.750000
0.543377 0.725275 0.758929
0.538626 0.759241 0.758929
0.548388 0.742258 0.741071
0.558694 0.728272 0.750000
0.531267 0.754246 0.767857
0.567536 0.717283 0.741071
0.538054 0.745255 0.758929
0.552687 0.742258 0.767857
0.529616 0.755245 0.750000
0.513138 0.754246 0.750000
0.563893 0.752248 0.750000
0.553695 0.737263 0.750000
0.546816 0.727273 0.750000
0.539989 0.722278 0.758929
0.547734 0.730270 0.750000
0.532604 0.747253 0.741071
0.537490 0.728272 0.750000
0.536606 0.745255 0.750000
0.529995 0.744256 0.750000
0.556206 0.750250 0.758929
0.519196 0.757243 0.758929
0.570429 0.754246 0.767857
0.554293 0.734266 0.750000
0.535679 0.754246 0.758929
0.526287 0.745255 0.767857
0.539843 0.724276 0.776786
0.543715 0.738262 0.776786
0.566104 0.724276 0.758929
0.528651 0.745255 0.741071
0.536905 0.731269 0.767857
0.560176 0.746254 0.750000
0.537269 0.755245 0.776786
0.547634 0.735265 0.767857
0.555044 0.748252 0.776786
0.542012 0.723277 0.750000
0.554755 0.744256 0.767857
0.537092 0.754246 0.767857
0.556015 0.732268 0.750000
0.512935 0.748252 0.767857
0.549983 0.745255 0.776786
0.543505 0.743257 0.767857
0.545526 0.735265 0.758929
0.536533 0.736264 0.767857
0.544963 0.734266 0.758929
0.564071 0.751249 0.758929
0.532634 0.749251 0.767857
0.567945 0.744256 0.767857
0.548360 0.730270 0.758929
0.557397 0.731269 0.758929
0.544114 0.739261 0.758929
0.533240 0.737263 0.750000
0.538902 0.756244 0.767857
0.568520 0.733267 0.767857
0.531394 0.747253 0.767857
0.571015 0.745255 0.732143
0.523391 0.745255 0.776786
0.536454 0.742258 0.758929
0.544368 0.742258 0.758929
0.552802 0.730270 0.758929
0.539377 0.743257 0.758929
0.529109 0.735265 0.758929
0.540233 0.740260 0.750000
0.532721 0.743257 0.758929
0.538679 0.741259 0.750000
0.550530 0.739261 0.758929
0.536527 0.730270 0.758929
0.545459 0.740260 0.750000
0.543959 0.737263 0.750000
0.524006 0.743257 0.767857
0.539008 0.741259 0.758929
0.537226 0.735265 0.758929
0.530512 0.756244 0.758929
0.547838 0.727273 0.750000
0.540783 0.736264 0.758929
0.534557 0.740260 0.758929
0.543512 0.750250 0.776786
0.525975 0.742258 0.750000
0.542958 0.742258 0.750000
0.554782 0.724276 0.758929
0.537291 0.749251 0.767857
0.544533 0.733267 0.750000
0.518710 0.754246 0.758929
0.544132 0.730270 0.758929
0.536137 0.732268 0.750000
0.546365 0.734266 0.758929
0.537104 0.740260 0.758929
0.567553 0.729271 0.758929
0.520794 0.743257 0.767857
0.520425 0.739261 0.767857
0.562358 0.738262 0.750000
0.533964 0.739261 0.758929
0.547105 0.740260 0.750000
0.547156 0.741259 0.741071
0.537493 0.733267 0.758929
0.537886 0.741259 0.750000
0.536615 0.741259 0.758929
0.525449 0.740260 0.758929
0.534645 0.745255 0.767857
0.523865 0.752248 0.758929
0.528953 0.734266 0.758929
0.539058 0.736264 0.758929
0.552060 0.742258 0.750000
0.540591 0.735265 0.767857
0.556159 0.741259 0.758929
0.529180 0.738262 0.767857
0.536442 0.743257 0.767857
0.548951 0.748252 0.776786
0.540758 0.740260 0.767857
0.546773 0.744256 0.767857
0.541716 0.750250 0.767857
0.550107 0.739261 0.767857
0.539963 0.752248 0.767857
0.515852 0.742258 0.758929
0.551986 0.729271 0.750000
0.536917 0.743257 0.767857
0.538532 0.750250 0.767857
0.510158 0.746254 0.767857
0.540589 0.741259 0.767857
0.542136 0.736264 0.758929
0.530620 0.744256 0.785714
0.546815 0.753247 0.767857
0.541804 0.746254 0.758929
0.525581 0.736264 0.758929
0.532764 0.747253 0.750000
0.555104 0.735265 0.767857
0.528871 0.740260 0.767857
0.523210 0.752248 0.776786
0.556353 0.735265 0.750000
0.526449 0.739261 0.758929
0.545321 0.738262 0.758929
0.550426 0.748252 0.776786
0.513615 0.753247 0.758929
0.540926 0.739261 0.776786
0.540000 0.740260 0.776786
0.522473 0.747253 0.776786
0.536493 0.740260 0.767857
0.541657 0.755245 0.767857
0.537209 0.743257 0.776786
0.537384 0.738262 0.767857
0.523983 0.741259 0.776786
0.540758 0.742258 0.776786
0.541158 0.747253 0.785714
0.533152 0.751249 0.785714
0.540711 0.740260 0.767857
0.543332 0.737263 0.767857
0.533875 0.752248 0.767857
0.510492 0.756244 0.767857
0.541072 0.755245 0.767857
0.514323 0.757243 0.758929
0.527737 0.752248 0.776786
0.548754 0.745255 0.767857
0.539020 0.742258 0.776786
0.527761 0.753247 0.785714
0.528752 0.756244 0.785714
0.526837 0.761239 0.767857
0.529306 0.756244 0.776786
0.538757 0.733267 0.767857
0.538886 0.738262 0.767857
0.526414 0.750250 0.785714
0.519133 0.758242 0.776786
0.516279 0.757243 0.776786
0.501291 0.759241 0.758929
0.562736 0.741259 0.767857
0.528352 0.746254 0.785714
0.531686 0.747253 0.776786
0.526350 0.754246 0.776786
0.550193 0.758242 0.767857
0.551220 0.741259 0.758929
0.513303 0.743257 0.776786
0.547081 0.737263 0.767857
0.547419 0.742258 0.767857
0.544535 0.744256 0.767857
0.533033 0.746254 0.758929
0.534914 0.753247 0.767857
0.540550 0.747253 0.767857
0.525780 0.745255 0.776786
0.541698 0.739261 0.758929
0.533821 0.743257 0.785714
0.549419 0.741259 0.767857
0.533869 0.743257 0.767857
0.532383 0.758242 0.767857
0.521430 0.749251 0.758929
0.564497 0.747253 0.758929
0.545141 0.741259 0.758929
0.510810 0.740260 0.758929
0.555667 0.738262 0.758929
