1.294862 0.333333 0.333333
1.126772 0.333333 0.333333
1.108675 0.333333 0.333333
1.105478 0.333333 0.333333
1.107852 0.333333 0.333333
1.105044 0.333333 0.333333
1.104008 0.333333 0.333333
1.101763 0.333333 0.333333
1.105318 0.333333 0.333333
1.100209 0.333333 0.333333
1.101473 0.333333 0.333333
1.105464 0.333333 0.333333
1.103370 0.333333 0.333333
1.104044 0.333333 0.333333
1.105061 0.333333 0.333333
1.107136 0.333333 0.333333
1.104513 0.333333 0.333333
1.105614 0.333333 0.333333
1.107352 0.333333 0.333333
1.103589 0.333333 0.333333
1.102060 0.333333 0.333333
1.107447 0.333333 0.333333
1.101174 0.333333 0.333333
1.103290 0.333333 0.333333
1.102189 0.333333 0.333333
1.101462 0.333333 0.333333
1.104355 0.333333 0.333333
1.105461 0.333333 0.333333
1.101554 0.333333 0.333333
1.100857 0.333333 0.333333
1.107837 0.333333 0.333333
1.101228 0.333333 0.333333
1.100474 0.333333 0.333333
1.104370 0.333333 0.333333
1.101535 0.333333 0.333333
1.103039 0.333333 0.333333
1.104015 0.333333 0.333333
1.103622 0.333333 0.333333
1.102491 0.333333 0.333333
1.106647 0.333333 0.333333
1.102065 0.333333 0.333333
1.104116 0.333333 0.333333
1.104548 0.333333 0.333333
1.105471 0.333333 0.333333
1.102508 0.333333 0.333333
1.106415 0.333333 0.333333
1.103824 0.333333 0.333333
1.102977 0.333333 0.333333
1.104440 0.333333 0.333333
1.102252 0.333333 0.333333
1.102569 0.333333 0.333333
1.100497 0.333333 0.333333
1.100172 0.333333 0.333333
1.100944 0.333333 0.333333
1.100667 0.333333 0.333333
1.099635 0.333333 0.333333
1.101373 0.333333 0.333333
1.099691 0.333333 0.333333
1.102758 0.333333 0.333333
1.097072 0.333333 0.333333
1.105168 0.333333 0.333333
1.100979 0.333333 0.333333
1.101494 0.333333 0.333333
1.102480 0.333333 0.333333
1.100489 0.333333 0.333333
1.099077 0.333333 0.333333
1.103197 0.333333 0.333333
1.099737 0.333333 0.333333
1.104631 0.333333 0.333333
1.099103 0.333333 0.333333
1.100727 0.333333 0.333333
1.101282 0.333333 0.333333
1.100249 0.333333 0.333333
1.103518 0.333333 0.333333
1.101069 0.333333 0.333333
1.099923 0.333333 0.333333
1.100770 0.333333 0.333333
1.102517 0.333333 0.333333
1.100708 0.333333 0.333333
1.100499 0.333333 0.333333
1.102277 0.333333 0.333333
1.100414 0.333333 0.333333
1.102352 0.333333 0.333333
1.100895 0.333333 0.333333
1.100900 0.333333 0.333333
1.100157 0.333333 0.333333
1.101282 0.333333 0.333333
1.102006 0.333333 0.333333
1.099797 0.333333 0.333333
1.103322 0.333333 0.333333
1.101280 0.333333 0.333333
1.101433 0.333333 0.333333
1.101699 0.333333 0.333333
1.101964 0.333333 0.333333
1.103202 0.333333 0.333333
1.100490 0.333333 0.333333
1.100593 0.333333 0.333333
1.100869 0.333333 0.333333
1.101145 0.333333 0.333333
1.100101 0.333333 0.333333
1.101576 0.333333 0.333333
1.100600 0.333333 0.333333
1.100760 0.333333 0.333333
1.100353 0.333333 0.333333
1.098806 0.333333 0.333333
1.100142 0.333333 0.333333
1.100268 0.333333 0.333333
1.099225 0.333333 0.333333
1.099575 0.333333 0.333333
1.100567 0.333333 0.333333
1.099281 0.333333 0.333333
1.100731 0.333333 0.333333
1.100406 0.333333 0.333333
1.097862 0.333333 0.333333
1.101822 0.333333 0.333333
1.098728 0.333333 0.333333
1.100641 0.333333 0.333333
1.098454 0.333333 0.333333
1.099336 0.333333 0.333333
1.100336 0.333333 0.333333
1.100120 0.333333 0.333333
1.098806 0.333333 0.333333
1.100212 0.333333 0.333333
1.098428 0.333333 0.333333
1.101506 0.333333 0.333333
1.099978 0.333333 0.333333
1.100184 0.333333 0.333333
1.099844 0.333333 0.333333
1.100632 0.333333 0.333333
1.099359 0.333333 0.333333
1.101319 0.333333 0.333333
1.101450 0.333333 0.333333
1.098812 0.333333 0.333333
1.101258 0.333333 0.333333
1.099778 0.333333 0.333333
1.098656 0.333333 0.333333
1.102425 0.333333 0.333333
1.098738 0.333333 0.333333
1.101538 0.333333 0.333333
1.099537 0.333333 0.333333
1.100225 0.333333 0.333333
1.098147 0.333333 0.333333
1.101042 0.333333 0.333333
1.100104 0.333333 0.333333
1.098306 0.333333 0.333333
1.100315 0.333333 0.333333
1.098833 0.333333 0.333333
1.101042 0.333333 0.333333
1.099556 0.333333 0.333333
1.098992 0.333333 0.333333
1.099587 0.333333 0.333333
1.100052 0.333333 0.333333
1.098580 0.333333 0.333333
1.101559 0.333333 0.333333
1.099327 0.333333 0.333333
1.098798 0.333333 0.333333
1.100503 0.333333 0.333333
1.099471 0.333333 0.333333
1.098639 0.333333 0.333333
1.099940 0.333333 0.333333
1.098871 0.333333 0.333333
1.097861 0.333333 0.333333
1.099940 0.333333 0.333333
1.100194 0.333333 0.333333
1.098235 0.333333 0.333333
1.099388 0.333333 0.333333
1.099364 0.333333 0.333333
1.100181 0.333333 0.333333
1.099658 0.333333 0.333333
1.099317 0.333333 0.333333
1.099918 0.333333 0.333333
1.099826 0.333333 0.333333
1.099202 0.333333 0.333333
1.099526 0.333333 0.333333
1.099471 0.333333 0.333333
1.099034 0.333333 0.333333
1.098153 0.333333 0.333333
1.098531 0.333333 0.333333
1.098829 0.333333 0.333333
1.099494 0.333333 0.333333
1.100521 0.333333 0.333333
1.099035 0.333333 0.333333
1.098860 0.333333 0.333333
1.099838 0.333333 0.333333
1.097528 0.333333 0.333333
1.099159 0.333333 0.333333
1.100496 0.333333 0.333333
1.098489 0.333333 0.333333
1.099373 0.333333 0.333333
1.099213 0.333333 0.333333
1.097498 0.333333 0.333333
1.100778 0.333333 0.333333
1.099292 0.333333 0.333333
1.097323 0.333333 0.333333
1.098639 0.333333 0.333333
1.098514 0.333333 0.333333
1.099151 0.333333 0.333333
1.100021 0.333333 0.333333
1.100503 0.333333 0.333333
1.099129 0.333333 0.333333
1.099180 0.333333 0.333333
1.099368 0.333333 0.333333
1.098226 0.333333 0.333333
1.099051 0.333333 0.333333
1.098253 0.333333 0.333333
1.100070 0.333333 0.333333
1.099408 0.333333 0.333333
1.099040 0.333333 0.333333
1.097610 0.333333 0.333333
1.100235 0.333333 0.333333
1.099102 0.333333 0.333333
1.098931 0.333333 0.333333
1.099488 0.333333 0.333333
1.098298 0.333333 0.333333
1.099538 0.333333 0.333333
1.099575 0.333333 0.333333
1.098776 0.333333 0.333333
1.098938 0.333333 0.333333
1.098751 0.333333 0.333333
1.098667 0.333333 0.333333
1.098876 0.333333 0.333333
1.097806 0.333333 0.333333
1.098760 0.333333 0.333333
1.099922 0.333333 0.333333
1.098150 0.333333 0.333333
1.098710 0.333333 0.333333
1.100113 0.333333 0.333333
1.098681 0.333333 0.333333
1.099239 0.333333 0.333333
1.098985 0.333333 0.333333
1.098605 0.333333 0.333333
1.098050 0.333333 0.333333
1.097068 0.333333 0.333333
1.099346 0.333333 0.333333
1.098983 0.333333 0.333333
1.099184 0.333333 0.333333
1.097419 0.333333 0.333333
1.099887 0.333333 0.333333
1.098335 0.333333 0.333333
1.098945 0.333333 0.333333
1.098539 0.333333 0.333333
1.097925 0.333333 0.333333
1.099375 0.333333 0.333333
1.099043 0.333333 0.333333
1.099005 0.333333 0.333333
1.098697 0.333333 0.333333
1.098372 0.333333 0.333333
1.098294 0.333333 0.333333
1.099400 0.333333 0.333333
1.099167 0.333333 0.333333
1.099181 0.333333 0.333333
1.098405 0.333333 0.333333
1.098545 0.333333 0.333333
1.098897 0.333333 0.333333
1.099582 0.333333 0.333333
1.098811 0.333333 0.333333
1.098168 0.333333 0.333333
1.099054 0.333333 0.333333
1.099771 0.333333 0.333333
1.098783 0.333333 0.333333
1.098854 0.333333 0.333333
1.098229 0.333333 0.333333
1.099122 0.333333 0.333333
1.098734 0.333333 0.333333
1.099039 0.333333 0.333333
1.098240 0.333333 0.333333
1.099174 0.333333 0.333333
1.098890 0.333333 0.333333
1.099529 0.333333 0.333333
1.099163 0.333333 0.333333
1.098478 0.333333 0.333333
1.099169 0.333333 0.333333
1.098931 0.333333 0.333333
1.098934 0.333333 0.333333
1.098505 0.333333 0.333333
1.098216 0.333333 0.333333
1.098049 0.333333 0.333333
1.099658 0.333333 0.333333
1.098578 0.333333 0.333333
1.099028 0.333333 0.333333
1.098112 0.333333 0.333333
1.098566 0.333333 0.333333
1.098494 0.333333 0.333333
1.099272 0.333333 0.333333
1.099051 0.333333 0.333333
1.098966 0.333333 0.333333
1.098999 0.333333 0.333333
1.098349 0.333333 0.333333
1.098833 0.333333 0.333333
1.098175 0.333333 0.333333
1.099159 0.333333 0.333333
1.098231 0.333333 0.333333
1.099052 0.333333 0.333333
1.098883 0.333333 0.333333
1.098800 0.333333 0.333333
1.099166 0.333333 0.333333
1.098345 0.333333 0.333333
1.098871 0.333333 0.333333
1.098216 0.333333 0.333333
1.098667 0.333333 0.333333
1.098899 0.333333 0.333333
1.098246 0.333333 0.333333
1.099036 0.333333 0.333333
1.098824 0.333333 0.333333
1.098870 0.333333 0.333333
1.098279 0.333333 0.333333
1.099177 0.333333 0.333333
1.098173 0.333333 0.333333
1.098280 0.333333 0.333333
1.099015 0.333333 0.333333
1.099027 0.333333 0.333333
1.098891 0.333333 0.333333
1.099516 0.333333 0.333333
1.098426 0.333333 0.333333
1.098798 0.333333 0.333333
1.098606 0.333333 0.333333
1.098900 0.333333 0.333333
1.098515 0.333333 0.333333
1.099164 0.333333 0.333333
1.098278 0.333333 0.333333
1.098832 0.333333 0.333333
1.098697 0.333333 0.333333
1.099443 0.333333 0.333333
1.098780 0.333333 0.333333
1.098448 0.333333 0.333333
1.098469 0.333333 0.333333
1.098959 0.333333 0.333333
1.098595 0.333333 0.333333
1.098612 0.333333 0.333333
1.098835 0.333333 0.333333
1.099190 0.333333 0.333333
1.098838 0.333333 0.333333
1.098524 0.333333 0.333333
1.098501 0.333333 0.333333
1.098997 0.333333 0.333333
1.098508 0.333333 0.333333
1.099091 0.333333 0.333333
1.098722 0.333333 0.333333
1.098532 0.333333 0.333333
1.098924 0.333333 0.333333
1.098581 0.333333 0.333333
1.098727 0.333333 0.333333
1.098469 0.333333 0.333333
1.099068 0.333333 0.333333
1.098983 0.333333 0.333333
1.098630 0.333333 0.333333
1.098380 0.333333 0.333333
1.098715 0.333333 0.333333
1.098596 0.333333 0.333333
1.098753 0.333333 0.333333
