1.293392 0.333333 0.333333
1.126495 0.333333 0.333333
1.109055 0.333333 0.333333
1.105035 0.333333 0.333333
1.106555 0.333333 0.333333
1.104121 0.333333 0.333333
1.103925 0.333333 0.333333
1.101602 0.333333 0.333333
1.105243 0.333333 0.333333
1.100131 0.333333 0.333333
1.101404 0.333333 0.333333
1.105392 0.333333 0.333333
1.103397 0.333333 0.333333
1.103958 0.333333 0.333333
1.105048 0.333333 0.333333
1.107055 0.333333 0.333333
1.104414 0.333333 0.333333
1.105524 0.333333 0.333333
1.107285 0.333333 0.333333
1.103511 0.333333 0.333333
1.102043 0.333333 0.333333
1.107389 0.333333 0.333333
1.101128 0.333333 0.333333
1.103202 0.333333 0.333333
1.102171 0.333333 0.333333
1.101430 0.333333 0.333333
1.104352 0.333333 0.333333
1.105416 0.333333 0.333333
1.101482 0.333333 0.333333
1.100810 0.333333 0.333333
1.107749 0.333333 0.333333
1.101172 0.333333 0.333333
1.100432 0.333333 0.333333
1.104339 0.333333 0.333333
1.101528 0.333333 0.333333
1.102974 0.333333 0.333333
1.104029 0.333333 0.333333
1.103531 0.333333 0.333333
1.102506 0.333333 0.333333
1.106582 0.333333 0.333333
1.102024 0.333333 0.333333
1.104078 0.333333 0.333333
1.104547 0.333333 0.333333
1.105432 0.333333 0.333333
1.102505 0.333333 0.333333
1.106371 0.333333 0.333333
1.103791 0.333333 0.333333
1.102922 0.333333 0.333333
1.104380 0.333333 0.333333
1.102246 0.333333 0.333333
1.102504 0.333333 0.333333
1.100467 0.333333 0.333333
1.100155 0.333333 0.333333
1.100947 0.333333 0.333333
1.100662 0.333333 0.333333
1.099610 0.333333 0.333333
1.101391 0.333333 0.333333
1.099656 0.333333 0.333333
1.102746 0.333333 0.333333
1.097061 0.333333 0.333333
1.105161 0.333333 0.333333
1.100955 0.333333 0.333333
1.101478 0.333333 0.333333
1.102489 0.333333 0.333333
1.100413 0.333333 0.333333
1.099070 0.333333 0.333333
1.103171 0.333333 0.333333
1.099728 0.333333 0.333333
1.104610 0.333333 0.333333
1.099111 0.333333 0.333333
1.100724 0.333333 0.333333
1.101264 0.333333 0.333333
1.100226 0.333333 0.333333
1.103483 0.333333 0.333333
1.101032 0.333333 0.333333
1.099932 0.333333 0.333333
1.100771 0.333333 0.333333
1.102488 0.333333 0.333333
1.100691 0.333333 0.333333
1.100478 0.333333 0.333333
1.102265 0.333333 0.333333
1.100393 0.333333 0.333333
1.102335 0.333333 0.333333
1.100876 0.333333 0.333333
1.100890 0.333333 0.333333
1.100118 0.333333 0.333333
1.101254 0.333333 0.333333
1.102027 0.333333 0.333333
1.099799 0.333333 0.333333
1.103293 0.333333 0.333333
1.101260 0.333333 0.333333
1.101413 0.333333 0.333333
1.101687 0.333333 0.333333
1.101949 0.333333 0.333333
1.103168 0.333333 0.333333
1.100472 0.333333 0.333333
1.100565 0.333333 0.333333
1.100840 0.333333 0.333333
1.101113 0.333333 0.333333
1.100078 0.333333 0.333333
1.101581 0.333333 0.333333
1.100581 0.333333 0.333333
1.100752 0.333333 0.333333
1.100351 0.333333 0.333333
1.098793 0.333333 0.333333
1.100142 0.333333 0.333333
1.100246 0.333333 0.333333
1.099217 0.333333 0.333333
1.099568 0.333333 0.333333
1.100558 0.333333 0.333333
1.099299 0.333333 0.333333
1.100697 0.333333 0.333333
1.100406 0.333333 0.333333
1.097858 0.333333 0.333333
1.101802 0.333333 0.333333
1.098730 0.333333 0.333333
1.100621 0.333333 0.333333
1.098445 0.333333 0.333333
1.099340 0.333333 0.333333
1.100310 0.333333 0.333333
1.100120 0.333333 0.333333
1.098797 0.333333 0.333333
1.100216 0.333333 0.333333
1.098398 0.333333 0.333333
1.101496 0.333333 0.333333
1.099965 0.333333 0.333333
1.100176 0.333333 0.333333
1.099839 0.333333 0.333333
1.100615 0.333333 0.333333
1.099360 0.333333 0.333333
1.101323 0.333333 0.333333
1.101449 0.333333 0.333333
1.098808 0.333333 0.333333
1.101233 0.333333 0.333333
1.099769 0.333333 0.333333
1.098650 0.333333 0.333333
1.102416 0.333333 0.333333
1.098734 0.333333 0.333333
1.101514 0.333333 0.333333
1.099525 0.333333 0.333333
1.100213 0.333333 0.333333
1.098146 0.333333 0.333333
1.101025 0.333333 0.333333
1.100100 0.333333 0.333333
1.098315 0.333333 0.333333
1.100304 0.333333 0.333333
1.098815 0.333333 0.333333
1.101038 0.333333 0.333333
1.099561 0.333333 0.333333
1.098982 0.333333 0.333333
1.099605 0.333333 0.333333
1.100054 0.333333 0.333333
1.098585 0.333333 0.333333
1.101543 0.333333 0.333333
1.099316 0.333333 0.333333
1.098792 0.333333 0.333333
1.100507 0.333333 0.333333
1.099475 0.333333 0.333333
1.098641 0.333333 0.333333
1.099939 0.333333 0.333333
1.098838 0.333333 0.333333
1.097858 0.333333 0.333333
1.099932 0.333333 0.333333
1.100202 0.333333 0.333333
1.098228 0.333333 0.333333
1.099374 0.333333 0.333333
1.099362 0.333333 0.333333
1.100175 0.333333 0.333333
1.099650 0.333333 0.333333
1.099315 0.333333 0.333333
1.099907 0.333333 0.333333
1.099823 0.333333 0.333333
1.099197 0.333333 0.333333
1.099515 0.333333 0.333333
1.099465 0.333333 0.333333
1.099029 0.333333 0.333333
1.098166 0.333333 0.333333
1.098529 0.333333 0.333333
1.098828 0.333333 0.333333
1.099484 0.333333 0.333333
1.100507 0.333333 0.333333
1.099035 0.333333 0.333333
1.098859 0.333333 0.333333
1.099826 0.333333 0.333333
1.097526 0.333333 0.333333
1.099153 0.333333 0.333333
1.100489 0.333333 0.333333
1.098497 0.333333 0.333333
1.099365 0.333333 0.333333
1.099203 0.333333 0.333333
1.097500 0.333333 0.333333
1.100753 0.333333 0.333333
1.099291 0.333333 0.333333
1.097326 0.333333 0.333333
1.098626 0.333333 0.333333
1.098504 0.333333 0.333333
1.099157 0.333333 0.333333
1.100009 0.333333 0.333333
1.100505 0.333333 0.333333
1.099123 0.333333 0.333333
1.099177 0.333333 0.333333
1.099370 0.333333 0.333333
1.098222 0.333333 0.333333
1.099053 0.333333 0.333333
1.098262 0.333333 0.333333
1.100064 0.333333 0.333333
1.099408 0.333333 0.333333
1.099031 0.333333 0.333333
1.097609 0.333333 0.333333
1.100230 0.333333 0.333333
1.099100 0.333333 0.333333
1.098929 0.333333 0.333333
1.099485 0.333333 0.333333
1.098299 0.333333 0.333333
1.099526 0.333333 0.333333
1.099569 0.333333 0.333333
1.098778 0.333333 0.333333
1.098933 0.333333 0.333333
1.098745 0.333333 0.333333
1.098662 0.333333 0.333333
1.098869 0.333333 0.333333
1.097810 0.333333 0.333333
1.098758 0.333333 0.333333
1.099913 0.333333 0.333333
1.098152 0.333333 0.333333
1.098734 0.333333 0.333333
1.100115 0.333333 0.333333
1.098680 0.333333 0.333333
1.099250 0.333333 0.333333
1.098972 0.333333 0.333333
1.098600 0.333333 0.333333
1.098054 0.333333 0.333333
1.097063 0.333333 0.333333
1.099336 0.333333 0.333333
1.098981 0.333333 0.333333
1.099185 0.333333 0.333333
1.097431 0.333333 0.333333
1.099876 0.333333 0.333333
1.098347 0.333333 0.333333
1.098930 0.333333 0.333333
1.098535 0.333333 0.333333
1.097926 0.333333 0.333333
1.099361 0.333333 0.333333
1.099035 0.333333 0.333333
1.099003 0.333333 0.333333
1.098689 0.333333 0.333333
1.098382 0.333333 0.333333
1.098295 0.333333 0.333333
1.099386 0.333333 0.333333
1.099181 0.333333 0.333333
1.099176 0.333333 0.333333
1.098402 0.333333 0.333333
1.098539 0.333333 0.333333
1.098897 0.333333 0.333333
1.099588 0.333333 0.333333
1.098820 0.333333 0.333333
1.098168 0.333333 0.333333
1.099073 0.333333 0.333333
1.099769 0.333333 0.333333
1.098787 0.333333 0.333333
1.098885 0.333333 0.333333
1.098235 0.333333 0.333333
1.099122 0.333333 0.333333
1.098745 0.333333 0.333333
1.099031 0.333333 0.333333
1.098233 0.333333 0.333333
1.099207 0.333333 0.333333
1.098884 0.333333 0.333333
1.099522 0.333333 0.333333
1.099164 0.333333 0.333333
1.098468 0.333333 0.333333
1.099163 0.333333 0.333333
1.098950 0.333333 0.333333
1.098951 0.333333 0.333333
1.098523 0.333333 0.333333
1.098246 0.333333 0.333333
1.098043 0.333333 0.333333
1.099716 0.333333 0.333333
1.098605 0.333333 0.333333
1.099040 0.333333 0.333333
1.098091 0.333333 0.333333
1.098589 0.333333 0.333333
1.098475 0.333333 0.333333
1.099279 0.333333 0.333333
1.099024 0.333333 0.333333
1.098949 0.333333 0.333333
1.098989 0.333333 0.333333
1.098358 0.333333 0.333333
1.098819 0.333333 0.333333
1.098180 0.333333 0.333333
1.099171 0.333333 0.333333
1.098238 0.333333 0.333333
1.099043 0.333333 0.333333
1.098855 0.333333 0.333333
1.098809 0.333333 0.333333
1.099171 0.333333 0.333333
1.098350 0.333333 0.333333
1.098873 0.333333 0.333333
1.098238 0.333333 0.333333
1.098699 0.333333 0.333333
1.098898 0.333333 0.333333
1.098266 0.333333 0.333333
1.099031 0.333333 0.333333
1.098819 0.333333 0.333333
1.098892 0.333333 0.333333
1.098288 0.333333 0.333333
1.099179 0.333333 0.333333
1.098179 0.333333 0.333333
1.098296 0.333333 0.333333
1.099013 0.333333 0.333333
1.098984 0.333333 0.333333
1.098871 0.333333 0.333333
1.099505 0.333333 0.333333
1.098421 0.333333 0.333333
1.098775 0.333333 0.333333
1.098605 0.333333 0.333333
1.098905 0.333333 0.333333
1.098512 0.333333 0.333333
1.099147 0.333333 0.333333
1.098285 0.333333 0.333333
1.098816 0.333333 0.333333
1.098683 0.333333 0.333333
1.099438 0.333333 0.333333
1.098783 0.333333 0.333333
1.098436 0.333333 0.333333
1.098469 0.333333 0.333333
1.098952 0.333333 0.333333
1.098596 0.333333 0.333333
1.098611 0.333333 0.333333
1.098831 0.333333 0.333333
1.099186 0.333333 0.333333
1.098830 0.333333 0.333333
1.098523 0.333333 0.333333
1.098500 0.333333 0.333333
1.099007 0.333333 0.333333
1.098499 0.333333 0.333333
1.099099 0.333333 0.333333
1.098719 0.333333 0.333333
1.098531 0.333333 0.333333
1.098922 0.333333 0.333333
1.098583 0.333333 0.333333
1.098726 0.333333 0.333333
1.098459 0.333333 0.333333
1.099073 0.333333 0.333333
1.098989 0.333333 0.333333
1.098627 0.333333 0.333333
1.098378 0.333333 0.333333
1.098714 0.333333 0.333333
1.098595 0.333333 0.333333
1.098737 0.333333 0.333333
