1.385799 0.394074 0.386667
1.220479 0.391111 0.386667
1.199749 0.371852 0.353333
1.162633 0.413333 0.386667
1.122320 0.414074 0.426667
1.131454 0.408148 0.400000
1.112044 0.453333 0.406667
1.118476 0.445185 0.413333
1.130573 0.445926 0.406667
1.097331 0.454074 0.420000
1.094498 0.458519 0.440000
1.117002 0.414815 0.386667
1.109429 0.474815 0.460000
1.088024 0.410370 0.373333
1.103345 0.387407 0.400000
1.097088 0.414074 0.380000
1.094185 0.465185 0.426667
1.077006 0.455556 0.400000
1.091412 0.419259 0.393333
1.074561 0.461481 0.400000
1.052629 0.425926 0.420000
1.076077 0.472593 0.453333
1.066029 0.477037 0.440000
1.070441 0.457037 0.426667
1.071871 0.460000 0.413333
1.059777 0.464444 0.426667
1.071899 0.482222 0.453333
1.084148 0.412593 0.420000
1.058489 0.466667 0.440000
1.063091 0.431111 0.413333
1.078211 0.468148 0.440000
1.068683 0.451111 0.420000
1.056098 0.419259 0.400000
1.069050 0.456296 0.406667
1.072350 0.482222 0.466667
1.063594 0.474815 0.446667
1.069679 0.462222 0.413333
1.072690 0.451852 0.446667
1.047247 0.464444 0.420000
1.062053 0.417037 0.400000
1.057700 0.438519 0.426667
1.066098 0.460741 0.413333
1.066916 0.470370 0.453333
1.067808 0.423704 0.400000
1.060024 0.385926 0.360000
1.070107 0.453333 0.400000
1.068039 0.462963 0.453333
1.073329 0.421481 0.440000
1.046303 0.442963 0.440000
1.068709 0.468148 0.413333
1.053704 0.456296 0.413333
1.052759 0.462222 0.413333
1.042240 0.471111 0.426667
1.051459 0.480000 0.440000
1.044580 0.466667 0.426667
1.050045 0.473333 0.466667
1.045158 0.424444 0.426667
1.055997 0.434815 0.400000
1.047005 0.476296 0.440000
1.048239 0.412593 0.400000
1.044175 0.473333 0.420000
1.056129 0.468148 0.406667
1.042921 0.432593 0.426667
1.034615 0.462222 0.420000
1.057921 0.456296 0.380000
1.041788 0.482963 0.493333
1.040542 0.475556 0.473333
1.047378 0.479259 0.453333
1.054243 0.463704 0.406667
1.037168 0.466667 0.453333
1.055837 0.466667 0.453333
1.045336 0.448148 0.413333
1.059348 0.439259 0.466667
1.041011 0.468889 0.406667
1.051265 0.473333 0.473333
1.044237 0.465926 0.413333
1.041482 0.480000 0.460000
1.054105 0.466667 0.466667
1.049458 0.473333 0.433333
1.040488 0.438519 0.420000
1.043349 0.466667 0.426667
1.045862 0.468148 0.413333
1.048709 0.476296 0.460000
1.052594 0.480741 0.440000
1.037827 0.477037 0.466667
1.047362 0.479259 0.460000
1.046208 0.473333 0.420000
1.032831 0.474815 0.426667
1.042185 0.477778 0.440000
1.052642 0.474815 0.426667
1.048682 0.468148 0.440000
1.050607 0.462963 0.420000
1.046069 0.404444 0.400000
1.056728 0.422963 0.406667
1.054867 0.464444 0.453333
1.052174 0.463704 0.413333
1.038971 0.468148 0.446667
1.047878 0.470370 0.440000
1.046829 0.475556 0.420000
1.040872 0.455556 0.420000
1.045721 0.465185 0.433333
1.038364 0.461481 0.406667
1.027103 0.480000 0.440000
1.037504 0.467407 0.420000
1.038993 0.479259 0.446667
1.032782 0.467407 0.400000
1.049539 0.468148 0.453333
1.037728 0.466667 0.400000
1.035841 0.466667 0.426667
1.036635 0.479259 0.453333
1.036342 0.479259 0.466667
1.030115 0.477778 0.440000
1.040485 0.485185 0.446667
1.043519 0.478519 0.440000
1.033295 0.482222 0.446667
1.038512 0.468889 0.413333
1.039616 0.434074 0.426667
1.031657 0.462222 0.386667
1.031466 0.465185 0.413333
1.041611 0.461481 0.413333
1.044431 0.469630 0.446667
1.041705 0.468889 0.433333
1.049952 0.465185 0.406667
1.036146 0.468148 0.440000
1.046787 0.465185 0.446667
1.046815 0.462963 0.426667
1.029842 0.460000 0.400000
1.036830 0.473333 0.426667
1.036505 0.468889 0.453333
1.024586 0.472593 0.440000
1.038507 0.465185 0.420000
1.037297 0.471852 0.426667
1.044597 0.484444 0.440000
1.031572 0.475556 0.453333
1.034683 0.477037 0.466667
1.036976 0.474815 0.420000
1.031748 0.434815 0.446667
1.043455 0.474074 0.426667
1.030666 0.482222 0.466667
1.019958 0.473333 0.440000
1.029118 0.472593 0.466667
1.023329 0.462963 0.400000
1.036862 0.476296 0.413333
1.026292 0.460000 0.440000
1.025561 0.468889 0.446667
1.027967 0.470370 0.433333
1.021512 0.480000 0.473333
1.035118 0.462222 0.426667
1.044911 0.457037 0.420000
1.042786 0.462222 0.426667
1.039724 0.469630 0.433333
1.025461 0.469630 0.406667
1.027975 0.469630 0.420000
1.027920 0.468889 0.440000
1.024590 0.461481 0.413333
1.023643 0.464444 0.420000
1.037342 0.457778 0.386667
1.037230 0.460000 0.406667
1.014620 0.482222 0.426667
1.044465 0.469630 0.420000
1.040250 0.470370 0.440000
1.028093 0.458519 0.406667
1.008201 0.477037 0.453333
1.027248 0.480000 0.440000
1.027159 0.476296 0.433333
1.047131 0.479259 0.433333
1.027132 0.469630 0.406667
1.036536 0.455556 0.393333
1.031130 0.480741 0.466667
1.019489 0.480000 0.446667
1.029900 0.474074 0.433333
1.030014 0.482963 0.440000
1.021239 0.470370 0.420000
1.021003 0.482222 0.466667
1.033205 0.458519 0.393333
1.031635 0.465926 0.420000
1.017783 0.475556 0.426667
1.011581 0.473333 0.413333
1.022094 0.467407 0.413333
1.020531 0.463704 0.400000
1.016312 0.452593 0.393333
1.026214 0.475556 0.406667
1.024993 0.480741 0.446667
1.019600 0.474074 0.453333
1.025900 0.461481 0.420000
1.013193 0.471111 0.446667
1.016856 0.479259 0.446667
1.020873 0.466667 0.400000
1.035134 0.462222 0.433333
1.004736 0.474815 0.440000
1.014566 0.466667 0.413333
1.023373 0.470370 0.413333
1.023391 0.471852 0.426667
1.019053 0.462963 0.426667
1.029534 0.461481 0.413333
1.013701 0.474074 0.433333
1.030827 0.487407 0.453333
1.031590 0.468148 0.426667
1.022206 0.468889 0.413333
1.026343 0.464444 0.433333
1.009363 0.472593 0.426667
1.034919 0.464444 0.420000
1.037383 0.468889 0.426667
1.035759 0.471852 0.426667
1.010903 0.485185 0.473333
1.015026 0.469630 0.440000
1.014810 0.465185 0.406667
1.022689 0.462222 0.413333
1.015499 0.465185 0.406667
1.033043 0.477037 0.426667
1.002120 0.459259 0.400000
1.007537 0.468889 0.426667
1.013185 0.464444 0.406667
1.032801 0.463704 0.413333
1.020232 0.480741 0.426667
1.034620 0.469630 0.413333
1.022109 0.472593 0.406667
1.010701 0.468148 0.433333
1.023142 0.460000 0.400000
1.034446 0.475556 0.446667
1.027554 0.463704 0.420000
1.024176 0.469630 0.440000
1.022484 0.465926 0.420000
1.019770 0.474074 0.420000
1.016614 0.489630 0.453333
1.015337 0.471852 0.433333
1.016497 0.466667 0.420000
1.035344 0.464444 0.420000
1.022326 0.468148 0.400000
1.009762 0.474074 0.446667
1.009312 0.479259 0.433333
1.007340 0.463704 0.440000
1.026496 0.483704 0.466667
1.014591 0.482222 0.480000
1.024816 0.473333 0.420000
1.030707 0.464444 0.400000
1.030017 0.476296 0.446667
1.029016 0.465926 0.420000
1.007918 0.472593 0.420000
1.050765 0.467407 0.413333
1.007592 0.477778 0.473333
1.022428 0.474815 0.426667
1.026279 0.478519 0.433333
1.037613 0.463704 0.426667
1.006839 0.473333 0.420000
1.028688 0.467407 0.426667
1.005449 0.485185 0.446667
1.019052 0.480000 0.453333
1.014503 0.476296 0.426667
1.006096 0.480741 0.460000
1.009918 0.463704 0.413333
1.029695 0.480741 0.440000
1.015091 0.466667 0.420000
1.014229 0.470370 0.413333
1.030109 0.465185 0.406667
1.025159 0.483704 0.466667
1.005018 0.482963 0.453333
1.023722 0.466667 0.406667
1.018450 0.484444 0.440000
1.025371 0.468148 0.420000
1.011004 0.469630 0.426667
1.027140 0.471111 0.426667
1.018567 0.466667 0.426667
1.005138 0.463704 0.406667
1.011752 0.481481 0.433333
1.018713 0.475556 0.440000
1.023193 0.480000 0.460000
0.994324 0.468889 0.420000
1.025734 0.460000 0.406667
1.010689 0.477778 0.433333
1.021425 0.470370 0.413333
1.018906 0.486667 0.453333
1.024027 0.478519 0.446667
1.014762 0.468889 0.406667
1.022831 0.475556 0.426667
1.019504 0.467407 0.440000
1.017216 0.478519 0.440000
1.016274 0.482963 0.473333
1.014879 0.480000 0.460000
1.005398 0.462222 0.400000
1.004204 0.481481 0.453333
1.019106 0.467407 0.440000
0.986589 0.482963 0.453333
1.021983 0.474815 0.413333
1.027652 0.465926 0.426667
1.016111 0.475556 0.426667
1.023789 0.465926 0.420000
1.020815 0.479259 0.433333
1.010480 0.474074 0.413333
1.022180 0.473333 0.420000
1.029532 0.482222 0.433333
1.038895 0.472593 0.400000
1.024141 0.477037 0.413333
1.008978 0.480000 0.420000
1.016073 0.468889 0.413333
1.024877 0.471111 0.400000
1.015560 0.483704 0.446667
1.018412 0.477778 0.420000
1.016883 0.482222 0.413333
1.005529 0.471111 0.413333
1.019406 0.483704 0.446667
1.018530 0.485926 0.460000
1.023626 0.465185 0.413333
1.007121 0.465926 0.400000
1.031611 0.474815 0.413333
1.000554 0.478519 0.440000
1.019089 0.474074 0.420000
1.016886 0.482222 0.440000
1.018447 0.473333 0.406667
1.014909 0.473333 0.413333
1.003637 0.467407 0.413333
1.023213 0.466667 0.406667
1.006698 0.475556 0.413333
1.012809 0.468889 0.400000
1.001229 0.477778 0.440000
1.013477 0.476296 0.413333
1.026278 0.485185 0.420000
1.023808 0.478519 0.413333
1.015166 0.483704 0.453333
1.018198 0.477778 0.433333
1.014938 0.476296 0.426667
1.012091 0.473333 0.413333
1.003634 0.476296 0.406667
1.037549 0.477778 0.440000
1.018336 0.475556 0.433333
0.993711 0.482963 0.440000
1.014500 0.478519 0.420000
1.024073 0.468889 0.413333
1.022486 0.470370 0.426667
1.022840 0.468889 0.400000
1.019617 0.479259 0.453333
1.027358 0.468889 0.413333
1.027054 0.471852 0.406667
1.021097 0.463704 0.386667
1.023927 0.478519 0.440000
1.008240 0.482222 0.460000
1.023817 0.468889 0.413333
1.018827 0.471111 0.413333
1.027384 0.470370 0.420000
1.007786 0.470370 0.413333
1.018888 0.484444 0.426667
1.007627 0.472593 0.406667
1.008970 0.471111 0.406667
1.020470 0.479259 0.453333
1.024246 0.483704 0.446667
1.017305 0.476296 0.420000
1.006244 0.471852 0.413333
1.026706 0.485185 0.446667
1.019917 0.480000 0.426667
1.023578 0.472593 0.393333
