1.317991 0.333333 0.333333
1.169477 0.333333 0.333333
1.163418 0.333333 0.333333
1.145149 0.333333 0.333333
1.138849 0.333333 0.333333
1.128514 0.333333 0.333333
1.122966 0.333333 0.333333
1.127095 0.333333 0.333333
1.116551 0.333333 0.333333
1.110460 0.333333 0.333333
1.108374 0.333333 0.333333
1.114690 0.333333 0.333333
1.110331 0.333333 0.333333
1.115964 0.333333 0.333333
1.108227 0.333333 0.333333
1.112006 0.333333 0.333333
1.109084 0.333333 0.333333
1.108625 0.333333 0.333333
1.112653 0.333333 0.333333
1.110003 0.333333 0.333333
1.102815 0.333333 0.333333
1.111181 0.333333 0.333333
1.104442 0.333333 0.333333
1.107130 0.333333 0.333333
1.103199 0.333333 0.333333
1.104957 0.333333 0.333333
1.104281 0.333333 0.333333
1.109611 0.333333 0.333333
1.103696 0.333333 0.333333
1.100748 0.333333 0.333333
1.108638 0.333333 0.333333
1.103955 0.333333 0.333333
1.105283 0.333333 0.333333
1.102576 0.333333 0.333333
1.105757 0.333333 0.333333
1.105178 0.333333 0.333333
1.105515 0.333333 0.333333
1.101837 0.333333 0.333333
1.106343 0.333333 0.333333
1.108293 0.333333 0.333333
1.102106 0.333333 0.333333
1.107075 0.333333 0.333333
1.107280 0.333333 0.333333
1.106441 0.333333 0.333333
1.104069 0.333333 0.333333
1.110310 0.333333 0.333333
1.104678 0.333333 0.333333
1.103184 0.333333 0.333333
1.107234 0.333333 0.333333
1.104353 0.333333 0.333333
1.104828 0.333333 0.333333
1.100700 0.333333 0.333333
1.101389 0.333333 0.333333
1.100472 0.333333 0.333333
1.101377 0.333333 0.333333
1.099909 0.333333 0.333333
1.099803 0.333333 0.333333
1.099721 0.333333 0.333333
1.102442 0.333333 0.333333
1.098104 0.333333 0.333333
1.104597 0.333333 0.333333
1.102320 0.333333 0.333333
1.100053 0.333333 0.333333
1.103060 0.333333 0.333333
1.100637 0.333333 0.333333
1.098351 0.333333 0.333333
1.104142 0.333333 0.333333
1.100588 0.333333 0.333333
1.104891 0.333333 0.333333
1.096732 0.333333 0.333333
1.101438 0.333333 0.333333
1.098956 0.333333 0.333333
1.102586 0.333333 0.333333
1.102970 0.333333 0.333333
1.099800 0.333333 0.333333
1.100725 0.333333 0.333333
1.101114 0.333333 0.333333
1.103894 0.333333 0.333333
1.100570 0.333333 0.333333
1.101108 0.333333 0.333333
1.101066 0.333333 0.333333
1.101002 0.333333 0.333333
1.102596 0.333333 0.333333
1.100800 0.333333 0.333333
1.100873 0.333333 0.333333
1.100468 0.333333 0.333333
1.100510 0.333333 0.333333
1.100097 0.333333 0.333333
1.100253 0.333333 0.333333
1.104446 0.333333 0.333333
1.100428 0.333333 0.333333
1.102615 0.333333 0.333333
1.103044 0.333333 0.333333
1.101885 0.333333 0.333333
1.102861 0.333333 0.333333
1.100870 0.333333 0.333333
1.100227 0.333333 0.333333
1.100842 0.333333 0.333333
1.101855 0.333333 0.333333
1.099400 0.333333 0.333333
1.100945 0.333333 0.333333
1.099482 0.333333 0.333333
1.100998 0.333333 0.333333
1.098597 0.333333 0.333333
1.098843 0.333333 0.333333
1.099463 0.333333 0.333333
1.097997 0.333333 0.333333
1.098392 0.333333 0.333333
1.097622 0.333333 0.333333
1.100082 0.333333 0.333333
1.096241 0.333333 0.333333
1.101283 0.333333 0.333333
1.096767 0.333333 0.333333
1.098011 0.333333 0.333333
1.100984 0.333333 0.333333
1.097365 0.333333 0.333333
1.099702 0.333333 0.333333
1.097026 0.333333 0.333333
1.097832 0.333333 0.333333
1.098555 0.333333 0.333333
1.098264 0.333333 0.333333
1.096321 0.333333 0.333333
1.098739 0.333333 0.333333
1.098155 0.333333 0.333333
1.102049 0.333333 0.333333
1.097672 0.333333 0.333333
1.096325 0.333333 0.333333
1.099627 0.333333 0.333333
1.095608 0.333333 0.333333
1.099154 0.333333 0.333333
1.102113 0.333333 0.333333
1.099835 0.333333 0.333333
1.100008 0.333333 0.333333
1.096185 0.333333 0.333333
1.096168 0.333333 0.333333
1.094811 0.333333 0.333333
1.100689 0.333333 0.333333
1.096323 0.333333 0.333333
1.101400 0.333333 0.333333
1.098962 0.333333 0.333333
1.099664 0.333333 0.333333
1.096493 0.333333 0.333333
1.099068 0.333333 0.333333
1.100949 0.333333 0.333333
1.098816 0.333333 0.333333
1.095918 0.333333 0.333333
1.094866 0.333333 0.333333
1.099888 0.333333 0.333333
1.099952 0.333333 0.333333
1.098639 0.333333 0.333333
1.097744 0.333333 0.333333
1.097509 0.333333 0.333333
1.098980 0.333333 0.333333
1.099509 0.333333 0.333333
1.099688 0.333333 0.333333
1.098337 0.333333 0.333333
1.098204 0.333333 0.333333
1.099401 0.333333 0.333333
1.094905 0.333333 0.333333
1.098515 0.333333 0.333333
1.098885 0.333333 0.333333
1.098288 0.333333 0.333333
1.097799 0.333333 0.333333
1.096690 0.333333 0.333333
1.094890 0.333333 0.333333
1.097623 0.333333 0.333333
1.098000 0.333333 0.333333
1.098867 0.333333 0.333333
1.097050 0.333333 0.333333
1.099336 0.333333 0.333333
1.098105 0.333333 0.333333
1.096087 0.333333 0.333333
1.095208 0.333333 0.333333
1.093905 0.333333 0.333333
1.099143 0.333333 0.333333
1.097410 0.333333 0.333333
1.095166 0.333333 0.333333
1.098495 0.333333 0.333333
1.096250 0.333333 0.333333
1.097609 0.333333 0.333333
1.095940 0.333333 0.333333
1.099043 0.333333 0.333333
1.097020 0.333333 0.333333
1.100286 0.333333 0.333333
1.093622 0.333333 0.333333
1.098074 0.333333 0.333333
1.098394 0.333333 0.333333
1.094135 0.333333 0.333333
1.096885 0.333333 0.333333
1.095824 0.333333 0.333333
1.096661 0.333333 0.333333
1.095677 0.333333 0.333333
1.100151 0.333333 0.333333
1.096702 0.333333 0.333333
1.093578 0.333333 0.333333
1.097523 0.333333 0.333333
1.095897 0.333333 0.333333
1.098747 0.333333 0.333333
1.097523 0.333333 0.333333
1.098222 0.333333 0.333333
1.097440 0.333333 0.333333
1.098126 0.333333 0.333333
1.094230 0.333333 0.333333
1.096213 0.333333 0.333333
1.094433 0.333333 0.333333
1.098907 0.333333 0.333333
1.095215 0.333333 0.333333
1.093963 0.333333 0.333333
1.091606 0.333333 0.333333
1.098486 0.333333 0.333333
1.094769 0.333333 0.333333
1.094452 0.333333 0.333333
1.097163 0.333333 0.333333
1.095471 0.333333 0.333333
1.093325 0.333333 0.333333
1.096797 0.333333 0.333333
1.094728 0.333333 0.333333
1.097212 0.333333 0.333333
1.098091 0.333333 0.333333
1.095970 0.333333 0.333333
1.098283 0.333333 0.333333
1.095124 0.333333 0.333333
1.093373 0.333333 0.333333
1.099153 0.333333 0.333333
1.091482 0.333333 0.333333
1.095375 0.333333 0.333333
1.093839 0.333333 0.333333
1.093894 0.333333 0.333333
1.097783 0.333333 0.333333
1.095800 0.333333 0.333333
1.096497 0.333333 0.333333
1.098898 0.333333 0.333333
1.094803 0.333333 0.333333
1.093363 0.333333 0.333333
1.094574 0.333333 0.333333
1.097565 0.333333 0.333333
1.092127 0.333333 0.333333
1.096862 0.333333 0.333333
1.093733 0.333333 0.333333
1.095943 0.333333 0.333333
1.095534 0.333333 0.333333
1.095849 0.333333 0.333333
1.098756 0.333333 0.333333
1.095681 0.333333 0.333333
1.096396 0.333333 0.333333
1.095346 0.333333 0.333333
1.092123 0.333333 0.333333
1.095842 0.333333 0.333333
1.098244 0.333333 0.333333
1.095384 0.333333 0.333333
1.096365 0.333333 0.333333
1.094796 0.333333 0.333333
1.094259 0.333333 0.333333
1.093654 0.333333 0.333333
1.096121 0.333333 0.333333
1.097176 0.333333 0.333333
1.090266 0.333333 0.333333
1.091812 0.333333 0.333333
1.096062 0.333333 0.333333
1.092804 0.333333 0.333333
1.093107 0.333333 0.333333
1.095502 0.333333 0.333333
1.098570 0.333333 0.333333
1.094033 0.333333 0.333333
1.094636 0.333333 0.333333
1.094712 0.333333 0.333333
1.096350 0.333333 0.333333
1.094243 0.333333 0.333333
1.093265 0.333333 0.333333
1.094405 0.333333 0.333333
1.092628 0.333333 0.333333
1.094154 0.333333 0.333333
1.093335 0.333333 0.333333
1.095128 0.333333 0.333333
1.093032 0.333333 0.333333
1.093230 0.333333 0.333333
1.094513 0.333333 0.333333
1.096755 0.333333 0.333333
1.094141 0.333333 0.333333
1.095015 0.333333 0.333333
1.093293 0.333333 0.333333
1.092831 0.333333 0.333333
1.093188 0.333333 0.333333
1.095633 0.333333 0.333333
1.095245 0.333333 0.333333
1.093682 0.333333 0.333333
1.093130 0.333333 0.333333
1.094697 0.333333 0.333333
1.093379 0.333333 0.333333
1.094162 0.333333 0.333333
1.095391 0.333333 0.333333
1.096911 0.333333 0.333333
1.098741 0.333333 0.333333
1.094526 0.333333 0.333333
1.096722 0.333333 0.333333
1.096090 0.333333 0.333333
1.091760 0.333333 0.333333
1.093581 0.333333 0.333333
1.094902 0.333333 0.333333
1.094175 0.333333 0.333333
1.092316 0.333333 0.333333
1.094422 0.333333 0.333333
1.095481 0.333333 0.333333
1.095748 0.333333 0.333333
1.097240 0.333333 0.333333
1.095214 0.333333 0.333333
1.090608 0.333333 0.333333
1.093896 0.333333 0.333333
1.095597 0.333333 0.333333
1.098807 0.333333 0.333333
1.094011 0.333333 0.333333
1.098471 0.333333 0.333333
1.091985 0.333333 0.333333
1.092311 0.333333 0.333333
1.091540 0.333333 0.333333
1.093913 0.333333 0.333333
1.097674 0.333333 0.333333
1.093556 0.333333 0.333333
1.094348 0.333333 0.333333
1.093185 0.333333 0.333333
1.094866 0.333333 0.333333
1.094227 0.333333 0.333333
1.094170 0.333333 0.333333
1.097717 0.333333 0.333333
1.096534 0.333333 0.333333
1.097238 0.333333 0.333333
1.094112 0.333333 0.333333
1.096178 0.333333 0.333333
1.095339 0.333333 0.333333
1.096461 0.333333 0.333333
1.096633 0.333333 0.333333
1.094367 0.333333 0.333333
1.096509 0.333333 0.333333
1.089818 0.333333 0.333333
1.096675 0.333333 0.333333
1.091578 0.333333 0.333333
1.097364 0.333333 0.333333
1.098082 0.333333 0.333333
1.092893 0.333333 0.333333
1.094876 0.333333 0.333333
1.095730 0.333333 0.333333
1.097768 0.333333 0.333333
1.093504 0.333333 0.333333
1.097203 0.333333 0.333333
1.098361 0.333333 0.333333
1.091831 0.333333 0.333333
1.097186 0.333333 0.333333
1.095772 0.333333 0.333333
1.092990 0.333333 0.333333
1.094583 0.333333 0.333333
