1.202729 0.333333 0.333333
1.113381 0.333333 0.333333
1.106968 0.333333 0.333333
1.104949 0.333333 0.333333
1.108116 0.333333 0.333333
1.107166 0.333333 0.333333
1.105452 0.333333 0.333333
1.102927 0.333333 0.333333
1.106171 0.333333 0.333333
1.100414 0.333333 0.333333
1.101939 0.333333 0.333333
1.106426 0.333333 0.333333
1.105026 0.333333 0.333333
1.105853 0.333333 0.333333
1.106209 0.333333 0.333333
1.107971 0.333333 0.333333
1.105562 0.333333 0.333333
1.106355 0.333333 0.333333
1.108772 0.333333 0.333333
1.104680 0.333333 0.333333
1.102399 0.333333 0.333333
1.108946 0.333333 0.333333
1.101411 0.333333 0.333333
1.103715 0.333333 0.333333
1.102703 0.333333 0.333333
1.102104 0.333333 0.333333
1.104599 0.333333 0.333333
1.106083 0.333333 0.333333
1.102158 0.333333 0.333333
1.100629 0.333333 0.333333
1.108359 0.333333 0.333333
1.101486 0.333333 0.333333
1.101610 0.333333 0.333333
1.104482 0.333333 0.333333
1.102658 0.333333 0.333333
1.103722 0.333333 0.333333
1.105116 0.333333 0.333333
1.103428 0.333333 0.333333
1.103132 0.333333 0.333333
1.107003 0.333333 0.333333
1.102357 0.333333 0.333333
1.104553 0.333333 0.333333
1.104962 0.333333 0.333333
1.105865 0.333333 0.333333
1.102746 0.333333 0.333333
1.107748 0.333333 0.333333
1.103836 0.333333 0.333333
1.103304 0.333333 0.333333
1.105251 0.333333 0.333333
1.102662 0.333333 0.333333
1.103222 0.333333 0.333333
1.100680 0.333333 0.333333
1.100372 0.333333 0.333333
1.101181 0.333333 0.333333
1.101174 0.333333 0.333333
1.099815 0.333333 0.333333
1.101185 0.333333 0.333333
1.099616 0.333333 0.333333
1.103028 0.333333 0.333333
1.097471 0.333333 0.333333
1.105622 0.333333 0.333333
1.101468 0.333333 0.333333
1.101177 0.333333 0.333333
1.102863 0.333333 0.333333
1.100541 0.333333 0.333333
1.099333 0.333333 0.333333
1.103394 0.333333 0.333333
1.099624 0.333333 0.333333
1.105118 0.333333 0.333333
1.098984 0.333333 0.333333
1.100987 0.333333 0.333333
1.101494 0.333333 0.333333
1.100515 0.333333 0.333333
1.103809 0.333333 0.333333
1.101222 0.333333 0.333333
1.100059 0.333333 0.333333
1.100967 0.333333 0.333333
1.102842 0.333333 0.333333
1.100767 0.333333 0.333333
1.100757 0.333333 0.333333
1.102479 0.333333 0.333333
1.100704 0.333333 0.333333
1.102408 0.333333 0.333333
1.101363 0.333333 0.333333
1.101211 0.333333 0.333333
1.100162 0.333333 0.333333
1.101228 0.333333 0.333333
1.102326 0.333333 0.333333
1.100365 0.333333 0.333333
1.103636 0.333333 0.333333
1.101584 0.333333 0.333333
1.101878 0.333333 0.333333
1.102023 0.333333 0.333333
1.102308 0.333333 0.333333
1.103702 0.333333 0.333333
1.100758 0.333333 0.333333
1.100849 0.333333 0.333333
1.101097 0.333333 0.333333
1.101557 0.333333 0.333333
1.100209 0.333333 0.333333
1.101697 0.333333 0.333333
1.100308 0.333333 0.333333
1.101012 0.333333 0.333333
1.100380 0.333333 0.333333
1.099238 0.333333 0.333333
1.100184 0.333333 0.333333
1.100330 0.333333 0.333333
1.099496 0.333333 0.333333
1.099597 0.333333 0.333333
1.100842 0.333333 0.333333
1.099445 0.333333 0.333333
1.100844 0.333333 0.333333
1.100422 0.333333 0.333333
1.097543 0.333333 0.333333
1.102264 0.333333 0.333333
1.098721 0.333333 0.333333
1.100967 0.333333 0.333333
1.098603 0.333333 0.333333
1.099440 0.333333 0.333333
1.100474 0.333333 0.333333
1.100100 0.333333 0.333333
1.098796 0.333333 0.333333
1.100347 0.333333 0.333333
1.098393 0.333333 0.333333
1.101625 0.333333 0.333333
1.099986 0.333333 0.333333
1.100358 0.333333 0.333333
1.100112 0.333333 0.333333
1.100966 0.333333 0.333333
1.099469 0.333333 0.333333
1.101658 0.333333 0.333333
1.101536 0.333333 0.333333
1.099002 0.333333 0.333333
1.101153 0.333333 0.333333
1.099901 0.333333 0.333333
1.098932 0.333333 0.333333
1.102695 0.333333 0.333333
1.098790 0.333333 0.333333
1.101740 0.333333 0.333333
1.099615 0.333333 0.333333
1.100416 0.333333 0.333333
1.098318 0.333333 0.333333
1.101050 0.333333 0.333333
1.100129 0.333333 0.333333
1.098250 0.333333 0.333333
1.100218 0.333333 0.333333
1.098917 0.333333 0.333333
1.100970 0.333333 0.333333
1.099880 0.333333 0.333333
1.099100 0.333333 0.333333
1.099643 0.333333 0.333333
1.100201 0.333333 0.333333
1.098657 0.333333 0.333333
1.101650 0.333333 0.333333
1.099436 0.333333 0.333333
1.098836 0.333333 0.333333
1.100522 0.333333 0.333333
1.099625 0.333333 0.333333
1.098624 0.333333 0.333333
1.100033 0.333333 0.333333
1.098963 0.333333 0.333333
1.097752 0.333333 0.333333
1.099922 0.333333 0.333333
1.100483 0.333333 0.333333
1.098281 0.333333 0.333333
1.099421 0.333333 0.333333
1.099447 0.333333 0.333333
1.100293 0.333333 0.333333
1.099819 0.333333 0.333333
1.099460 0.333333 0.333333
1.100007 0.333333 0.333333
1.099905 0.333333 0.333333
1.099281 0.333333 0.333333
1.099538 0.333333 0.333333
1.099662 0.333333 0.333333
1.098959 0.333333 0.333333
1.098289 0.333333 0.333333
1.098589 0.333333 0.333333
1.098962 0.333333 0.333333
1.099516 0.333333 0.333333
1.100389 0.333333 0.333333
1.099093 0.333333 0.333333
1.098704 0.333333 0.333333
1.100159 0.333333 0.333333
1.097637 0.333333 0.333333
1.099220 0.333333 0.333333
1.100528 0.333333 0.333333
1.098652 0.333333 0.333333
1.099431 0.333333 0.333333
1.099247 0.333333 0.333333
1.097551 0.333333 0.333333
1.100797 0.333333 0.333333
1.099422 0.333333 0.333333
1.097332 0.333333 0.333333
1.098797 0.333333 0.333333
1.098605 0.333333 0.333333
1.099111 0.333333 0.333333
1.100085 0.333333 0.333333
1.100525 0.333333 0.333333
1.099233 0.333333 0.333333
1.099243 0.333333 0.333333
1.099331 0.333333 0.333333
1.098175 0.333333 0.333333
1.098985 0.333333 0.333333
1.098208 0.333333 0.333333
1.100307 0.333333 0.333333
1.099423 0.333333 0.333333
1.098865 0.333333 0.333333
1.097499 0.333333 0.333333
1.100409 0.333333 0.333333
1.099060 0.333333 0.333333
1.098984 0.333333 0.333333
1.099708 0.333333 0.333333
1.098318 0.333333 0.333333
1.099687 0.333333 0.333333
1.099576 0.333333 0.333333
1.098753 0.333333 0.333333
1.099015 0.333333 0.333333
1.098738 0.333333 0.333333
1.098671 0.333333 0.333333
1.098878 0.333333 0.333333
1.097854 0.333333 0.333333
1.098755 0.333333 0.333333
1.099977 0.333333 0.333333
1.098141 0.333333 0.333333
1.098804 0.333333 0.333333
1.100122 0.333333 0.333333
1.098617 0.333333 0.333333
1.099440 0.333333 0.333333
1.099008 0.333333 0.333333
1.098541 0.333333 0.333333
1.098119 0.333333 0.333333
1.097053 0.333333 0.333333
1.099443 0.333333 0.333333
1.099100 0.333333 0.333333
1.099080 0.333333 0.333333
1.097490 0.333333 0.333333
1.099811 0.333333 0.333333
1.098344 0.333333 0.333333
1.098839 0.333333 0.333333
1.098618 0.333333 0.333333
1.097732 0.333333 0.333333
1.099481 0.333333 0.333333
1.099298 0.333333 0.333333
1.099054 0.333333 0.333333
1.098641 0.333333 0.333333
1.098376 0.333333 0.333333
1.098279 0.333333 0.333333
1.099366 0.333333 0.333333
1.099299 0.333333 0.333333
1.099183 0.333333 0.333333
1.098335 0.333333 0.333333
1.098455 0.333333 0.333333
1.098793 0.333333 0.333333
1.099614 0.333333 0.333333
1.098805 0.333333 0.333333
1.098032 0.333333 0.333333
1.099161 0.333333 0.333333
1.099716 0.333333 0.333333
1.098879 0.333333 0.333333
1.098918 0.333333 0.333333
1.098143 0.333333 0.333333
1.099227 0.333333 0.333333
1.098765 0.333333 0.333333
1.098972 0.333333 0.333333
1.098240 0.333333 0.333333
1.099266 0.333333 0.333333
1.099038 0.333333 0.333333
1.099518 0.333333 0.333333
1.099103 0.333333 0.333333
1.098524 0.333333 0.333333
1.099125 0.333333 0.333333
1.098903 0.333333 0.333333
1.099035 0.333333 0.333333
1.098485 0.333333 0.333333
1.098303 0.333333 0.333333
1.098041 0.333333 0.333333
1.099755 0.333333 0.333333
1.098614 0.333333 0.333333
1.099099 0.333333 0.333333
1.098061 0.333333 0.333333
1.098641 0.333333 0.333333
1.098471 0.333333 0.333333
1.099411 0.333333 0.333333
1.098982 0.333333 0.333333
1.099033 0.333333 0.333333
1.099004 0.333333 0.333333
1.098378 0.333333 0.333333
1.098874 0.333333 0.333333
1.098214 0.333333 0.333333
1.099180 0.333333 0.333333
1.098264 0.333333 0.333333
1.099043 0.333333 0.333333
1.098775 0.333333 0.333333
1.098812 0.333333 0.333333
1.099245 0.333333 0.333333
1.098363 0.333333 0.333333
1.098820 0.333333 0.333333
1.098169 0.333333 0.333333
1.098883 0.333333 0.333333
1.098885 0.333333 0.333333
1.098181 0.333333 0.333333
1.099073 0.333333 0.333333
1.098755 0.333333 0.333333
1.098828 0.333333 0.333333
1.098255 0.333333 0.333333
1.099251 0.333333 0.333333
1.098251 0.333333 0.333333
1.098129 0.333333 0.333333
1.099167 0.333333 0.333333
1.098989 0.333333 0.333333
1.098916 0.333333 0.333333
1.099531 0.333333 0.333333
1.098410 0.333333 0.333333
1.098747 0.333333 0.333333
1.098697 0.333333 0.333333
1.099025 0.333333 0.333333
1.098595 0.333333 0.333333
1.099120 0.333333 0.333333
1.098232 0.333333 0.333333
1.098862 0.333333 0.333333
1.098691 0.333333 0.333333
1.099488 0.333333 0.333333
1.098769 0.333333 0.333333
1.098438 0.333333 0.333333
1.098458 0.333333 0.333333
1.098956 0.333333 0.333333
1.098632 0.333333 0.333333
1.098580 0.333333 0.333333
1.098902 0.333333 0.333333
1.099181 0.333333 0.333333
1.098810 0.333333 0.333333
1.098516 0.333333 0.333333
1.098528 0.333333 0.333333
1.099002 0.333333 0.333333
1.098507 0.333333 0.333333
1.099110 0.333333 0.333333
1.098669 0.333333 0.333333
1.098437 0.333333 0.333333
1.098936 0.333333 0.333333
1.098610 0.333333 0.333333
1.098799 0.333333 0.333333
1.098503 0.333333 0.333333
1.099083 0.333333 0.333333
1.099052 0.333333 0.333333
1.098627 0.333333 0.333333
1.098334 0.333333 0.333333
1.098767 0.333333 0.333333
1.098632 0.333333 0.333333
1.098772 0.333333 0.333333
