1.266966 0.405926 0.406667
1.223562 0.355556 0.386667
1.227944 0.432593 0.393333
1.173643 0.410370 0.360000
1.120354 0.456296 0.426667
1.125970 0.399259 0.413333
1.125725 0.462222 0.406667
1.117381 0.445926 0.400000
1.132434 0.448889 0.413333
1.112995 0.451852 0.426667
1.092249 0.460000 0.440000
1.112483 0.451111 0.426667
1.107365 0.469630 0.440000
1.080556 0.456296 0.466667
1.092643 0.434074 0.440000
1.082478 0.411111 0.386667
1.087102 0.480000 0.466667
1.073049 0.397778 0.373333
1.084484 0.426667 0.393333
1.065622 0.462222 0.440000
1.050126 0.405926 0.373333
1.069887 0.489630 0.506667
1.064435 0.425926 0.460000
1.055147 0.480000 0.460000
1.063717 0.458519 0.406667
1.065122 0.424444 0.406667
1.068772 0.465926 0.433333
1.079782 0.407407 0.413333
1.059671 0.465185 0.420000
1.053427 0.480741 0.480000
1.077001 0.482963 0.473333
1.066903 0.469630 0.453333
1.051691 0.442963 0.426667
1.064240 0.469630 0.446667
1.063757 0.490370 0.473333
1.060854 0.471111 0.420000
1.066131 0.465185 0.440000
1.058972 0.451111 0.466667
1.048192 0.479259 0.433333
1.055786 0.473333 0.446667
1.052693 0.478519 0.453333
1.065763 0.458519 0.426667
1.067951 0.478519 0.466667
1.066839 0.470370 0.453333
1.056025 0.428889 0.433333
1.075492 0.481481 0.460000
1.064583 0.491111 0.486667
1.064063 0.459259 0.413333
1.041379 0.458519 0.453333
1.073582 0.487407 0.460000
1.051948 0.468148 0.413333
1.046601 0.484444 0.486667
1.039543 0.425926 0.420000
1.043086 0.431852 0.426667
1.040455 0.475556 0.440000
1.050639 0.495556 0.480000
1.052911 0.471852 0.453333
1.051836 0.444444 0.440000
1.043855 0.483704 0.460000
1.046786 0.420741 0.400000
1.034489 0.486667 0.486667
1.056800 0.487407 0.473333
1.037211 0.485926 0.466667
1.027733 0.485926 0.506667
1.055775 0.465926 0.440000
1.035624 0.489630 0.480000
1.038901 0.481481 0.480000
1.037832 0.481481 0.486667
1.057125 0.485185 0.486667
1.038372 0.430370 0.400000
1.044475 0.479259 0.473333
1.044419 0.491111 0.473333
1.053315 0.407407 0.400000
1.043226 0.482963 0.480000
1.046372 0.488889 0.480000
1.038293 0.444444 0.453333
1.043585 0.494074 0.493333
1.043361 0.477037 0.486667
1.049548 0.434815 0.440000
1.040919 0.479259 0.446667
1.042404 0.483704 0.466667
1.035903 0.488148 0.473333
1.040750 0.441481 0.466667
1.043218 0.492593 0.480000
1.027821 0.442222 0.473333
1.036850 0.488889 0.493333
1.032804 0.487407 0.513333
1.021180 0.468889 0.506667
1.040297 0.498519 0.486667
1.046261 0.452593 0.453333
1.043151 0.438519 0.433333
1.052181 0.474074 0.460000
1.041296 0.429630 0.460000
1.047734 0.434815 0.453333
1.044412 0.442222 0.466667
1.041848 0.411852 0.393333
1.033386 0.483704 0.466667
1.036841 0.478519 0.473333
1.035433 0.494074 0.480000
1.025877 0.453333 0.440000
1.039594 0.470370 0.473333
1.023280 0.478519 0.466667
1.026719 0.482963 0.473333
1.032532 0.482222 0.460000
1.032129 0.488148 0.480000
1.021860 0.485926 0.480000
1.033519 0.494074 0.493333
1.029128 0.486667 0.460000
1.018148 0.482222 0.480000
1.026213 0.493333 0.493333
1.034321 0.488148 0.486667
1.018783 0.436296 0.453333
1.031542 0.487407 0.473333
1.030371 0.481481 0.466667
1.023041 0.445185 0.460000
1.027681 0.498519 0.486667
1.039592 0.484444 0.486667
1.023513 0.482222 0.453333
1.025665 0.488148 0.486667
1.039384 0.483704 0.486667
1.031681 0.479259 0.480000
1.034935 0.496296 0.486667
1.034743 0.488889 0.460000
1.023820 0.485185 0.466667
1.038622 0.492593 0.466667
1.033378 0.485185 0.480000
1.017491 0.494074 0.486667
1.021205 0.499259 0.513333
1.024461 0.488148 0.480000
1.014089 0.488889 0.486667
1.034434 0.489630 0.480000
1.030164 0.476296 0.480000
1.037149 0.485926 0.460000
1.028777 0.489630 0.506667
1.020280 0.491852 0.493333
1.026865 0.488148 0.460000
1.018150 0.448889 0.466667
1.030524 0.486667 0.486667
1.019810 0.502963 0.493333
1.002081 0.486667 0.473333
1.026523 0.487407 0.486667
1.017267 0.468889 0.453333
1.036619 0.488889 0.480000
1.014378 0.482963 0.493333
1.006270 0.497778 0.506667
1.024796 0.491852 0.473333
1.017873 0.505185 0.480000
1.032800 0.485185 0.473333
1.024246 0.484444 0.480000
1.035274 0.494074 0.513333
1.021860 0.496296 0.506667
1.015641 0.490370 0.513333
1.020940 0.489630 0.486667
1.020791 0.495556 0.500000
1.016607 0.488889 0.500000
1.009901 0.487407 0.506667
1.021250 0.482222 0.480000
1.016965 0.487407 0.486667
0.998976 0.486667 0.486667
1.033713 0.488889 0.506667
1.024578 0.495556 0.506667
1.007727 0.489630 0.486667
1.001000 0.483704 0.486667
1.007420 0.488889 0.506667
1.016558 0.491111 0.513333
1.034773 0.505926 0.493333
1.006096 0.445185 0.480000
1.022262 0.487407 0.486667
1.010499 0.491852 0.480000
1.000162 0.490370 0.500000
1.021144 0.483704 0.500000
1.024172 0.493333 0.493333
1.011573 0.486667 0.506667
1.012994 0.489630 0.506667
1.020920 0.488889 0.506667
1.027705 0.495556 0.486667
1.001820 0.500741 0.506667
0.993143 0.483704 0.486667
1.016572 0.494074 0.506667
1.001611 0.484444 0.506667
1.004906 0.488889 0.486667
1.007383 0.489630 0.493333
1.006319 0.493333 0.473333
0.998352 0.482222 0.480000
1.010871 0.485926 0.480000
1.001785 0.488889 0.486667
0.997236 0.485185 0.493333
1.012305 0.484444 0.486667
1.007111 0.492593 0.493333
0.991291 0.508889 0.486667
1.006360 0.491852 0.506667
1.009109 0.492593 0.500000
1.002098 0.493333 0.493333
1.002587 0.477778 0.486667
1.005855 0.490370 0.480000
1.002595 0.493333 0.493333
1.020884 0.504444 0.486667
1.024296 0.493333 0.486667
1.004973 0.437037 0.460000
1.006121 0.485926 0.500000
0.991357 0.489630 0.500000
1.010837 0.486667 0.486667
1.015788 0.497778 0.480000
1.012177 0.500000 0.493333
0.987414 0.501481 0.486667
1.003892 0.507407 0.480000
0.990551 0.485926 0.493333
1.005913 0.482963 0.493333
0.986033 0.490370 0.500000
1.007937 0.500000 0.473333
0.985659 0.490370 0.480000
0.994307 0.492593 0.506667
0.987570 0.485926 0.493333
1.019174 0.485926 0.480000
0.995040 0.494074 0.500000
1.023497 0.493333 0.500000
1.003233 0.495556 0.500000
1.000867 0.499259 0.500000
1.010863 0.488889 0.493333
1.014632 0.503704 0.493333
1.003679 0.493333 0.493333
1.009404 0.507407 0.486667
1.005176 0.488148 0.506667
0.999746 0.494074 0.486667
0.998069 0.489630 0.493333
0.994320 0.488148 0.506667
0.991815 0.499259 0.493333
1.006892 0.490370 0.513333
1.013693 0.490370 0.486667
0.990696 0.499259 0.500000
0.985628 0.494074 0.506667
0.993824 0.495556 0.493333
1.001195 0.499259 0.493333
1.005569 0.503704 0.473333
0.999657 0.494074 0.493333
1.011274 0.482222 0.480000
1.005520 0.485185 0.486667
1.014532 0.490370 0.486667
0.981412 0.489630 0.500000
1.026358 0.485926 0.500000
0.982238 0.498519 0.466667
0.995052 0.492593 0.493333
1.014154 0.491852 0.480000
1.013903 0.492593 0.486667
0.994118 0.509630 0.473333
1.010899 0.495556 0.480000
0.991288 0.506667 0.493333
0.996989 0.506667 0.480000
0.996391 0.494074 0.486667
0.988048 0.500741 0.486667
0.987487 0.488148 0.506667
1.002488 0.499259 0.486667
0.993060 0.479259 0.500000
0.980562 0.480000 0.493333
1.009021 0.480000 0.506667
1.002146 0.495556 0.486667
0.981225 0.495556 0.500000
1.011460 0.488889 0.493333
1.001388 0.492593 0.493333
1.009042 0.483704 0.506667
0.979918 0.487407 0.500000
1.006575 0.485926 0.506667
1.005508 0.491111 0.486667
0.986464 0.497778 0.506667
0.993642 0.494074 0.493333
0.996471 0.497037 0.506667
1.000776 0.507407 0.480000
0.980041 0.505185 0.493333
1.007422 0.491852 0.506667
0.986992 0.491111 0.493333
1.004088 0.497778 0.480000
1.001994 0.493333 0.473333
0.990466 0.488889 0.506667
0.993151 0.480741 0.486667
0.994126 0.493333 0.493333
0.998106 0.491111 0.513333
0.991422 0.501481 0.500000
0.997962 0.508148 0.480000
0.989318 0.505185 0.480000
0.982293 0.488148 0.506667
0.978986 0.499259 0.493333
0.998538 0.507407 0.486667
0.961728 0.492593 0.513333
0.996572 0.485926 0.500000
1.016733 0.495556 0.473333
0.995724 0.497037 0.473333
1.008268 0.491111 0.493333
0.992002 0.494815 0.480000
0.996412 0.493333 0.493333
1.006473 0.499259 0.486667
1.010672 0.488889 0.500000
1.017862 0.491852 0.506667
1.013559 0.486667 0.506667
0.987988 0.492593 0.500000
0.999384 0.442222 0.480000
1.001500 0.447407 0.480000
0.993085 0.506667 0.473333
0.998377 0.497037 0.466667
1.000588 0.487407 0.493333
0.977874 0.482222 0.500000
0.996257 0.491111 0.466667
0.991549 0.495556 0.473333
0.995176 0.492593 0.466667
0.977147 0.491852 0.506667
1.017724 0.493333 0.480000
0.980796 0.500741 0.453333
0.988399 0.487407 0.513333
0.992052 0.496296 0.473333
0.994364 0.489630 0.500000
0.992125 0.491111 0.486667
0.985259 0.488148 0.506667
1.000122 0.491852 0.486667
0.987357 0.485185 0.500000
0.987955 0.482963 0.506667
0.990252 0.494074 0.473333
0.990496 0.488148 0.500000
1.005309 0.500000 0.493333
1.014712 0.486667 0.500000
0.994695 0.499259 0.480000
1.000029 0.492593 0.500000
0.998362 0.491852 0.506667
0.984587 0.497778 0.520000
0.989664 0.488148 0.486667
1.016761 0.503704 0.486667
0.999646 0.484444 0.493333
0.978870 0.502963 0.486667
0.976876 0.489630 0.513333
1.011975 0.497037 0.520000
1.007172 0.496296 0.526667
1.000940 0.494815 0.506667
0.996536 0.488148 0.506667
1.010566 0.494815 0.500000
0.998774 0.501481 0.500000
0.995669 0.491111 0.480000
1.002694 0.492593 0.500000
0.982721 0.503704 0.500000
0.993071 0.487407 0.493333
0.997619 0.482963 0.486667
0.997978 0.486667 0.486667
0.973988 0.490370 0.500000
0.995718 0.500741 0.486667
0.982941 0.486667 0.493333
0.991324 0.494815 0.513333
0.994255 0.502963 0.480000
0.992530 0.502963 0.486667
0.985865 0.503704 0.493333
0.982362 0.497778 0.473333
0.999720 0.497778 0.473333
0.999080 0.505926 0.480000
1.003973 0.488889 0.500000
