1.258948 0.408148 0.406667
1.199978 0.336296 0.360000
1.209029 0.385926 0.360000
1.153903 0.391852 0.333333
1.129040 0.471111 0.453333
1.126385 0.409630 0.426667
1.131299 0.465926 0.393333
1.115534 0.471111 0.446667
1.131315 0.445926 0.400000
1.107268 0.447407 0.406667
1.091460 0.457778 0.440000
1.109832 0.450370 0.433333
1.109411 0.474074 0.426667
1.078212 0.439259 0.433333
1.102814 0.421481 0.420000
1.092070 0.417778 0.406667
1.082522 0.480741 0.460000
1.075900 0.399259 0.373333
1.085654 0.416296 0.393333
1.066946 0.455556 0.413333
1.046434 0.433333 0.433333
1.070384 0.494815 0.480000
1.060840 0.417037 0.446667
1.053976 0.474074 0.460000
1.055463 0.480741 0.433333
1.062342 0.425185 0.440000
1.066165 0.440741 0.440000
1.070091 0.433333 0.433333
1.053634 0.446667 0.446667
1.058118 0.430370 0.426667
1.075575 0.458519 0.440000
1.069105 0.455556 0.420000
1.054821 0.425926 0.420000
1.057838 0.448148 0.413333
1.067051 0.482222 0.466667
1.056946 0.481481 0.440000
1.060085 0.460000 0.426667
1.058055 0.477037 0.460000
1.038533 0.458519 0.400000
1.049820 0.402963 0.400000
1.053185 0.441481 0.420000
1.060546 0.469630 0.440000
1.065149 0.474074 0.453333
1.063344 0.403704 0.393333
1.050680 0.414074 0.413333
1.067177 0.465185 0.433333
1.061196 0.448889 0.500000
1.055892 0.422222 0.446667
1.046322 0.451852 0.446667
1.070127 0.463704 0.460000
1.052797 0.425185 0.406667
1.039074 0.479259 0.486667
1.038989 0.432593 0.473333
1.037977 0.430370 0.440000
1.037578 0.485185 0.493333
1.049018 0.477037 0.480000
1.048522 0.427407 0.453333
1.048286 0.444444 0.473333
1.041745 0.480000 0.480000
1.052092 0.403704 0.393333
1.035912 0.497778 0.486667
1.051895 0.492593 0.473333
1.036258 0.432593 0.446667
1.027537 0.449630 0.460000
1.051146 0.443704 0.440000
1.037381 0.450370 0.466667
1.039616 0.434815 0.466667
1.039107 0.493333 0.486667
1.051944 0.482963 0.460000
1.035626 0.431111 0.413333
1.048328 0.482222 0.453333
1.046297 0.482963 0.473333
1.050953 0.448889 0.473333
1.036752 0.485185 0.480000
1.046405 0.434815 0.420000
1.043148 0.438519 0.460000
1.037964 0.448148 0.446667
1.046447 0.485185 0.473333
1.047080 0.427407 0.480000
1.036345 0.482963 0.440000
1.039230 0.441481 0.453333
1.035517 0.443704 0.460000
1.039535 0.485926 0.480000
1.042358 0.494074 0.493333
1.028397 0.451852 0.480000
1.040039 0.497778 0.480000
1.041905 0.449630 0.473333
1.023233 0.452593 0.473333
1.032524 0.494074 0.486667
1.049533 0.465926 0.480000
1.045890 0.479259 0.453333
1.047089 0.442963 0.433333
1.039762 0.422963 0.440000
1.048419 0.474815 0.466667
1.046106 0.437778 0.460000
1.043801 0.434074 0.433333
1.035518 0.413333 0.426667
1.041585 0.434074 0.433333
1.039027 0.451111 0.453333
1.030213 0.439259 0.486667
1.039614 0.414074 0.453333
1.029162 0.481481 0.480000
1.021677 0.485185 0.480000
1.036305 0.442963 0.446667
1.031798 0.487407 0.473333
1.025950 0.437778 0.473333
1.035169 0.460000 0.473333
1.027774 0.451111 0.486667
1.024760 0.446667 0.460000
1.031033 0.456296 0.493333
1.032954 0.454815 0.466667
1.022141 0.442222 0.453333
1.035207 0.456296 0.480000
1.031746 0.456296 0.466667
1.026683 0.454074 0.486667
1.033537 0.497778 0.486667
1.031289 0.453333 0.453333
1.026516 0.485185 0.453333
1.027126 0.431852 0.440000
1.045349 0.438519 0.466667
1.037374 0.488889 0.493333
1.036535 0.481481 0.480000
1.044157 0.494074 0.466667
1.024519 0.439259 0.453333
1.039859 0.439259 0.480000
1.034865 0.494815 0.466667
1.030199 0.488889 0.493333
1.023781 0.424444 0.413333
1.025851 0.432593 0.473333
1.021307 0.492593 0.486667
1.032066 0.485926 0.473333
1.023629 0.485185 0.466667
1.040676 0.481481 0.440000
1.034719 0.498519 0.506667
1.024713 0.501481 0.480000
1.027255 0.491852 0.473333
1.020097 0.437037 0.486667
1.033874 0.482222 0.466667
1.023898 0.510370 0.486667
1.012427 0.499259 0.486667
1.024608 0.448148 0.460000
1.015513 0.431852 0.433333
1.032825 0.445926 0.460000
1.017034 0.437778 0.453333
1.015176 0.492593 0.466667
1.018755 0.491111 0.486667
1.021758 0.502222 0.486667
1.029787 0.478519 0.480000
1.026513 0.425926 0.426667
1.037072 0.440741 0.433333
1.023925 0.485926 0.493333
1.019240 0.492593 0.480000
1.018037 0.495556 0.480000
1.017864 0.498519 0.493333
1.011905 0.445185 0.480000
1.010875 0.442963 0.460000
1.024027 0.449630 0.453333
1.021456 0.489630 0.473333
1.004230 0.494815 0.486667
1.034028 0.491111 0.493333
1.021374 0.451852 0.433333
1.008967 0.490370 0.480000
0.998955 0.491111 0.493333
1.010250 0.491111 0.500000
1.019171 0.486667 0.493333
1.031187 0.497778 0.493333
1.002152 0.429630 0.460000
1.028008 0.448889 0.473333
1.011939 0.508889 0.460000
1.003819 0.500741 0.486667
1.012466 0.440000 0.480000
1.025406 0.499259 0.480000
1.013984 0.445926 0.433333
1.006254 0.494074 0.493333
1.024705 0.456296 0.480000
1.030600 0.453333 0.473333
1.003427 0.456296 0.480000
0.997846 0.449630 0.460000
1.016419 0.454815 0.480000
1.009370 0.454074 0.466667
0.997185 0.441481 0.446667
1.008010 0.485926 0.480000
1.005472 0.487407 0.480000
0.998572 0.451852 0.473333
1.009295 0.431852 0.460000
1.006456 0.496296 0.493333
1.002495 0.495556 0.480000
1.010939 0.447407 0.460000
1.008126 0.490370 0.480000
0.992217 0.505926 0.473333
1.006438 0.458519 0.486667
1.006153 0.463704 0.486667
1.006654 0.498519 0.473333
0.999499 0.440741 0.466667
1.009653 0.447407 0.466667
1.003110 0.465926 0.466667
1.023583 0.508148 0.493333
1.014856 0.448889 0.446667
1.007320 0.439259 0.453333
1.013161 0.455556 0.473333
0.994152 0.502222 0.493333
1.010741 0.449630 0.460000
1.014667 0.497778 0.473333
1.012418 0.501481 0.473333
0.986163 0.501481 0.480000
1.007044 0.512593 0.466667
0.990042 0.496296 0.480000
1.007739 0.454815 0.460000
0.989691 0.464444 0.473333
1.014870 0.505926 0.500000
0.988301 0.452593 0.473333
0.990459 0.460741 0.446667
0.986758 0.446667 0.466667
1.010838 0.458519 0.466667
0.995413 0.459259 0.486667
1.019547 0.470370 0.480000
0.999956 0.454074 0.480000
1.006373 0.500000 0.493333
1.004809 0.452593 0.473333
1.022037 0.505926 0.493333
1.006559 0.452593 0.473333
1.004977 0.470370 0.453333
1.006986 0.453333 0.473333
1.007496 0.500741 0.480000
0.995872 0.505185 0.486667
0.993978 0.455556 0.486667
0.996827 0.461481 0.486667
1.011184 0.456296 0.473333
1.006621 0.498519 0.500000
0.986878 0.457778 0.473333
0.992339 0.501481 0.493333
0.992482 0.455556 0.460000
1.004149 0.508148 0.460000
0.996894 0.508148 0.466667
1.000281 0.462963 0.493333
1.014491 0.456296 0.493333
1.011126 0.456296 0.480000
1.005554 0.454074 0.486667
0.982587 0.501481 0.506667
1.033705 0.467407 0.480000
0.981408 0.470370 0.480000
0.994371 0.451852 0.466667
1.015521 0.460000 0.433333
1.019665 0.501481 0.493333
0.989793 0.508148 0.480000
1.011877 0.458519 0.460000
0.986689 0.508889 0.486667
1.002495 0.510370 0.486667
0.991088 0.505926 0.480000
0.990381 0.508889 0.500000
0.991938 0.460741 0.486667
1.005309 0.502222 0.486667
0.981665 0.445185 0.473333
0.978681 0.440741 0.486667
1.014682 0.451111 0.466667
0.998075 0.502222 0.473333
0.978822 0.463704 0.473333
1.000503 0.457778 0.466667
0.997970 0.457778 0.473333
1.008335 0.453333 0.493333
0.980736 0.462222 0.473333
1.006322 0.453333 0.466667
0.998451 0.464444 0.473333
0.990991 0.460000 0.486667
0.989876 0.460000 0.466667
0.998310 0.462963 0.486667
1.006982 0.503704 0.486667
0.973047 0.504444 0.500000
1.006062 0.455556 0.473333
0.985747 0.458519 0.480000
1.010610 0.473333 0.480000
0.999928 0.497778 0.486667
0.995374 0.460741 0.493333
0.993598 0.440000 0.486667
0.999439 0.449630 0.493333
0.997951 0.462963 0.486667
0.995329 0.468889 0.480000
0.997943 0.469630 0.446667
0.989184 0.467407 0.453333
0.990787 0.459259 0.493333
0.979557 0.507407 0.500000
0.995790 0.472593 0.473333
0.954699 0.466667 0.493333
0.999226 0.465185 0.473333
1.014463 0.511852 0.506667
0.999480 0.509630 0.493333
1.002216 0.467407 0.473333
0.992070 0.508889 0.486667
0.993691 0.446667 0.473333
0.992526 0.460000 0.480000
1.007882 0.451852 0.493333
1.016841 0.448148 0.486667
1.018172 0.466667 0.480000
0.989577 0.462963 0.440000
0.995442 0.454074 0.480000
0.994743 0.451852 0.473333
0.988507 0.510370 0.486667
0.996263 0.500000 0.486667
0.996822 0.456296 0.480000
0.980337 0.457037 0.466667
0.995020 0.496296 0.480000
0.992497 0.496296 0.473333
1.000722 0.502222 0.486667
0.982259 0.458519 0.466667
1.011510 0.502963 0.506667
0.982312 0.462222 0.473333
0.989373 0.501481 0.486667
0.993021 0.505185 0.493333
1.002828 0.457778 0.480000
0.988862 0.467407 0.473333
0.993391 0.457037 0.486667
1.006646 0.465185 0.486667
0.987030 0.453333 0.480000
0.994482 0.457778 0.466667
0.974797 0.471111 0.480000
0.989748 0.454074 0.480000
1.006550 0.463704 0.473333
1.012402 0.454074 0.473333
0.985241 0.465185 0.473333
0.999637 0.459259 0.466667
0.995186 0.462963 0.480000
0.979994 0.464444 0.486667
0.984435 0.457778 0.493333
1.013453 0.463704 0.480000
1.002951 0.448889 0.486667
0.973558 0.509630 0.486667
0.985730 0.462222 0.473333
1.013616 0.505926 0.486667
1.003763 0.462222 0.493333
1.002969 0.462222 0.466667
0.995493 0.467407 0.473333
1.002942 0.499259 0.500000
0.997174 0.502963 0.500000
0.994013 0.491852 0.493333
0.999571 0.501481 0.493333
0.977371 0.505185 0.500000
0.997063 0.465185 0.473333
0.991878 0.446667 0.500000
1.007055 0.450370 0.480000
0.977998 0.453333 0.480000
0.997087 0.501481 0.493333
0.985373 0.460000 0.473333
0.984960 0.459259 0.473333
1.002997 0.466667 0.480000
0.997638 0.505926 0.500000
0.991122 0.503704 0.500000
0.979623 0.502222 0.493333
0.999158 0.504444 0.486667
0.996056 0.500000 0.493333
0.997167 0.493333 0.500000
