0.744878 0.500000 0.500000
0.697507 0.500000 0.500000
0.698288 0.500000 0.500000
0.698716 0.500000 0.500000
0.698896 0.500000 0.500000
0.698894 0.500000 0.500000
0.695895 0.500000 0.500000
0.692591 0.500000 0.500000
0.696778 0.500000 0.500000
0.700073 0.500000 0.500000
0.699838 0.500000 0.500000
0.697773 0.500000 0.500000
0.698314 0.500000 0.500000
0.697727 0.500000 0.500000
0.697531 0.500000 0.500000
0.696126 0.500000 0.500000
0.698509 0.500000 0.500000
0.696697 0.500000 0.500000
0.696311 0.500000 0.500000
0.695309 0.500000 0.500000
0.697185 0.500000 0.500000
0.695777 0.500000 0.500000
0.693978 0.500000 0.500000
0.698683 0.500000 0.500000
0.697200 0.500000 0.500000
0.695362 0.500000 0.500000
0.700045 0.500000 0.500000
0.695224 0.500000 0.500000
0.695956 0.500000 0.500000
0.696672 0.500000 0.500000
0.699079 0.500000 0.500000
0.696099 0.500000 0.500000
0.699448 0.500000 0.500000
0.695809 0.500000 0.500000
0.702332 0.500000 0.500000
0.697754 0.500000 0.500000
0.698313 0.500000 0.500000
0.695818 0.500000 0.500000
0.695502 0.500000 0.500000
0.698073 0.500000 0.500000
0.697050 0.500000 0.500000
0.696490 0.500000 0.500000
0.699353 0.500000 0.500000
0.694495 0.500000 0.500000
0.697160 0.500000 0.500000
0.697380 0.500000 0.500000
0.697875 0.500000 0.500000
0.694871 0.500000 0.500000
0.693259 0.500000 0.500000
0.697118 0.500000 0.500000
0.697875 0.500000 0.500000
0.693446 0.500000 0.500000
0.695525 0.500000 0.500000
0.696795 0.500000 0.500000
0.693318 0.500000 0.500000
0.695267 0.500000 0.500000
0.693606 0.500000 0.500000
0.695205 0.500000 0.500000
0.695691 0.500000 0.500000
0.695919 0.500000 0.500000
0.694634 0.500000 0.500000
0.695356 0.500000 0.500000
0.695502 0.500000 0.500000
0.693452 0.500000 0.500000
0.694368 0.500000 0.500000
0.695439 0.500000 0.500000
0.695815 0.500000 0.500000
0.695934 0.500000 0.500000
0.697123 0.500000 0.500000
0.694079 0.500000 0.500000
0.694217 0.500000 0.500000
0.692862 0.500000 0.500000
0.697206 0.500000 0.500000
0.693504 0.500000 0.500000
0.693339 0.500000 0.500000
0.694745 0.500000 0.500000
0.692174 0.500000 0.500000
0.695216 0.500000 0.500000
0.696048 0.500000 0.500000
0.693662 0.500000 0.500000
0.693419 0.500000 0.500000
0.696101 0.500000 0.500000
0.693685 0.500000 0.500000
0.691951 0.500000 0.500000
0.698611 0.500000 0.500000
0.694030 0.500000 0.500000
0.696444 0.500000 0.500000
0.693514 0.500000 0.500000
0.692831 0.500000 0.500000
0.696849 0.500000 0.500000
0.696219 0.500000 0.500000
0.695252 0.500000 0.500000
0.694508 0.500000 0.500000
0.694970 0.500000 0.500000
0.692403 0.500000 0.500000
0.695214 0.500000 0.500000
0.694085 0.500000 0.500000
0.693673 0.500000 0.500000
0.694258 0.500000 0.500000
0.694013 0.500000 0.500000
0.694929 0.500000 0.500000
0.694169 0.500000 0.500000
0.694958 0.500000 0.500000
0.693347 0.500000 0.500000
0.694282 0.500000 0.500000
0.692266 0.500000 0.500000
0.695300 0.500000 0.500000
0.693314 0.500000 0.500000
0.693654 0.500000 0.500000
0.695815 0.500000 0.500000
0.693666 0.500000 0.500000
0.694421 0.500000 0.500000
0.693039 0.500000 0.500000
0.693256 0.500000 0.500000
0.694741 0.500000 0.500000
0.694722 0.500000 0.500000
0.694760 0.500000 0.500000
0.693138 0.500000 0.500000
0.693817 0.500000 0.500000
0.694362 0.500000 0.500000
0.694230 0.500000 0.500000
0.694092 0.500000 0.500000
0.692730 0.500000 0.500000
0.694397 0.500000 0.500000
0.694027 0.500000 0.500000
0.694098 0.500000 0.500000
0.693534 0.500000 0.500000
0.695306 0.500000 0.500000
0.694175 0.500000 0.500000
0.694000 0.500000 0.500000
0.693647 0.500000 0.500000
0.694706 0.500000 0.500000
0.694121 0.500000 0.500000
0.693685 0.500000 0.500000
0.693689 0.500000 0.500000
0.693867 0.500000 0.500000
0.694207 0.500000 0.500000
0.695639 0.500000 0.500000
0.693826 0.500000 0.500000
0.693404 0.500000 0.500000
0.695013 0.500000 0.500000
0.693816 0.500000 0.500000
0.694283 0.500000 0.500000
0.694055 0.500000 0.500000
0.694136 0.500000 0.500000
0.693878 0.500000 0.500000
0.693789 0.500000 0.500000
0.695455 0.500000 0.500000
0.693856 0.500000 0.500000
0.692869 0.500000 0.500000
0.692571 0.500000 0.500000
0.693189 0.500000 0.500000
0.692894 0.500000 0.500000
0.693956 0.500000 0.500000
0.694892 0.500000 0.500000
0.693236 0.500000 0.500000
0.694872 0.500000 0.500000
0.693121 0.500000 0.500000
0.693572 0.500000 0.500000
0.692057 0.500000 0.500000
0.693227 0.500000 0.500000
0.694719 0.500000 0.500000
0.693606 0.500000 0.500000
0.694562 0.500000 0.500000
0.692864 0.500000 0.500000
0.693727 0.500000 0.500000
0.692959 0.500000 0.500000
0.694497 0.500000 0.500000
0.692510 0.500000 0.500000
0.693446 0.500000 0.500000
0.694527 0.500000 0.500000
0.693786 0.500000 0.500000
0.694291 0.500000 0.500000
0.692766 0.500000 0.500000
0.693910 0.500000 0.500000
0.693702 0.500000 0.500000
0.694411 0.500000 0.500000
0.693478 0.500000 0.500000
0.693147 0.500000 0.500000
0.694395 0.500000 0.500000
0.693290 0.500000 0.500000
0.693050 0.500000 0.500000
0.694003 0.500000 0.500000
0.694036 0.500000 0.500000
0.693102 0.500000 0.500000
0.693425 0.500000 0.500000
0.693655 0.500000 0.500000
0.693614 0.500000 0.500000
0.693267 0.500000 0.500000
0.693426 0.500000 0.500000
0.693459 0.500000 0.500000
0.693457 0.500000 0.500000
0.692805 0.500000 0.500000
0.694121 0.500000 0.500000
0.694398 0.500000 0.500000
0.694148 0.500000 0.500000
0.693066 0.500000 0.500000
0.694140 0.500000 0.500000
0.693116 0.500000 0.500000
0.692941 0.500000 0.500000
0.693905 0.500000 0.500000
0.693773 0.500000 0.500000
0.693751 0.500000 0.500000
0.693363 0.500000 0.500000
0.693246 0.500000 0.500000
0.693232 0.500000 0.500000
0.693699 0.500000 0.500000
0.693471 0.500000 0.500000
0.692763 0.500000 0.500000
0.693191 0.500000 0.500000
0.693899 0.500000 0.500000
0.693744 0.500000 0.500000
0.693364 0.500000 0.500000
0.693558 0.500000 0.500000
0.693059 0.500000 0.500000
0.693170 0.500000 0.500000
0.693498 0.500000 0.500000
0.693231 0.500000 0.500000
0.693813 0.500000 0.500000
0.693330 0.500000 0.500000
0.692613 0.500000 0.500000
0.693020 0.500000 0.500000
0.693848 0.500000 0.500000
0.693433 0.500000 0.500000
0.693378 0.500000 0.500000
0.693772 0.500000 0.500000
0.693310 0.500000 0.500000
0.693034 0.500000 0.500000
0.693335 0.500000 0.500000
0.693868 0.500000 0.500000
0.694072 0.500000 0.500000
0.693707 0.500000 0.500000
0.694241 0.500000 0.500000
0.693494 0.500000 0.500000
0.692058 0.500000 0.500000
0.694337 0.500000 0.500000
0.693503 0.500000 0.500000
0.693111 0.500000 0.500000
0.693437 0.500000 0.500000
0.693352 0.500000 0.500000
0.693562 0.500000 0.500000
0.693966 0.500000 0.500000
0.693004 0.500000 0.500000
0.692581 0.500000 0.500000
0.694461 0.500000 0.500000
0.693331 0.500000 0.500000
0.693969 0.500000 0.500000
0.692640 0.500000 0.500000
0.693767 0.500000 0.500000
0.693555 0.500000 0.500000
0.693203 0.500000 0.500000
0.693385 0.500000 0.500000
0.693176 0.500000 0.500000
0.693493 0.500000 0.500000
0.693451 0.500000 0.500000
0.693517 0.500000 0.500000
0.693007 0.500000 0.500000
0.692955 0.500000 0.500000
0.693825 0.500000 0.500000
0.693038 0.500000 0.500000
0.693680 0.500000 0.500000
0.692972 0.500000 0.500000
0.692974 0.500000 0.500000
0.692820 0.500000 0.500000
0.693583 0.500000 0.500000
0.693539 0.500000 0.500000
0.693234 0.500000 0.500000
0.692223 0.500000 0.500000
0.693190 0.500000 0.500000
0.693394 0.500000 0.500000
0.693378 0.500000 0.500000
0.693865 0.500000 0.500000
0.693538 0.500000 0.500000
0.693470 0.500000 0.500000
0.692940 0.500000 0.500000
0.692854 0.500000 0.500000
0.693995 0.500000 0.500000
0.692926 0.500000 0.500000
0.693368 0.500000 0.500000
0.693085 0.500000 0.500000
0.693042 0.500000 0.500000
0.693667 0.500000 0.500000
0.692888 0.500000 0.500000
0.692989 0.500000 0.500000
0.693318 0.500000 0.500000
0.693011 0.500000 0.500000
0.693535 0.500000 0.500000
0.693540 0.500000 0.500000
0.693296 0.500000 0.500000
0.693505 0.500000 0.500000
0.693633 0.500000 0.500000
0.693037 0.500000 0.500000
0.693620 0.500000 0.500000
0.693042 0.500000 0.500000
0.693262 0.500000 0.500000
0.693234 0.500000 0.500000
0.693025 0.500000 0.500000
0.693468 0.500000 0.500000
0.693411 0.500000 0.500000
0.692680 0.500000 0.500000
0.692761 0.500000 0.500000
0.692943 0.500000 0.500000
0.693612 0.500000 0.500000
0.693560 0.500000 0.500000
0.693402 0.500000 0.500000
0.692612 0.500000 0.500000
0.693182 0.500000 0.500000
0.693075 0.500000 0.500000
0.692096 0.500000 0.500000
0.693000 0.500000 0.500000
0.693132 0.500000 0.500000
0.693539 0.500000 0.500000
0.692741 0.500000 0.500000
0.692980 0.500000 0.500000
0.693316 0.500000 0.500000
0.693032 0.500000 0.500000
0.692908 0.500000 0.500000
0.692776 0.500000 0.500000
0.693618 0.500000 0.500000
0.692887 0.500000 0.500000
0.692990 0.500000 0.500000
0.693409 0.500000 0.500000
0.693421 0.500000 0.500000
0.692410 0.500000 0.500000
0.693374 0.500000 0.500000
0.693875 0.500000 0.500000
0.692527 0.500000 0.500000
0.693277 0.500000 0.500000
0.693025 0.500000 0.500000
0.693256 0.500000 0.500000
0.693604 0.500000 0.500000
0.692951 0.500000 0.500000
0.693887 0.500000 0.500000
0.693881 0.500000 0.500000
0.692766 0.500000 0.500000
0.693464 0.500000 0.500000
0.693390 0.500000 0.500000
0.692980 0.500000 0.500000
0.693351 0.500000 0.500000
0.693674 0.500000 0.500000
0.693271 0.500000 0.500000
0.693006 0.500000 0.500000
0.693206 0.500000 0.500000
0.693308 0.500000 0.500000
0.693062 0.500000 0.500000
0.692748 0.500000 0.500000
0.693629 0.500000 0.500000
0.692853 0.500000 0.500000
0.693144 0.500000 0.500000
0.693801 0.500000 0.500000
