0.994544 0.705556 0.720000
0.752879 0.690000 0.700000
0.672806 0.650000 0.660000
0.710573 0.692222 0.650000
0.643799 0.686667 0.700000
0.641200 0.696667 0.690000
0.632559 0.698889 0.710000
0.606631 0.711111 0.700000
0.610532 0.708889 0.720000
0.636327 0.716667 0.710000
0.657518 0.707778 0.690000
0.629235 0.717778 0.690000
0.613566 0.698889 0.700000
0.603894 0.713333 0.700000
0.620516 0.691111 0.690000
0.605593 0.706667 0.680000
0.602225 0.686667 0.650000
0.622546 0.701111 0.680000
0.613130 0.698889 0.700000
0.600545 0.665556 0.660000
0.617491 0.712222 0.690000
0.595500 0.693333 0.700000
0.594640 0.677778 0.660000
0.621506 0.693333 0.690000
0.592065 0.690000 0.680000
0.608236 0.705556 0.690000
0.610389 0.717778 0.710000
0.585105 0.716667 0.690000
0.585123 0.660000 0.660000
0.590232 0.717778 0.710000
0.587967 0.704444 0.680000
0.567905 0.677778 0.640000
0.630758 0.692222 0.690000
0.634973 0.663333 0.650000
0.601006 0.681111 0.700000
0.602747 0.721111 0.690000
0.605539 0.712222 0.740000
0.567340 0.717778 0.710000
0.569082 0.718889 0.720000
0.593526 0.663333 0.630000
0.577467 0.721111 0.700000
0.601083 0.682222 0.650000
0.575600 0.705556 0.720000
0.598091 0.724444 0.680000
0.559150 0.671111 0.680000
0.584339 0.716667 0.670000
0.574845 0.715556 0.690000
0.580972 0.713333 0.720000
0.589795 0.693333 0.690000
0.575145 0.725556 0.700000
0.582987 0.721111 0.710000
0.577036 0.716667 0.710000
0.573401 0.703333 0.710000
0.563476 0.713333 0.680000
0.578406 0.728889 0.690000
0.562744 0.727778 0.690000
0.579088 0.725556 0.690000
0.558693 0.717778 0.700000
0.569988 0.722222 0.700000
0.553792 0.724444 0.680000
0.546621 0.731111 0.700000
0.571484 0.696667 0.690000
0.587208 0.676667 0.640000
0.575679 0.682222 0.630000
0.584456 0.724444 0.690000
0.568773 0.708889 0.710000
0.557902 0.720000 0.680000
0.564006 0.701111 0.660000
0.557807 0.708889 0.720000
0.554103 0.678889 0.660000
0.581409 0.725556 0.700000
0.586769 0.655556 0.660000
0.558623 0.697778 0.650000
0.579252 0.712222 0.710000
0.551337 0.722222 0.710000
0.572178 0.707778 0.700000
0.545568 0.682222 0.660000
0.565766 0.681111 0.630000
0.556649 0.714444 0.680000
0.561954 0.698889 0.660000
0.557253 0.725556 0.690000
0.537218 0.730000 0.690000
0.579552 0.660000 0.650000
0.546944 0.690000 0.670000
0.560960 0.710000 0.700000
0.544221 0.732222 0.700000
0.546776 0.721111 0.690000
0.564833 0.726667 0.700000
0.541438 0.725556 0.700000
0.565058 0.716667 0.710000
0.560866 0.725556 0.700000
0.590984 0.718889 0.700000
0.570450 0.725556 0.710000
0.542907 0.726667 0.720000
0.557335 0.722222 0.710000
0.561828 0.724444 0.700000
0.558523 0.717778 0.700000
0.542452 0.733333 0.710000
0.543873 0.731111 0.710000
0.535033 0.734444 0.710000
0.533332 0.727778 0.730000
0.556535 0.731111 0.710000
0.549544 0.734444 0.700000
0.523550 0.730000 0.700000
0.550725 0.706667 0.720000
0.561837 0.727778 0.730000
0.518930 0.736667 0.700000
0.525786 0.721111 0.740000
0.534956 0.727778 0.730000
0.536607 0.722222 0.710000
0.524350 0.740000 0.690000
0.545257 0.734444 0.710000
0.546525 0.730000 0.720000
0.528631 0.687778 0.680000
0.535808 0.730000 0.710000
0.548484 0.740000 0.700000
0.530980 0.722222 0.710000
0.562302 0.690000 0.670000
0.532438 0.724444 0.720000
0.540791 0.736667 0.690000
0.550940 0.737778 0.710000
0.545805 0.734444 0.710000
0.549651 0.721111 0.700000
0.558537 0.721111 0.700000
0.549268 0.695556 0.650000
0.535522 0.735556 0.680000
0.542982 0.686667 0.670000
0.532878 0.732222 0.690000
0.548822 0.730000 0.700000
0.533045 0.725556 0.690000
0.548670 0.741111 0.720000
0.552074 0.736667 0.700000
0.525360 0.720000 0.700000
0.533758 0.677778 0.660000
0.537766 0.691111 0.670000
0.533498 0.730000 0.720000
0.531901 0.733333 0.710000
0.533085 0.727778 0.700000
0.551463 0.693333 0.660000
0.544744 0.736667 0.710000
0.546872 0.724444 0.700000
0.533694 0.735556 0.710000
0.540069 0.721111 0.680000
0.522070 0.708889 0.710000
0.534339 0.731111 0.700000
0.550792 0.727778 0.690000
0.554670 0.698889 0.660000
0.544905 0.732222 0.690000
0.535696 0.741111 0.710000
0.530821 0.723333 0.700000
0.516433 0.733333 0.710000
0.544286 0.738889 0.710000
0.532928 0.733333 0.700000
0.528739 0.731111 0.710000
0.543806 0.731111 0.690000
0.534022 0.721111 0.700000
0.552725 0.735556 0.710000
0.526334 0.711111 0.710000
0.537211 0.736667 0.700000
0.543201 0.692222 0.670000
0.521384 0.737778 0.690000
0.531072 0.741111 0.690000
0.525083 0.735556 0.690000
0.516081 0.730000 0.700000
0.538683 0.738889 0.690000
0.519156 0.734444 0.720000
0.537415 0.731111 0.700000
0.531978 0.724444 0.730000
0.530491 0.667778 0.640000
0.524955 0.736667 0.710000
0.519130 0.738889 0.700000
0.521799 0.736667 0.710000
0.516652 0.734444 0.680000
0.519489 0.738889 0.700000
0.541833 0.738889 0.700000
0.520499 0.741111 0.700000
0.512854 0.726667 0.700000
0.532805 0.726667 0.670000
0.522013 0.740000 0.690000
0.535197 0.740000 0.690000
0.517380 0.730000 0.700000
0.544284 0.731111 0.700000
0.552350 0.734444 0.710000
0.534708 0.735556 0.710000
0.529133 0.726667 0.690000
0.508978 0.732222 0.690000
0.513204 0.735556 0.700000
0.517653 0.733333 0.710000
0.519254 0.737778 0.720000
0.520493 0.734444 0.700000
0.542856 0.684444 0.670000
0.534336 0.707778 0.680000
0.531688 0.724444 0.700000
0.524594 0.731111 0.720000
0.542200 0.723333 0.710000
0.551643 0.717778 0.690000
0.536624 0.726667 0.740000
0.522943 0.703333 0.660000
0.505000 0.738889 0.700000
0.521335 0.732222 0.710000
0.523602 0.716667 0.700000
0.521827 0.738889 0.710000
0.515293 0.727778 0.700000
0.510157 0.735556 0.700000
0.525799 0.734444 0.730000
0.522711 0.716667 0.720000
0.517151 0.715556 0.720000
0.501350 0.731111 0.710000
0.518476 0.738889 0.710000
0.517423 0.744444 0.700000
0.508247 0.746667 0.690000
0.543274 0.737778 0.710000
0.521702 0.736667 0.710000
0.540379 0.740000 0.710000
0.497579 0.741111 0.700000
0.506286 0.746667 0.680000
0.537512 0.745556 0.680000
0.526068 0.744444 0.710000
0.531451 0.712222 0.700000
0.519418 0.738889 0.710000
0.526999 0.735556 0.710000
0.533924 0.736667 0.700000
0.540500 0.735556 0.720000
0.532663 0.711111 0.700000
0.510254 0.740000 0.700000
0.534299 0.708889 0.670000
0.534040 0.734444 0.720000
0.542481 0.725556 0.680000
0.520920 0.743333 0.690000
0.532821 0.743333 0.680000
0.521563 0.734444 0.700000
0.511848 0.736667 0.710000
0.525044 0.715556 0.710000
0.533702 0.742222 0.710000
0.505089 0.737778 0.680000
0.533839 0.741111 0.670000
0.521954 0.711111 0.710000
0.522485 0.732222 0.710000
0.509491 0.714444 0.710000
0.511793 0.730000 0.710000
0.521253 0.727778 0.690000
0.535077 0.742222 0.710000
0.528833 0.720000 0.730000
0.536103 0.731111 0.710000
0.526687 0.695556 0.660000
0.532882 0.741111 0.700000
0.537423 0.698889 0.670000
0.506847 0.737778 0.710000
0.508315 0.736667 0.710000
0.511012 0.733333 0.720000
0.492239 0.735556 0.720000
0.518652 0.742222 0.720000
0.523752 0.705556 0.680000
0.523031 0.712222 0.680000
0.511294 0.738889 0.680000
0.528235 0.727778 0.710000
0.493823 0.740000 0.710000
0.518443 0.712222 0.710000
0.525747 0.727778 0.710000
0.520903 0.730000 0.710000
0.504750 0.731111 0.700000
0.509935 0.735556 0.710000
0.529644 0.737778 0.720000
0.506506 0.741111 0.720000
0.536389 0.742222 0.710000
0.518364 0.732222 0.710000
0.536066 0.730000 0.720000
0.518092 0.721111 0.690000
0.517213 0.738889 0.700000
0.506968 0.735556 0.700000
0.518540 0.743333 0.710000
0.511571 0.737778 0.700000
0.502745 0.740000 0.720000
0.521359 0.745556 0.700000
0.533487 0.744444 0.710000
0.518711 0.738889 0.710000
0.518522 0.735556 0.710000
0.518355 0.690000 0.670000
0.515735 0.730000 0.710000
0.503865 0.715556 0.700000
0.527459 0.744444 0.680000
0.487406 0.732222 0.710000
0.508616 0.732222 0.710000
0.523000 0.737778 0.710000
0.512844 0.738889 0.710000
0.542529 0.746667 0.670000
0.521189 0.733333 0.710000
0.517240 0.744444 0.700000
0.536193 0.744444 0.690000
0.518352 0.723333 0.700000
0.522162 0.728889 0.700000
0.515033 0.734444 0.710000
0.513602 0.741111 0.720000
0.510581 0.727778 0.700000
0.504044 0.740000 0.700000
0.532846 0.743333 0.720000
0.532488 0.741111 0.690000
0.514410 0.733333 0.710000
0.510789 0.733333 0.710000
0.518055 0.738889 0.690000
0.503815 0.743333 0.700000
0.514515 0.742222 0.700000
0.544586 0.733333 0.710000
0.500877 0.734444 0.710000
0.520258 0.744444 0.700000
0.500328 0.742222 0.680000
0.530568 0.727778 0.690000
0.512831 0.735556 0.720000
0.492610 0.736667 0.710000
0.499249 0.733333 0.710000
0.514290 0.742222 0.700000
0.498663 0.733333 0.720000
0.519550 0.731111 0.710000
0.506728 0.711111 0.680000
0.522161 0.746667 0.700000
0.513914 0.736667 0.700000
0.506412 0.740000 0.710000
0.509087 0.735556 0.710000
0.500527 0.734444 0.700000
0.525072 0.715556 0.690000
0.535484 0.737778 0.720000
0.522736 0.735556 0.710000
0.535872 0.746667 0.690000
0.528253 0.740000 0.710000
0.517738 0.726667 0.710000
0.511658 0.743333 0.690000
0.518682 0.748889 0.690000
0.492493 0.745556 0.700000
0.500970 0.731111 0.710000
0.495768 0.750000 0.680000
0.504080 0.737778 0.720000
0.517958 0.731111 0.710000
0.487153 0.733333 0.720000
0.514858 0.741111 0.710000
0.513897 0.687778 0.650000
0.487146 0.738889 0.710000
0.509807 0.742222 0.710000
0.510844 0.741111 0.720000
0.521600 0.742222 0.710000
0.517622 0.731111 0.710000
0.503598 0.732222 0.710000
0.541890 0.698889 0.650000
0.513195 0.738889 0.720000
0.501458 0.737778 0.690000
0.521767 0.741111 0.710000
0.517318 0.726667 0.690000
0.507380 0.733333 0.730000
0.513215 0.733333 0.720000
0.504203 0.697778 0.680000
0.526857 0.732222 0.690000
