0.766243 0.696667 0.730000
0.673013 0.698889 0.700000
0.667599 0.645556 0.680000
0.704568 0.683333 0.670000
0.641745 0.682222 0.660000
0.652231 0.663333 0.680000
0.635736 0.713333 0.690000
0.615951 0.701111 0.690000
0.623168 0.710000 0.680000
0.650320 0.696667 0.670000
0.664455 0.695556 0.670000
0.648699 0.705556 0.700000
0.633126 0.678889 0.680000
0.619340 0.704444 0.690000
0.647946 0.710000 0.690000
0.631678 0.682222 0.660000
0.630176 0.705556 0.700000
0.650804 0.701111 0.700000
0.619265 0.685556 0.710000
0.607406 0.652222 0.640000
0.641285 0.714444 0.680000
0.612897 0.682222 0.690000
0.636389 0.711111 0.690000
0.632769 0.704444 0.670000
0.609104 0.683333 0.660000
0.634310 0.697778 0.720000
0.622025 0.714444 0.690000
0.604399 0.697778 0.700000
0.602119 0.677778 0.660000
0.612688 0.712222 0.710000
0.617639 0.674444 0.670000
0.587253 0.705556 0.700000
0.668247 0.665556 0.690000
0.629323 0.676667 0.630000
0.608658 0.710000 0.680000
0.606366 0.710000 0.700000
0.621859 0.713333 0.690000
0.585406 0.708889 0.710000
0.595832 0.710000 0.680000
0.598250 0.686667 0.700000
0.588195 0.705556 0.700000
0.590691 0.686667 0.670000
0.582031 0.715556 0.720000
0.594488 0.704444 0.690000
0.575486 0.656667 0.640000
0.620932 0.678889 0.670000
0.608241 0.706667 0.710000
0.587188 0.622222 0.630000
0.599072 0.706667 0.690000
0.586695 0.701111 0.690000
0.600910 0.691111 0.690000
0.592199 0.673333 0.690000
0.578416 0.692222 0.700000
0.568868 0.697778 0.690000
0.587849 0.714444 0.720000
0.579228 0.712222 0.700000
0.602984 0.692222 0.650000
0.579751 0.688889 0.690000
0.582098 0.675556 0.650000
0.573654 0.725556 0.690000
0.566186 0.712222 0.720000
0.583219 0.716667 0.710000
0.579322 0.707778 0.710000
0.572534 0.715556 0.690000
0.581069 0.723333 0.690000
0.578154 0.707778 0.720000
0.567060 0.712222 0.710000
0.591499 0.670000 0.640000
0.577978 0.711111 0.680000
0.554338 0.701111 0.710000
0.576857 0.701111 0.680000
0.587889 0.686667 0.670000
0.564902 0.715556 0.700000
0.586949 0.716667 0.710000
0.566009 0.697778 0.700000
0.588119 0.706667 0.700000
0.558995 0.682222 0.680000
0.579932 0.673333 0.650000
0.574339 0.712222 0.710000
0.583219 0.685556 0.650000
0.563026 0.717778 0.710000
0.546962 0.708889 0.700000
0.575834 0.684444 0.660000
0.554866 0.701111 0.700000
0.576811 0.721111 0.700000
0.569342 0.703333 0.700000
0.570610 0.713333 0.700000
0.569822 0.723333 0.700000
0.560370 0.711111 0.710000
0.567735 0.693333 0.700000
0.571452 0.697778 0.710000
0.601421 0.710000 0.700000
0.586142 0.716667 0.720000
0.549059 0.705556 0.690000
0.573396 0.678889 0.680000
0.571431 0.706667 0.690000
0.581157 0.664444 0.640000
0.559377 0.715556 0.720000
0.565021 0.721111 0.710000
0.548863 0.712222 0.710000
0.548376 0.731111 0.700000
0.551232 0.722222 0.710000
0.561208 0.728889 0.710000
0.544867 0.713333 0.720000
0.567310 0.704444 0.690000
0.574072 0.717778 0.720000
0.537145 0.711111 0.710000
0.554360 0.723333 0.710000
0.555288 0.713333 0.720000
0.539250 0.723333 0.720000
0.537282 0.733333 0.700000
0.563396 0.731111 0.720000
0.557165 0.721111 0.730000
0.531360 0.696667 0.700000
0.552172 0.717778 0.720000
0.568278 0.720000 0.710000
0.557791 0.713333 0.730000
0.559592 0.716667 0.710000
0.546759 0.716667 0.710000
0.546679 0.715556 0.710000
0.574734 0.718889 0.700000
0.545281 0.713333 0.710000
0.560070 0.710000 0.710000
0.558013 0.710000 0.710000
0.551665 0.728889 0.700000
0.545544 0.728889 0.700000
0.564623 0.696667 0.690000
0.553439 0.723333 0.720000
0.553497 0.721111 0.720000
0.548223 0.720000 0.700000
0.571430 0.724444 0.710000
0.558302 0.731111 0.720000
0.540095 0.728889 0.710000
0.541893 0.676667 0.680000
0.548563 0.723333 0.720000
0.550378 0.731111 0.700000
0.544251 0.725556 0.700000
0.552278 0.725556 0.690000
0.549289 0.716667 0.720000
0.563630 0.652222 0.630000
0.562411 0.710000 0.720000
0.543909 0.723333 0.720000
0.561007 0.732222 0.700000
0.539086 0.723333 0.700000
0.546047 0.725556 0.700000
0.550653 0.727778 0.690000
0.561911 0.724444 0.720000
0.547953 0.723333 0.760000
0.548666 0.725556 0.720000
0.543495 0.718889 0.700000
0.535097 0.725556 0.700000
0.545213 0.725556 0.710000
0.553665 0.727778 0.720000
0.539668 0.716667 0.700000
0.552616 0.730000 0.700000
0.584268 0.714444 0.690000
0.590039 0.722222 0.700000
0.536251 0.721111 0.730000
0.556810 0.724444 0.720000
0.555414 0.723333 0.710000
0.534684 0.726667 0.710000
0.541296 0.733333 0.690000
0.553153 0.726667 0.710000
0.530653 0.725556 0.700000
0.545003 0.731111 0.720000
0.527504 0.732222 0.700000
0.561149 0.725556 0.710000
0.547838 0.722222 0.720000
0.545423 0.718889 0.690000
0.540490 0.725556 0.710000
0.534522 0.730000 0.720000
0.529155 0.728889 0.720000
0.540259 0.726667 0.710000
0.529772 0.731111 0.710000
0.551466 0.725556 0.710000
0.531891 0.733333 0.700000
0.525448 0.724444 0.720000
0.541593 0.733333 0.700000
0.529846 0.728889 0.740000
0.548441 0.728889 0.730000
0.526238 0.722222 0.710000
0.547358 0.711111 0.690000
0.563099 0.723333 0.730000
0.544698 0.731111 0.700000
0.545529 0.725556 0.700000
0.520932 0.730000 0.700000
0.525361 0.725556 0.700000
0.523139 0.733333 0.690000
0.531780 0.726667 0.730000
0.538987 0.726667 0.700000
0.545737 0.721111 0.720000
0.545319 0.728889 0.700000
0.534799 0.726667 0.730000
0.542144 0.730000 0.700000
0.556044 0.726667 0.710000
0.560674 0.722222 0.720000
0.548320 0.722222 0.710000
0.547690 0.724444 0.710000
0.522062 0.727778 0.710000
0.524465 0.726667 0.710000
0.537910 0.715556 0.720000
0.525405 0.732222 0.710000
0.541999 0.730000 0.720000
0.520434 0.708889 0.690000
0.531543 0.722222 0.720000
0.536221 0.722222 0.710000
0.530158 0.731111 0.710000
0.525960 0.728889 0.700000
0.528653 0.726667 0.720000
0.532656 0.722222 0.730000
0.516350 0.733333 0.710000
0.556857 0.726667 0.710000
0.533314 0.727778 0.710000
0.548642 0.725556 0.730000
0.502706 0.736667 0.700000
0.516799 0.735556 0.690000
0.542579 0.732222 0.720000
0.534368 0.733333 0.700000
0.541322 0.721111 0.720000
0.534032 0.736667 0.700000
0.539885 0.731111 0.700000
0.536561 0.728889 0.720000
0.549111 0.735556 0.690000
0.548958 0.724444 0.720000
0.521425 0.734444 0.700000
0.540141 0.731111 0.720000
0.545325 0.692222 0.680000
0.552522 0.726667 0.720000
0.533252 0.728889 0.730000
0.545498 0.734444 0.720000
0.534475 0.728889 0.720000
0.528750 0.731111 0.730000
0.532452 0.720000 0.720000
0.554036 0.730000 0.720000
0.521317 0.731111 0.720000
0.549243 0.735556 0.710000
0.528982 0.723333 0.720000
0.536204 0.724444 0.720000
0.523290 0.721111 0.740000
0.523805 0.736667 0.700000
0.538071 0.728889 0.730000
0.538784 0.733333 0.720000
0.537127 0.725556 0.740000
0.548785 0.718889 0.730000
0.534010 0.724444 0.730000
0.551685 0.734444 0.720000
0.549466 0.727778 0.720000
0.532103 0.732222 0.700000
0.522716 0.734444 0.700000
0.525065 0.736667 0.700000
0.504447 0.734444 0.700000
0.525369 0.732222 0.700000
0.532605 0.726667 0.720000
0.534296 0.732222 0.710000
0.522145 0.733333 0.700000
0.541074 0.732222 0.710000
0.505427 0.734444 0.700000
0.536270 0.727778 0.750000
0.545154 0.726667 0.710000
0.539839 0.730000 0.720000
0.525502 0.730000 0.730000
0.535523 0.726667 0.740000
0.537171 0.728889 0.720000
0.517244 0.733333 0.710000
0.582032 0.677778 0.670000
0.596778 0.726667 0.710000
0.545989 0.728889 0.710000
0.556133 0.724444 0.700000
0.537194 0.732222 0.700000
0.533120 0.727778 0.710000
0.536903 0.732222 0.740000
0.535057 0.730000 0.720000
0.522914 0.731111 0.710000
0.534692 0.732222 0.720000
0.551106 0.736667 0.710000
0.535701 0.731111 0.710000
0.545655 0.726667 0.720000
0.539873 0.716667 0.720000
0.549987 0.728889 0.720000
0.512695 0.724444 0.720000
0.538802 0.736667 0.710000
0.510953 0.726667 0.720000
0.526188 0.732222 0.710000
0.532574 0.732222 0.710000
0.531004 0.724444 0.730000
0.543440 0.736667 0.710000
0.548668 0.730000 0.720000
0.529950 0.738889 0.710000
0.548509 0.738889 0.720000
0.528094 0.726667 0.720000
0.545775 0.731111 0.720000
0.528340 0.731111 0.710000
0.532530 0.734444 0.720000
0.529616 0.728889 0.720000
0.520097 0.732222 0.720000
0.550908 0.741111 0.720000
0.547656 0.733333 0.710000
0.529449 0.732222 0.720000
0.529442 0.727778 0.720000
0.541033 0.736667 0.710000
0.513377 0.728889 0.720000
0.534033 0.740000 0.710000
0.551708 0.732222 0.720000
0.510328 0.733333 0.720000
0.532940 0.731111 0.720000
0.519574 0.738889 0.710000
0.540707 0.728889 0.710000
0.526043 0.731111 0.720000
0.516657 0.731111 0.720000
0.516206 0.728889 0.720000
0.513197 0.734444 0.710000
0.508645 0.728889 0.720000
0.540290 0.731111 0.720000
0.523416 0.730000 0.720000
0.536401 0.736667 0.730000
0.526692 0.731111 0.720000
0.529943 0.734444 0.710000
0.524121 0.725556 0.730000
0.519389 0.731111 0.720000
0.545187 0.723333 0.710000
0.551062 0.737778 0.710000
0.536035 0.737778 0.710000
0.544416 0.734444 0.710000
0.538172 0.742222 0.710000
0.530807 0.731111 0.720000
0.535395 0.740000 0.710000
0.538662 0.734444 0.720000
0.517804 0.734444 0.710000
0.513528 0.730000 0.720000
0.517353 0.736667 0.710000
0.518218 0.733333 0.730000
0.532782 0.736667 0.710000
0.515105 0.730000 0.730000
0.526156 0.730000 0.720000
0.524744 0.724444 0.720000
0.518428 0.728889 0.720000
0.526021 0.735556 0.720000
0.528016 0.732222 0.710000
0.541897 0.737778 0.710000
0.532576 0.727778 0.710000
0.511259 0.732222 0.710000
0.545694 0.730000 0.720000
0.528362 0.735556 0.710000
0.514169 0.730000 0.720000
0.533291 0.738889 0.720000
0.535680 0.727778 0.720000
0.508505 0.735556 0.740000
0.527668 0.726667 0.730000
0.513884 0.730000 0.720000
0.536300 0.732222 0.720000
