0.743617 0.500000 0.500000
0.697429 0.500000 0.500000
0.697975 0.500000 0.500000
0.697970 0.500000 0.500000
0.697596 0.500000 0.500000
0.695892 0.500000 0.500000
0.695263 0.500000 0.500000
0.692325 0.500000 0.500000
0.696432 0.500000 0.500000
0.699457 0.500000 0.500000
0.699396 0.500000 0.500000
0.697214 0.500000 0.500000
0.698074 0.500000 0.500000
0.697599 0.500000 0.500000
0.697448 0.500000 0.500000
0.696004 0.500000 0.500000
0.698378 0.500000 0.500000
0.696686 0.500000 0.500000
0.696196 0.500000 0.500000
0.695260 0.500000 0.500000
0.697073 0.500000 0.500000
0.695734 0.500000 0.500000
0.693823 0.500000 0.500000
0.698754 0.500000 0.500000
0.697062 0.500000 0.500000
0.695310 0.500000 0.500000
0.699980 0.500000 0.500000
0.695136 0.500000 0.500000
0.695965 0.500000 0.500000
0.696588 0.500000 0.500000
0.698995 0.500000 0.500000
0.696029 0.500000 0.500000
0.699440 0.500000 0.500000
0.695734 0.500000 0.500000
0.702293 0.500000 0.500000
0.697692 0.500000 0.500000
0.698217 0.500000 0.500000
0.695784 0.500000 0.500000
0.695478 0.500000 0.500000
0.697934 0.500000 0.500000
0.697012 0.500000 0.500000
0.696396 0.500000 0.500000
0.699231 0.500000 0.500000
0.694479 0.500000 0.500000
0.697095 0.500000 0.500000
0.697288 0.500000 0.500000
0.697765 0.500000 0.500000
0.694845 0.500000 0.500000
0.693232 0.500000 0.500000
0.697096 0.500000 0.500000
0.697872 0.500000 0.500000
0.693431 0.500000 0.500000
0.695522 0.500000 0.500000
0.696736 0.500000 0.500000
0.693343 0.500000 0.500000
0.695205 0.500000 0.500000
0.693578 0.500000 0.500000
0.695207 0.500000 0.500000
0.695656 0.500000 0.500000
0.695893 0.500000 0.500000
0.694612 0.500000 0.500000
0.695339 0.500000 0.500000
0.695471 0.500000 0.500000
0.693425 0.500000 0.500000
0.694356 0.500000 0.500000
0.695420 0.500000 0.500000
0.695806 0.500000 0.500000
0.695964 0.500000 0.500000
0.697055 0.500000 0.500000
0.694060 0.500000 0.500000
0.694211 0.500000 0.500000
0.692917 0.500000 0.500000
0.697185 0.500000 0.500000
0.693477 0.500000 0.500000
0.693331 0.500000 0.500000
0.694749 0.500000 0.500000
0.692150 0.500000 0.500000
0.695192 0.500000 0.500000
0.696039 0.500000 0.500000
0.693641 0.500000 0.500000
0.693402 0.500000 0.500000
0.696076 0.500000 0.500000
0.693634 0.500000 0.500000
0.691955 0.500000 0.500000
0.698580 0.500000 0.500000
0.694028 0.500000 0.500000
0.696428 0.500000 0.500000
0.693516 0.500000 0.500000
0.692822 0.500000 0.500000
0.696832 0.500000 0.500000
0.696204 0.500000 0.500000
0.695243 0.500000 0.500000
0.694520 0.500000 0.500000
0.694927 0.500000 0.500000
0.692401 0.500000 0.500000
0.695209 0.500000 0.500000
0.694079 0.500000 0.500000
0.693674 0.500000 0.500000
0.694262 0.500000 0.500000
0.693998 0.500000 0.500000
0.694930 0.500000 0.500000
0.694160 0.500000 0.500000
0.694950 0.500000 0.500000
0.693339 0.500000 0.500000
0.694281 0.500000 0.500000
0.692263 0.500000 0.500000
0.695292 0.500000 0.500000
0.693307 0.500000 0.500000
0.693658 0.500000 0.500000
0.695799 0.500000 0.500000
0.693665 0.500000 0.500000
0.694411 0.500000 0.500000
0.693030 0.500000 0.500000
0.693255 0.500000 0.500000
0.694722 0.500000 0.500000
0.694744 0.500000 0.500000
0.694755 0.500000 0.500000
0.693123 0.500000 0.500000
0.693816 0.500000 0.500000
0.694358 0.500000 0.500000
0.694227 0.500000 0.500000
0.694101 0.500000 0.500000
0.692740 0.500000 0.500000
0.694420 0.500000 0.500000
0.694015 0.500000 0.500000
0.694084 0.500000 0.500000
0.693549 0.500000 0.500000
0.695307 0.500000 0.500000
0.694164 0.500000 0.500000
0.694001 0.500000 0.500000
0.693640 0.500000 0.500000
0.694704 0.500000 0.500000
0.694129 0.500000 0.500000
0.693691 0.500000 0.500000
0.693670 0.500000 0.500000
0.693862 0.500000 0.500000
0.694202 0.500000 0.500000
0.695637 0.500000 0.500000
0.693824 0.500000 0.500000
0.693404 0.500000 0.500000
0.695008 0.500000 0.500000
0.693815 0.500000 0.500000
0.694282 0.500000 0.500000
0.694053 0.500000 0.500000
0.694131 0.500000 0.500000
0.693900 0.500000 0.500000
0.693772 0.500000 0.500000
0.695433 0.500000 0.500000
0.693853 0.500000 0.500000
0.692856 0.500000 0.500000
0.692561 0.500000 0.500000
0.693193 0.500000 0.500000
0.692886 0.500000 0.500000
0.693954 0.500000 0.500000
0.694890 0.500000 0.500000
0.693245 0.500000 0.500000
0.694884 0.500000 0.500000
0.693118 0.500000 0.500000
0.693560 0.500000 0.500000
0.692052 0.500000 0.500000
0.693242 0.500000 0.500000
0.694730 0.500000 0.500000
0.693595 0.500000 0.500000
0.694551 0.500000 0.500000
0.692865 0.500000 0.500000
0.693728 0.500000 0.500000
0.692960 0.500000 0.500000
0.694494 0.500000 0.500000
0.692506 0.500000 0.500000
0.693447 0.500000 0.500000
0.694525 0.500000 0.500000
0.693778 0.500000 0.500000
0.694289 0.500000 0.500000
0.692764 0.500000 0.500000
0.693908 0.500000 0.500000
0.693712 0.500000 0.500000
0.694422 0.500000 0.500000
0.693479 0.500000 0.500000
0.693132 0.500000 0.500000
0.694394 0.500000 0.500000
0.693300 0.500000 0.500000
0.693060 0.500000 0.500000
0.694010 0.500000 0.500000
0.694032 0.500000 0.500000
0.693103 0.500000 0.500000
0.693422 0.500000 0.500000
0.693655 0.500000 0.500000
0.693610 0.500000 0.500000
0.693267 0.500000 0.500000
0.693430 0.500000 0.500000
0.693460 0.500000 0.500000
0.693456 0.500000 0.500000
0.692806 0.500000 0.500000
0.694120 0.500000 0.500000
0.694397 0.500000 0.500000
0.694148 0.500000 0.500000
0.693067 0.500000 0.500000
0.694140 0.500000 0.500000
0.693117 0.500000 0.500000
0.692940 0.500000 0.500000
0.693905 0.500000 0.500000
0.693772 0.500000 0.500000
0.693751 0.500000 0.500000
0.693364 0.500000 0.500000
0.693247 0.500000 0.500000
0.693232 0.500000 0.500000
0.693699 0.500000 0.500000
0.693471 0.500000 0.500000
0.692763 0.500000 0.500000
0.693190 0.500000 0.500000
0.693899 0.500000 0.500000
0.693744 0.500000 0.500000
0.693364 0.500000 0.500000
0.693558 0.500000 0.500000
0.693059 0.500000 0.500000
0.693170 0.500000 0.500000
0.693498 0.500000 0.500000
0.693231 0.500000 0.500000
0.693813 0.500000 0.500000
0.693330 0.500000 0.500000
0.692613 0.500000 0.500000
0.693020 0.500000 0.500000
0.693848 0.500000 0.500000
0.693433 0.500000 0.500000
0.693378 0.500000 0.500000
0.693772 0.500000 0.500000
0.693310 0.500000 0.500000
0.693034 0.500000 0.500000
0.693336 0.500000 0.500000
0.693868 0.500000 0.500000
0.694072 0.500000 0.500000
0.693707 0.500000 0.500000
0.694241 0.500000 0.500000
0.693494 0.500000 0.500000
0.692058 0.500000 0.500000
0.694337 0.500000 0.500000
0.693503 0.500000 0.500000
0.693111 0.500000 0.500000
0.693437 0.500000 0.500000
0.693352 0.500000 0.500000
0.693562 0.500000 0.500000
0.693966 0.500000 0.500000
0.693004 0.500000 0.500000
0.692581 0.500000 0.500000
0.694461 0.500000 0.500000
0.693331 0.500000 0.500000
0.693969 0.500000 0.500000
0.692640 0.500000 0.500000
0.693767 0.500000 0.500000
0.693555 0.500000 0.500000
0.693203 0.500000 0.500000
0.693385 0.500000 0.500000
0.693176 0.500000 0.500000
0.693493 0.500000 0.500000
0.693451 0.500000 0.500000
0.693517 0.500000 0.500000
0.693007 0.500000 0.500000
0.692955 0.500000 0.500000
0.693825 0.500000 0.500000
0.693038 0.500000 0.500000
0.693680 0.500000 0.500000
0.692972 0.500000 0.500000
0.692974 0.500000 0.500000
0.692820 0.500000 0.500000
0.693583 0.500000 0.500000
0.693539 0.500000 0.500000
0.693234 0.500000 0.500000
0.692223 0.500000 0.500000
0.693190 0.500000 0.500000
0.693394 0.500000 0.500000
0.693378 0.500000 0.500000
0.693865 0.500000 0.500000
0.693538 0.500000 0.500000
0.693470 0.500000 0.500000
0.692940 0.500000 0.500000
0.692854 0.500000 0.500000
0.693995 0.500000 0.500000
0.692926 0.500000 0.500000
0.693368 0.500000 0.500000
0.693085 0.500000 0.500000
0.693042 0.500000 0.500000
0.693667 0.500000 0.500000
0.692888 0.500000 0.500000
0.692989 0.500000 0.500000
0.693318 0.500000 0.500000
0.693011 0.500000 0.500000
0.693535 0.500000 0.500000
0.693540 0.500000 0.500000
0.693296 0.500000 0.500000
0.693505 0.500000 0.500000
0.693633 0.500000 0.500000
0.693037 0.500000 0.500000
0.693620 0.500000 0.500000
0.693042 0.500000 0.500000
0.693262 0.500000 0.500000
0.693234 0.500000 0.500000
0.693025 0.500000 0.500000
0.693468 0.500000 0.500000
0.693411 0.500000 0.500000
0.692680 0.500000 0.500000
0.692761 0.500000 0.500000
0.692943 0.500000 0.500000
0.693612 0.500000 0.500000
0.693560 0.500000 0.500000
0.693402 0.500000 0.500000
0.692612 0.500000 0.500000
0.693182 0.500000 0.500000
0.693075 0.500000 0.500000
0.692096 0.500000 0.500000
0.693000 0.500000 0.500000
0.693132 0.500000 0.500000
0.693539 0.500000 0.500000
0.692741 0.500000 0.500000
0.692980 0.500000 0.500000
0.693316 0.500000 0.500000
0.693032 0.500000 0.500000
0.692908 0.500000 0.500000
0.692776 0.500000 0.500000
0.693618 0.500000 0.500000
0.692887 0.500000 0.500000
0.692990 0.500000 0.500000
0.693409 0.500000 0.500000
0.693421 0.500000 0.500000
0.692410 0.500000 0.500000
0.693374 0.500000 0.500000
0.693875 0.500000 0.500000
0.692527 0.500000 0.500000
0.693277 0.500000 0.500000
0.693025 0.500000 0.500000
0.693256 0.500000 0.500000
0.693604 0.500000 0.500000
0.692951 0.500000 0.500000
0.693887 0.500000 0.500000
0.693881 0.500000 0.500000
0.692766 0.500000 0.500000
0.693464 0.500000 0.500000
0.693390 0.500000 0.500000
0.692980 0.500000 0.500000
0.693351 0.500000 0.500000
0.693674 0.500000 0.500000
0.693271 0.500000 0.500000
0.693006 0.500000 0.500000
0.693206 0.500000 0.500000
0.693308 0.500000 0.500000
0.693062 0.500000 0.500000
0.692748 0.500000 0.500000
0.693629 0.500000 0.500000
0.692853 0.500000 0.500000
0.693144 0.500000 0.500000
0.693801 0.500000 0.500000
