1.260232 0.500000 0.500000
0.863025 0.500000 0.500000
0.764808 0.500000 0.500000
0.726912 0.500000 0.500000
0.731016 0.500000 0.500000
0.727788 0.500000 0.500000
0.715540 0.500000 0.500000
0.706309 0.500000 0.500000
0.703190 0.500000 0.500000
0.710444 0.500000 0.500000
0.713526 0.500000 0.500000
0.703104 0.500000 0.500000
0.700903 0.500000 0.500000
0.699308 0.500000 0.500000
0.701408 0.500000 0.500000
0.697306 0.500000 0.500000
0.701875 0.500000 0.500000
0.698765 0.500000 0.500000
0.699029 0.500000 0.500000
0.693401 0.500000 0.500000
0.688848 0.500000 0.500000
0.696392 0.500000 0.500000
0.698820 0.500000 0.500000
0.698917 0.500000 0.500000
0.697204 0.500000 0.500000
0.700420 0.500000 0.500000
0.701002 0.500000 0.500000
0.697211 0.500000 0.500000
0.696359 0.500000 0.500000
0.698639 0.500000 0.500000
0.701179 0.500000 0.500000
0.695542 0.500000 0.500000
0.700377 0.500000 0.500000
0.697748 0.500000 0.500000
0.702856 0.500000 0.500000
0.699659 0.500000 0.500000
0.698615 0.500000 0.500000
0.695618 0.500000 0.500000
0.694050 0.500000 0.500000
0.702348 0.500000 0.500000
0.696710 0.500000 0.500000
0.695827 0.500000 0.500000
0.698405 0.500000 0.500000
0.695103 0.500000 0.500000
0.698757 0.500000 0.500000
0.699014 0.500000 0.500000
0.698830 0.500000 0.500000
0.694015 0.500000 0.500000
0.693048 0.500000 0.500000
0.695738 0.500000 0.500000
0.697704 0.500000 0.500000
0.693074 0.500000 0.500000
0.697514 0.500000 0.500000
0.693411 0.500000 0.500000
0.691172 0.500000 0.500000
0.694174 0.500000 0.500000
0.699009 0.500000 0.500000
0.695151 0.500000 0.500000
0.695863 0.500000 0.500000
0.696849 0.500000 0.500000
0.695732 0.500000 0.500000
0.696523 0.500000 0.500000
0.694784 0.500000 0.500000
0.693609 0.500000 0.500000
0.696445 0.500000 0.500000
0.695722 0.500000 0.500000
0.695611 0.500000 0.500000
0.695654 0.500000 0.500000
0.697194 0.500000 0.500000
0.694159 0.500000 0.500000
0.692757 0.500000 0.500000
0.690639 0.500000 0.500000
0.698486 0.500000 0.500000
0.691109 0.500000 0.500000
0.692401 0.500000 0.500000
0.694323 0.500000 0.500000
0.692197 0.500000 0.500000
0.694428 0.500000 0.500000
0.694362 0.500000 0.500000
0.691831 0.500000 0.500000
0.692351 0.500000 0.500000
0.696440 0.500000 0.500000
0.692064 0.500000 0.500000
0.689387 0.500000 0.500000
0.701681 0.500000 0.500000
0.693558 0.500000 0.500000
0.697596 0.500000 0.500000
0.694042 0.500000 0.500000
0.692644 0.500000 0.500000
0.695748 0.500000 0.500000
0.696090 0.500000 0.500000
0.692831 0.500000 0.500000
0.694296 0.500000 0.500000
0.694433 0.500000 0.500000
0.687822 0.500000 0.500000
0.692317 0.500000 0.500000
0.696503 0.500000 0.500000
0.693271 0.500000 0.500000
0.694881 0.500000 0.500000
0.691369 0.500000 0.500000
0.692761 0.500000 0.500000
0.696019 0.500000 0.500000
0.694678 0.500000 0.500000
0.691871 0.500000 0.500000
0.694113 0.500000 0.500000
0.689305 0.500000 0.500000
0.694283 0.500000 0.500000
0.691553 0.500000 0.500000
0.692956 0.500000 0.500000
0.694063 0.500000 0.500000
0.692180 0.500000 0.500000
0.692280 0.500000 0.500000
0.692679 0.500000 0.500000
0.691868 0.500000 0.500000
0.692553 0.500000 0.500000
0.694209 0.500000 0.500000
0.694000 0.500000 0.500000
0.693699 0.500000 0.500000
0.694006 0.500000 0.500000
0.694163 0.500000 0.500000
0.692589 0.500000 0.500000
0.692630 0.500000 0.500000
0.692086 0.500000 0.500000
0.693782 0.500000 0.500000
0.691677 0.500000 0.500000
0.694197 0.500000 0.500000
0.692358 0.500000 0.500000
0.692342 0.500000 0.500000
0.693902 0.500000 0.500000
0.694195 0.500000 0.500000
0.694772 0.500000 0.500000
0.695985 0.500000 0.500000
0.694779 0.500000 0.500000
0.693280 0.500000 0.500000
0.694458 0.500000 0.500000
0.694562 0.500000 0.500000
0.693675 0.500000 0.500000
0.694840 0.500000 0.500000
0.694299 0.500000 0.500000
0.692258 0.500000 0.500000
0.692720 0.500000 0.500000
0.690636 0.500000 0.500000
0.688644 0.500000 0.500000
0.692495 0.500000 0.500000
0.694991 0.500000 0.500000
0.691677 0.500000 0.500000
0.693951 0.500000 0.500000
0.693590 0.500000 0.500000
0.685228 0.500000 0.500000
0.691372 0.500000 0.500000
0.689929 0.500000 0.500000
0.686043 0.500000 0.500000
0.688907 0.500000 0.500000
0.689529 0.500000 0.500000
0.695921 0.500000 0.500000
0.692169 0.500000 0.500000
0.690048 0.500000 0.500000
0.690524 0.500000 0.500000
0.689190 0.500000 0.500000
0.691272 0.500000 0.500000
0.689915 0.500000 0.500000
0.688470 0.500000 0.500000
0.690056 0.500000 0.500000
0.690309 0.500000 0.500000
0.692934 0.500000 0.500000
0.693137 0.500000 0.500000
0.692612 0.500000 0.500000
0.693681 0.500000 0.500000
0.691532 0.500000 0.500000
0.691197 0.500000 0.500000
0.692491 0.500000 0.500000
0.692065 0.500000 0.500000
0.692576 0.500000 0.500000
0.688585 0.500000 0.500000
0.688336 0.500000 0.500000
0.688911 0.500000 0.500000
0.692423 0.500000 0.500000
0.691941 0.500000 0.500000
0.690190 0.500000 0.500000
0.695159 0.500000 0.500000
0.694052 0.500000 0.500000
0.690620 0.500000 0.500000
0.694362 0.500000 0.500000
0.691165 0.500000 0.500000
0.692151 0.500000 0.500000
0.694344 0.500000 0.500000
0.693070 0.500000 0.500000
0.691149 0.500000 0.500000
0.691257 0.500000 0.500000
0.687489 0.500000 0.500000
0.686970 0.500000 0.500000
0.687599 0.500000 0.500000
0.678552 0.500000 0.500000
0.680661 0.500000 0.500000
0.688184 0.500000 0.500000
0.689239 0.500000 0.500000
0.679803 0.500000 0.500000
0.688829 0.500000 0.500000
0.685548 0.500000 0.500000
0.684220 0.500000 0.500000
0.687345 0.500000 0.500000
0.686094 0.500000 0.500000
0.686781 0.500000 0.500000
0.692651 0.500000 0.500000
0.687028 0.500000 0.500000
0.680984 0.500000 0.500000
0.684564 0.500000 0.500000
0.682601 0.500000 0.500000
0.681700 0.500000 0.500000
0.685831 0.500000 0.500000
0.691329 0.500000 0.500000
0.691031 0.500000 0.500000
0.685303 0.500000 0.500000
0.686387 0.500000 0.500000
0.674592 0.500000 0.500000
0.684595 0.500000 0.500000
0.687425 0.500000 0.500000
0.683367 0.500000 0.500000
0.684299 0.500000 0.500000
0.688205 0.500000 0.500000
0.690657 0.500000 0.500000
0.687371 0.500000 0.500000
0.684914 0.500000 0.500000
0.689590 0.500000 0.500000
0.686122 0.500000 0.500000
0.686107 0.500000 0.500000
0.687782 0.500000 0.500000
0.684453 0.500000 0.500000
0.680228 0.500000 0.500000
0.679321 0.500000 0.500000
0.685646 0.500000 0.500000
0.684682 0.500000 0.500000
0.683277 0.500000 0.500000
0.683322 0.500000 0.500000
0.682940 0.500000 0.500000
0.687823 0.500000 0.500000
0.685436 0.500000 0.500000
0.687703 0.500000 0.500000
0.684157 0.500000 0.500000
0.682195 0.500000 0.500000
0.680950 0.500000 0.500000
0.679982 0.500000 0.500000
0.680777 0.500000 0.500000
0.681469 0.500000 0.500000
0.688046 0.500000 0.500000
0.687828 0.500000 0.500000
0.685423 0.500000 0.500000
0.675882 0.500000 0.500000
0.680162 0.500000 0.500000
0.681630 0.500000 0.500000
0.677405 0.500000 0.500000
0.690792 0.500000 0.500000
0.683173 0.500000 0.500000
0.684562 0.500000 0.500000
0.679462 0.500000 0.500000
0.688259 0.500000 0.500000
0.685374 0.500000 0.500000
0.686289 0.500000 0.500000
0.689352 0.500000 0.500000
0.682152 0.500000 0.500000
0.687664 0.500000 0.500000
0.681281 0.500000 0.500000
0.686273 0.500000 0.500000
0.681295 0.500000 0.500000
0.687304 0.500000 0.500000
0.690707 0.500000 0.500000
0.683867 0.500000 0.500000
0.689707 0.500000 0.500000
0.685468 0.500000 0.500000
0.684633 0.500000 0.500000
0.688550 0.500000 0.500000
0.688113 0.500000 0.500000
0.684287 0.500000 0.500000
0.690156 0.500000 0.500000
0.689210 0.500000 0.500000
0.679870 0.500000 0.500000
0.684078 0.500000 0.500000
0.679836 0.500000 0.500000
0.682330 0.500000 0.500000
0.684233 0.500000 0.500000
0.681488 0.500000 0.500000
0.682860 0.500000 0.500000
0.682268 0.500000 0.500000
0.684101 0.500000 0.500000
0.690426 0.500000 0.500000
0.683392 0.500000 0.500000
0.688913 0.500000 0.500000
0.685913 0.500000 0.500000
0.682755 0.500000 0.500000
0.685010 0.500000 0.500000
0.681514 0.500000 0.500000
0.684643 0.500000 0.500000
0.682702 0.500000 0.500000
0.682732 0.500000 0.500000
0.683252 0.500000 0.500000
0.686803 0.500000 0.500000
0.677800 0.500000 0.500000
0.681231 0.500000 0.500000
0.681272 0.500000 0.500000
0.686241 0.500000 0.500000
0.686080 0.500000 0.500000
0.685063 0.500000 0.500000
0.676178 0.500000 0.500000
0.686520 0.500000 0.500000
0.677117 0.500000 0.500000
0.684536 0.500000 0.500000
0.681819 0.500000 0.500000
0.679390 0.500000 0.500000
0.671538 0.500000 0.500000
0.686667 0.500000 0.500000
0.678320 0.500000 0.500000
0.677221 0.500000 0.500000
0.683861 0.500000 0.500000
0.683751 0.500000 0.500000
0.676223 0.500000 0.500000
0.676330 0.500000 0.500000
0.675149 0.500000 0.500000
0.675961 0.500000 0.500000
0.684648 0.500000 0.500000
0.686245 0.500000 0.500000
0.681678 0.500000 0.500000
0.681961 0.500000 0.500000
0.679487 0.500000 0.500000
0.674152 0.500000 0.500000
0.681084 0.500000 0.500000
0.683686 0.500000 0.500000
0.676227 0.500000 0.500000
0.678680 0.500000 0.500000
0.686309 0.500000 0.500000
0.683721 0.500000 0.500000
0.672974 0.500000 0.500000
0.682450 0.500000 0.500000
0.680042 0.500000 0.500000
0.681126 0.500000 0.500000
0.687433 0.500000 0.500000
0.672323 0.500000 0.500000
0.676344 0.500000 0.500000
0.685936 0.500000 0.500000
0.680865 0.500000 0.500000
0.687274 0.500000 0.500000
0.682915 0.500000 0.500000
0.683904 0.500000 0.500000
0.681653 0.500000 0.500000
0.683564 0.500000 0.500000
0.678692 0.500000 0.500000
0.676893 0.500000 0.500000
0.680345 0.500000 0.500000
0.683576 0.500000 0.500000
0.680646 0.500000 0.500000
0.681115 0.500000 0.500000
