0.998577 0.718889 0.700000
0.761145 0.688889 0.700000
0.674315 0.664444 0.680000
0.716606 0.690000 0.690000
0.643873 0.694444 0.700000
0.637726 0.697778 0.700000
0.628781 0.706667 0.710000
0.608278 0.706667 0.710000
0.603602 0.710000 0.720000
0.633768 0.721111 0.710000
0.652684 0.700000 0.700000
0.628636 0.716667 0.710000
0.611382 0.696667 0.690000
0.601725 0.704444 0.700000
0.626204 0.707778 0.710000
0.609019 0.704444 0.690000
0.591939 0.661111 0.640000
0.616396 0.693333 0.680000
0.623703 0.708889 0.680000
0.608009 0.694444 0.670000
0.612144 0.718889 0.700000
0.590176 0.697778 0.700000
0.597418 0.707778 0.700000
0.607779 0.690000 0.670000
0.609427 0.658889 0.700000
0.621790 0.697778 0.700000
0.604863 0.720000 0.710000
0.577998 0.715556 0.700000
0.588791 0.661111 0.650000
0.587347 0.720000 0.700000
0.599652 0.711111 0.720000
0.564835 0.685556 0.660000
0.632806 0.703333 0.710000
0.633632 0.714444 0.700000
0.608412 0.668889 0.680000
0.609632 0.710000 0.710000
0.620423 0.704444 0.720000
0.583207 0.725556 0.680000
0.584275 0.707778 0.710000
0.606598 0.713333 0.710000
0.586522 0.713333 0.720000
0.593350 0.710000 0.700000
0.575202 0.710000 0.720000
0.599151 0.713333 0.720000
0.563771 0.696667 0.690000
0.578697 0.713333 0.680000
0.578604 0.694444 0.660000
0.592700 0.702222 0.710000
0.606948 0.713333 0.710000
0.580232 0.706667 0.710000
0.596818 0.712222 0.710000
0.585875 0.713333 0.710000
0.576814 0.704444 0.700000
0.565670 0.712222 0.680000
0.581662 0.728889 0.690000
0.570099 0.716667 0.700000
0.582045 0.713333 0.700000
0.564510 0.720000 0.690000
0.569300 0.695556 0.690000
0.554318 0.728889 0.690000
0.562236 0.727778 0.680000
0.562481 0.722222 0.690000
0.564509 0.700000 0.700000
0.558895 0.717778 0.670000
0.573847 0.717778 0.680000
0.561336 0.711111 0.680000
0.550484 0.725556 0.670000
0.558987 0.712222 0.700000
0.549879 0.717778 0.710000
0.539381 0.712222 0.700000
0.570457 0.716667 0.700000
0.568932 0.676667 0.670000
0.553258 0.720000 0.690000
0.571363 0.716667 0.700000
0.543606 0.705556 0.700000
0.580634 0.713333 0.700000
0.548684 0.715556 0.700000
0.560108 0.725556 0.680000
0.550743 0.664444 0.640000
0.564339 0.687778 0.650000
0.560109 0.723333 0.690000
0.530223 0.733333 0.700000
0.571303 0.694444 0.670000
0.547190 0.720000 0.720000
0.550574 0.721111 0.670000
0.542129 0.726667 0.700000
0.551236 0.716667 0.710000
0.551401 0.730000 0.670000
0.542367 0.733333 0.680000
0.558300 0.701111 0.680000
0.555415 0.665556 0.650000
0.600595 0.718889 0.690000
0.568639 0.732222 0.680000
0.525614 0.730000 0.700000
0.547671 0.708889 0.700000
0.549162 0.734444 0.680000
0.564336 0.721111 0.720000
0.574983 0.721111 0.710000
0.569253 0.720000 0.680000
0.551173 0.723333 0.710000
0.544510 0.722222 0.700000
0.551651 0.727778 0.710000
0.549680 0.722222 0.700000
0.528542 0.717778 0.720000
0.555204 0.708889 0.710000
0.568041 0.730000 0.680000
0.524556 0.737778 0.700000
0.548016 0.730000 0.710000
0.539268 0.728889 0.710000
0.535211 0.724444 0.710000
0.529228 0.737778 0.700000
0.543882 0.728889 0.690000
0.548594 0.733333 0.700000
0.517696 0.718889 0.710000
0.537736 0.731111 0.700000
0.551776 0.725556 0.690000
0.527390 0.701111 0.720000
0.555125 0.727778 0.720000
0.531431 0.724444 0.700000
0.537658 0.732222 0.700000
0.607803 0.716667 0.720000
0.557998 0.737778 0.710000
0.553383 0.722222 0.720000
0.555702 0.727778 0.700000
0.551711 0.736667 0.720000
0.536676 0.733333 0.710000
0.540353 0.711111 0.700000
0.537752 0.725556 0.700000
0.535946 0.726667 0.720000
0.520336 0.721111 0.710000
0.549866 0.727778 0.730000
0.553779 0.742222 0.690000
0.526384 0.726667 0.690000
0.528859 0.725556 0.730000
0.525439 0.725556 0.700000
0.529181 0.724444 0.710000
0.532367 0.740000 0.730000
0.524873 0.727778 0.700000
0.539633 0.723333 0.700000
0.535993 0.724444 0.720000
0.539698 0.728889 0.720000
0.531004 0.740000 0.730000
0.531776 0.727778 0.720000
0.525007 0.717778 0.730000
0.529368 0.738889 0.710000
0.541963 0.721111 0.700000
0.553223 0.736667 0.720000
0.535258 0.724444 0.740000
0.528531 0.735556 0.740000
0.523753 0.718889 0.710000
0.512925 0.737778 0.720000
0.538944 0.740000 0.720000
0.538008 0.737778 0.720000
0.523256 0.728889 0.710000
0.536546 0.728889 0.700000
0.529947 0.724444 0.740000
0.552887 0.728889 0.720000
0.520162 0.710000 0.690000
0.534062 0.727778 0.760000
0.543686 0.720000 0.720000
0.513945 0.737778 0.700000
0.526133 0.742222 0.720000
0.526285 0.730000 0.700000
0.517264 0.730000 0.720000
0.531217 0.737778 0.720000
0.519206 0.732222 0.720000
0.530320 0.731111 0.710000
0.524557 0.732222 0.710000
0.535670 0.726667 0.710000
0.520591 0.730000 0.710000
0.529211 0.737778 0.710000
0.518961 0.742222 0.710000
0.512719 0.728889 0.690000
0.529010 0.741111 0.720000
0.537164 0.738889 0.730000
0.525863 0.743333 0.710000
0.512564 0.731111 0.700000
0.523629 0.732222 0.720000
0.518311 0.738889 0.720000
0.531202 0.740000 0.710000
0.505061 0.731111 0.690000
0.542031 0.725556 0.710000
0.544635 0.732222 0.720000
0.531499 0.734444 0.720000
0.522650 0.727778 0.710000
0.509845 0.735556 0.710000
0.513312 0.738889 0.710000
0.513905 0.732222 0.730000
0.514322 0.726667 0.730000
0.521191 0.742222 0.730000
0.531504 0.711111 0.730000
0.523349 0.734444 0.710000
0.529767 0.726667 0.730000
0.517249 0.728889 0.720000
0.542897 0.726667 0.730000
0.542858 0.720000 0.680000
0.534590 0.730000 0.730000
0.527804 0.717778 0.710000
0.502890 0.730000 0.750000
0.516994 0.726667 0.740000
0.521536 0.715556 0.730000
0.514288 0.745556 0.730000
0.515011 0.734444 0.710000
0.507063 0.727778 0.730000
0.512030 0.728889 0.730000
0.521266 0.720000 0.720000
0.514910 0.728889 0.700000
0.500705 0.732222 0.720000
0.518537 0.738889 0.720000
0.514051 0.733333 0.710000
0.500768 0.744444 0.710000
0.537388 0.728889 0.710000
0.508786 0.733333 0.720000
0.531884 0.738889 0.730000
0.491596 0.740000 0.720000
0.495410 0.745556 0.710000
0.527034 0.741111 0.720000
0.512969 0.740000 0.740000
0.530273 0.721111 0.690000
0.515125 0.736667 0.720000
0.521333 0.738889 0.720000
0.529390 0.735556 0.710000
0.540381 0.732222 0.720000
0.524446 0.713333 0.730000
0.507138 0.737778 0.730000
0.531041 0.732222 0.740000
0.530200 0.730000 0.710000
0.542588 0.721111 0.690000
0.518745 0.742222 0.720000
0.527318 0.744444 0.740000
0.525190 0.738889 0.700000
0.505315 0.734444 0.720000
0.518049 0.715556 0.720000
0.530685 0.738889 0.730000
0.502185 0.742222 0.720000
0.531195 0.740000 0.730000
0.512904 0.716667 0.730000
0.518784 0.736667 0.700000
0.508015 0.718889 0.710000
0.513432 0.733333 0.700000
0.521663 0.728889 0.740000
0.531562 0.738889 0.710000
0.527226 0.720000 0.730000
0.529513 0.731111 0.710000
0.517543 0.722222 0.730000
0.533227 0.725556 0.730000
0.542012 0.734444 0.710000
0.510113 0.734444 0.730000
0.503192 0.731111 0.710000
0.505311 0.726667 0.710000
0.485596 0.732222 0.730000
0.518911 0.735556 0.700000
0.520525 0.725556 0.730000
0.522594 0.728889 0.710000
0.505846 0.742222 0.720000
0.530602 0.725556 0.710000
0.489566 0.735556 0.720000
0.512560 0.726667 0.710000
0.524088 0.724444 0.700000
0.511287 0.725556 0.720000
0.499012 0.724444 0.720000
0.509452 0.728889 0.710000
0.518580 0.728889 0.730000
0.504380 0.736667 0.730000
0.534315 0.733333 0.730000
0.513077 0.727778 0.710000
0.518648 0.722222 0.690000
0.516067 0.715556 0.710000
0.505992 0.741111 0.730000
0.505717 0.730000 0.730000
0.516680 0.732222 0.730000
0.513774 0.731111 0.720000
0.501272 0.735556 0.720000
0.513934 0.735556 0.700000
0.530563 0.738889 0.710000
0.512222 0.735556 0.730000
0.514729 0.724444 0.720000
0.515839 0.711111 0.720000
0.515063 0.720000 0.700000
0.495100 0.713333 0.720000
0.516252 0.741111 0.740000
0.485244 0.715556 0.710000
0.512697 0.723333 0.720000
0.521945 0.737778 0.720000
0.506310 0.727778 0.730000
0.533300 0.738889 0.720000
0.521581 0.736667 0.720000
0.504224 0.735556 0.710000
0.523651 0.738889 0.710000
0.507575 0.725556 0.710000
0.522182 0.718889 0.720000
0.508123 0.726667 0.720000
0.516994 0.732222 0.710000
0.506041 0.726667 0.720000
0.501769 0.737778 0.720000
0.534892 0.738889 0.720000
0.528597 0.737778 0.720000
0.510784 0.728889 0.720000
0.516884 0.723333 0.700000
0.512635 0.738889 0.710000
0.498462 0.736667 0.730000
0.519440 0.738889 0.710000
0.538027 0.722222 0.690000
0.492158 0.731111 0.720000
0.518450 0.736667 0.720000
0.502349 0.744444 0.730000
0.520049 0.718889 0.710000
0.508277 0.731111 0.720000
0.481849 0.735556 0.720000
0.487909 0.733333 0.730000
0.506544 0.737778 0.710000
0.491825 0.732222 0.700000
0.515601 0.728889 0.700000
0.506385 0.734444 0.710000
0.527100 0.744444 0.720000
0.506292 0.734444 0.730000
0.506231 0.736667 0.730000
0.506930 0.736667 0.730000
0.493599 0.733333 0.720000
0.519048 0.718889 0.700000
0.535996 0.735556 0.710000
0.516653 0.732222 0.730000
0.534266 0.742222 0.710000
0.527980 0.735556 0.700000
0.517191 0.727778 0.700000
0.510302 0.742222 0.730000
0.508969 0.742222 0.720000
0.489963 0.744444 0.720000
0.496823 0.732222 0.710000
0.497706 0.745556 0.710000
0.501506 0.736667 0.730000
0.513008 0.731111 0.700000
0.482116 0.733333 0.690000
0.512493 0.738889 0.710000
0.508185 0.720000 0.690000
0.495794 0.731111 0.700000
0.503180 0.738889 0.730000
0.512835 0.738889 0.730000
0.522721 0.738889 0.710000
0.514950 0.726667 0.690000
0.500848 0.726667 0.690000
0.542615 0.723333 0.700000
0.508864 0.736667 0.720000
0.491677 0.735556 0.730000
0.514722 0.738889 0.720000
0.514498 0.727778 0.690000
0.502923 0.734444 0.710000
0.504826 0.725556 0.710000
0.496844 0.724444 0.710000
0.525466 0.732222 0.720000
