1.087807 0.500000 0.500000
0.806404 0.500000 0.500000
0.718414 0.500000 0.500000
0.700433 0.500000 0.500000
0.698364 0.500000 0.500000
0.696488 0.500000 0.500000
0.696140 0.500000 0.500000
0.692487 0.500000 0.500000
0.696994 0.500000 0.500000
0.700266 0.500000 0.500000
0.700734 0.500000 0.500000
0.697598 0.500000 0.500000
0.698362 0.500000 0.500000
0.698003 0.500000 0.500000
0.697690 0.500000 0.500000
0.696569 0.500000 0.500000
0.698823 0.500000 0.500000
0.697066 0.500000 0.500000
0.696634 0.500000 0.500000
0.695577 0.500000 0.500000
0.697284 0.500000 0.500000
0.695931 0.500000 0.500000
0.694627 0.500000 0.500000
0.698819 0.500000 0.500000
0.697345 0.500000 0.500000
0.695552 0.500000 0.500000
0.700585 0.500000 0.500000
0.695813 0.500000 0.500000
0.696665 0.500000 0.500000
0.697105 0.500000 0.500000
0.699692 0.500000 0.500000
0.696650 0.500000 0.500000
0.700199 0.500000 0.500000
0.696872 0.500000 0.500000
0.702999 0.500000 0.500000
0.698799 0.500000 0.500000
0.698581 0.500000 0.500000
0.696637 0.500000 0.500000
0.696036 0.500000 0.500000
0.699132 0.500000 0.500000
0.697963 0.500000 0.500000
0.696795 0.500000 0.500000
0.700292 0.500000 0.500000
0.694669 0.500000 0.500000
0.697720 0.500000 0.500000
0.697534 0.500000 0.500000
0.698496 0.500000 0.500000
0.695119 0.500000 0.500000
0.693006 0.500000 0.500000
0.697972 0.500000 0.500000
0.697819 0.500000 0.500000
0.693578 0.500000 0.500000
0.695799 0.500000 0.500000
0.696953 0.500000 0.500000
0.693385 0.500000 0.500000
0.695486 0.500000 0.500000
0.693946 0.500000 0.500000
0.695595 0.500000 0.500000
0.695881 0.500000 0.500000
0.695813 0.500000 0.500000
0.694971 0.500000 0.500000
0.695550 0.500000 0.500000
0.695828 0.500000 0.500000
0.693990 0.500000 0.500000
0.694684 0.500000 0.500000
0.695772 0.500000 0.500000
0.696175 0.500000 0.500000
0.696314 0.500000 0.500000
0.697496 0.500000 0.500000
0.694161 0.500000 0.500000
0.694495 0.500000 0.500000
0.692745 0.500000 0.500000
0.697749 0.500000 0.500000
0.693590 0.500000 0.500000
0.693547 0.500000 0.500000
0.694747 0.500000 0.500000
0.691951 0.500000 0.500000
0.695473 0.500000 0.500000
0.696488 0.500000 0.500000
0.694083 0.500000 0.500000
0.693370 0.500000 0.500000
0.696421 0.500000 0.500000
0.693629 0.500000 0.500000
0.692489 0.500000 0.500000
0.698829 0.500000 0.500000
0.694012 0.500000 0.500000
0.697229 0.500000 0.500000
0.693642 0.500000 0.500000
0.692882 0.500000 0.500000
0.696739 0.500000 0.500000
0.696185 0.500000 0.500000
0.695433 0.500000 0.500000
0.694870 0.500000 0.500000
0.694937 0.500000 0.500000
0.692620 0.500000 0.500000
0.695095 0.500000 0.500000
0.694075 0.500000 0.500000
0.693911 0.500000 0.500000
0.694697 0.500000 0.500000
0.693738 0.500000 0.500000
0.695283 0.500000 0.500000
0.694391 0.500000 0.500000
0.695213 0.500000 0.500000
0.693424 0.500000 0.500000
0.694355 0.500000 0.500000
0.692310 0.500000 0.500000
0.695247 0.500000 0.500000
0.693561 0.500000 0.500000
0.693622 0.500000 0.500000
0.695817 0.500000 0.500000
0.694131 0.500000 0.500000
0.694426 0.500000 0.500000
0.692908 0.500000 0.500000
0.693241 0.500000 0.500000
0.694724 0.500000 0.500000
0.694862 0.500000 0.500000
0.694911 0.500000 0.500000
0.693181 0.500000 0.500000
0.693625 0.500000 0.500000
0.694392 0.500000 0.500000
0.694049 0.500000 0.500000
0.694163 0.500000 0.500000
0.692842 0.500000 0.500000
0.694707 0.500000 0.500000
0.693999 0.500000 0.500000
0.694218 0.500000 0.500000
0.693532 0.500000 0.500000
0.695574 0.500000 0.500000
0.694224 0.500000 0.500000
0.694006 0.500000 0.500000
0.693712 0.500000 0.500000
0.695175 0.500000 0.500000
0.694331 0.500000 0.500000
0.693868 0.500000 0.500000
0.693516 0.500000 0.500000
0.693759 0.500000 0.500000
0.694487 0.500000 0.500000
0.695878 0.500000 0.500000
0.693859 0.500000 0.500000
0.693398 0.500000 0.500000
0.695081 0.500000 0.500000
0.693979 0.500000 0.500000
0.694495 0.500000 0.500000
0.694080 0.500000 0.500000
0.694038 0.500000 0.500000
0.694283 0.500000 0.500000
0.693767 0.500000 0.500000
0.695807 0.500000 0.500000
0.694087 0.500000 0.500000
0.692884 0.500000 0.500000
0.692606 0.500000 0.500000
0.693106 0.500000 0.500000
0.692886 0.500000 0.500000
0.694073 0.500000 0.500000
0.694985 0.500000 0.500000
0.693330 0.500000 0.500000
0.694965 0.500000 0.500000
0.693174 0.500000 0.500000
0.693384 0.500000 0.500000
0.692195 0.500000 0.500000
0.693167 0.500000 0.500000
0.694898 0.500000 0.500000
0.693669 0.500000 0.500000
0.694752 0.500000 0.500000
0.692795 0.500000 0.500000
0.693691 0.500000 0.500000
0.693175 0.500000 0.500000
0.694422 0.500000 0.500000
0.692468 0.500000 0.500000
0.693493 0.500000 0.500000
0.694804 0.500000 0.500000
0.693964 0.500000 0.500000
0.694364 0.500000 0.500000
0.692803 0.500000 0.500000
0.693954 0.500000 0.500000
0.693803 0.500000 0.500000
0.694439 0.500000 0.500000
0.693564 0.500000 0.500000
0.693188 0.500000 0.500000
0.694548 0.500000 0.500000
0.693269 0.500000 0.500000
0.693037 0.500000 0.500000
0.694195 0.500000 0.500000
0.694153 0.500000 0.500000
0.693180 0.500000 0.500000
0.693475 0.500000 0.500000
0.693836 0.500000 0.500000
0.693697 0.500000 0.500000
0.693301 0.500000 0.500000
0.693375 0.500000 0.500000
0.693624 0.500000 0.500000
0.693553 0.500000 0.500000
0.692738 0.500000 0.500000
0.694085 0.500000 0.500000
0.694601 0.500000 0.500000
0.694161 0.500000 0.500000
0.693035 0.500000 0.500000
0.694307 0.500000 0.500000
0.693107 0.500000 0.500000
0.693017 0.500000 0.500000
0.693889 0.500000 0.500000
0.693787 0.500000 0.500000
0.693671 0.500000 0.500000
0.693244 0.500000 0.500000
0.693260 0.500000 0.500000
0.693299 0.500000 0.500000
0.693866 0.500000 0.500000
0.693523 0.500000 0.500000
0.692799 0.500000 0.500000
0.693182 0.500000 0.500000
0.693954 0.500000 0.500000
0.693826 0.500000 0.500000
0.693335 0.500000 0.500000
0.693545 0.500000 0.500000
0.693117 0.500000 0.500000
0.693212 0.500000 0.500000
0.693501 0.500000 0.500000
0.693132 0.500000 0.500000
0.694010 0.500000 0.500000
0.693316 0.500000 0.500000
0.692538 0.500000 0.500000
0.693137 0.500000 0.500000
0.694000 0.500000 0.500000
0.693440 0.500000 0.500000
0.693260 0.500000 0.500000
0.693852 0.500000 0.500000
0.693392 0.500000 0.500000
0.693120 0.500000 0.500000
0.693387 0.500000 0.500000
0.693932 0.500000 0.500000
0.694115 0.500000 0.500000
0.693836 0.500000 0.500000
0.694221 0.500000 0.500000
0.693591 0.500000 0.500000
0.691979 0.500000 0.500000
0.694335 0.500000 0.500000
0.693488 0.500000 0.500000
0.693055 0.500000 0.500000
0.693778 0.500000 0.500000
0.693312 0.500000 0.500000
0.693647 0.500000 0.500000
0.694063 0.500000 0.500000
0.692936 0.500000 0.500000
0.692466 0.500000 0.500000
0.694763 0.500000 0.500000
0.693368 0.500000 0.500000
0.693907 0.500000 0.500000
0.692607 0.500000 0.500000
0.693819 0.500000 0.500000
0.693392 0.500000 0.500000
0.692988 0.500000 0.500000
0.693363 0.500000 0.500000
0.693104 0.500000 0.500000
0.693497 0.500000 0.500000
0.693574 0.500000 0.500000
0.693600 0.500000 0.500000
0.693015 0.500000 0.500000
0.693004 0.500000 0.500000
0.693816 0.500000 0.500000
0.693041 0.500000 0.500000
0.693789 0.500000 0.500000
0.692952 0.500000 0.500000
0.693028 0.500000 0.500000
0.692794 0.500000 0.500000
0.693599 0.500000 0.500000
0.693661 0.500000 0.500000
0.693223 0.500000 0.500000
0.692170 0.500000 0.500000
0.693245 0.500000 0.500000
0.693424 0.500000 0.500000
0.693358 0.500000 0.500000
0.693911 0.500000 0.500000
0.693615 0.500000 0.500000
0.693513 0.500000 0.500000
0.692955 0.500000 0.500000
0.692868 0.500000 0.500000
0.694043 0.500000 0.500000
0.692802 0.500000 0.500000
0.693484 0.500000 0.500000
0.693148 0.500000 0.500000
0.692911 0.500000 0.500000
0.693857 0.500000 0.500000
0.692925 0.500000 0.500000
0.693029 0.500000 0.500000
0.693326 0.500000 0.500000
0.693021 0.500000 0.500000
0.693538 0.500000 0.500000
0.693559 0.500000 0.500000
0.693322 0.500000 0.500000
0.693498 0.500000 0.500000
0.693702 0.500000 0.500000
0.693070 0.500000 0.500000
0.693659 0.500000 0.500000
0.693071 0.500000 0.500000
0.693257 0.500000 0.500000
0.693161 0.500000 0.500000
0.693098 0.500000 0.500000
0.693388 0.500000 0.500000
0.693462 0.500000 0.500000
0.692739 0.500000 0.500000
0.692729 0.500000 0.500000
0.692863 0.500000 0.500000
0.693685 0.500000 0.500000
0.693554 0.500000 0.500000
0.693471 0.500000 0.500000
0.692594 0.500000 0.500000
0.693196 0.500000 0.500000
0.693125 0.500000 0.500000
0.692020 0.500000 0.500000
0.693044 0.500000 0.500000
0.693122 0.500000 0.500000
0.693569 0.500000 0.500000
0.692710 0.500000 0.500000
0.692956 0.500000 0.500000
0.693336 0.500000 0.500000
0.692957 0.500000 0.500000
0.692952 0.500000 0.500000
0.692771 0.500000 0.500000
0.693639 0.500000 0.500000
0.692849 0.500000 0.500000
0.692933 0.500000 0.500000
0.693464 0.500000 0.500000
0.693534 0.500000 0.500000
0.692291 0.500000 0.500000
0.693428 0.500000 0.500000
0.693963 0.500000 0.500000
0.692506 0.500000 0.500000
0.693244 0.500000 0.500000
0.693090 0.500000 0.500000
0.693261 0.500000 0.500000
0.693635 0.500000 0.500000
0.692842 0.500000 0.500000
0.694028 0.500000 0.500000
0.693949 0.500000 0.500000
0.692756 0.500000 0.500000
0.693503 0.500000 0.500000
0.693274 0.500000 0.500000
0.692991 0.500000 0.500000
0.693358 0.500000 0.500000
0.693744 0.500000 0.500000
0.693221 0.500000 0.500000
0.693069 0.500000 0.500000
0.693185 0.500000 0.500000
0.693379 0.500000 0.500000
0.693036 0.500000 0.500000
0.692656 0.500000 0.500000
0.693699 0.500000 0.500000
0.692817 0.500000 0.500000
0.693162 0.500000 0.500000
0.693838 0.500000 0.500000
