1.007735 0.657222 0.700000
0.730769 0.682222 0.685000
0.630663 0.651111 0.685000
0.594866 0.683333 0.700000
0.576883 0.705000 0.705000
0.571705 0.718333 0.715000
0.584360 0.707778 0.740000
0.592974 0.699444 0.680000
0.536637 0.707222 0.740000
0.544843 0.694444 0.715000
0.524797 0.741667 0.725000
0.546075 0.685556 0.635000
0.586167 0.712778 0.720000
0.560963 0.718889 0.710000
0.604362 0.700000 0.695000
0.590410 0.709444 0.730000
0.560637 0.706111 0.720000
0.558563 0.713333 0.740000
0.539924 0.697778 0.735000
0.511506 0.718889 0.735000
0.520503 0.776111 0.805000
0.502791 0.802778 0.815000
0.503982 0.670000 0.670000
0.493247 0.771667 0.775000
0.496484 0.771111 0.795000
0.505791 0.785556 0.815000
0.479918 0.770556 0.785000
0.465826 0.800000 0.830000
0.492661 0.765000 0.790000
0.440655 0.778889 0.770000
0.444683 0.806111 0.800000
0.478884 0.828333 0.840000
0.464923 0.803889 0.830000
0.447170 0.808333 0.810000
0.429078 0.731111 0.715000
0.456478 0.775556 0.770000
0.479002 0.816111 0.825000
0.483614 0.842222 0.880000
0.449236 0.811111 0.835000
0.463101 0.823889 0.815000
0.433934 0.835000 0.865000
0.418081 0.820000 0.815000
0.450281 0.841667 0.815000
0.441493 0.715000 0.685000
0.433415 0.842778 0.845000
0.422638 0.853333 0.875000
0.417910 0.851111 0.875000
0.428271 0.736111 0.710000
0.448452 0.809444 0.790000
0.414436 0.852778 0.885000
0.453530 0.828333 0.830000
0.388607 0.857778 0.865000
0.404419 0.861667 0.880000
0.397574 0.871667 0.865000
0.403398 0.871111 0.865000
0.406584 0.871667 0.880000
0.371017 0.855000 0.845000
0.393020 0.806667 0.800000
0.417656 0.870556 0.890000
0.370685 0.862778 0.845000
0.381986 0.882778 0.890000
0.370353 0.883889 0.880000
0.360607 0.881667 0.885000
0.373878 0.883889 0.885000
0.344100 0.872222 0.880000
0.365417 0.876111 0.890000
0.363507 0.871111 0.885000
0.379486 0.874444 0.890000
0.326329 0.876667 0.885000
0.379337 0.876667 0.890000
0.372602 0.892778 0.885000
0.339908 0.880000 0.875000
0.362247 0.884444 0.875000
0.349906 0.860000 0.850000
0.340444 0.873889 0.865000
0.369126 0.834444 0.825000
0.316350 0.859444 0.840000
0.359888 0.883889 0.860000
0.363311 0.897222 0.890000
0.308560 0.886111 0.865000
0.329561 0.888333 0.895000
0.401094 0.886111 0.880000
0.339185 0.895000 0.880000
0.361571 0.892222 0.875000
0.299792 0.890000 0.880000
0.320324 0.868333 0.845000
0.354267 0.893889 0.890000
0.325999 0.897222 0.880000
0.317376 0.879444 0.875000
0.322666 0.825556 0.770000
0.318073 0.876111 0.870000
0.317955 0.891667 0.870000
0.345980 0.893333 0.890000
0.379365 0.896667 0.890000
0.304739 0.901667 0.885000
0.354984 0.873333 0.850000
0.335015 0.888889 0.880000
0.308774 0.891667 0.880000
0.330275 0.898333 0.875000
0.307273 0.906111 0.885000
0.306769 0.901111 0.875000
0.298757 0.880000 0.855000
0.304190 0.880000 0.865000
0.305997 0.907222 0.870000
0.331193 0.896111 0.875000
0.309819 0.903889 0.885000
0.289506 0.887778 0.880000
0.286589 0.906111 0.880000
0.294311 0.909444 0.870000
0.290435 0.904444 0.870000
0.305613 0.900000 0.875000
0.329325 0.908889 0.880000
0.282510 0.907222 0.885000
0.313133 0.906667 0.870000
0.312684 0.876667 0.860000
0.300681 0.901667 0.885000
0.289894 0.906667 0.875000
0.278558 0.908333 0.875000
0.306021 0.916667 0.885000
0.289205 0.915000 0.875000
0.281747 0.906111 0.870000
0.297156 0.908333 0.875000
0.287629 0.907778 0.890000
0.300951 0.913889 0.875000
0.285589 0.908889 0.880000
0.284198 0.902778 0.880000
0.314195 0.902222 0.885000
0.299410 0.910556 0.870000
0.273308 0.912778 0.885000
0.282881 0.900000 0.875000
0.293049 0.912222 0.870000
0.289128 0.905000 0.875000
0.283693 0.908333 0.870000
0.286441 0.904444 0.875000
0.289692 0.909444 0.890000
0.302411 0.903333 0.880000
0.286174 0.907778 0.880000
0.302108 0.913889 0.895000
0.268383 0.910000 0.870000
0.292400 0.911111 0.885000
0.308261 0.912778 0.875000
0.284665 0.908333 0.895000
0.260532 0.906111 0.880000
0.250180 0.916667 0.875000
0.301851 0.894444 0.860000
0.294854 0.903889 0.880000
0.283971 0.908889 0.880000
0.266330 0.919444 0.870000
0.297398 0.916667 0.885000
0.276895 0.915000 0.880000
0.269692 0.922778 0.880000
0.273031 0.905000 0.875000
0.289580 0.903889 0.875000
0.284941 0.903889 0.890000
0.256313 0.926667 0.875000
0.277500 0.911111 0.870000
0.257292 0.916667 0.895000
0.257534 0.913333 0.870000
0.252973 0.921667 0.880000
0.264618 0.925556 0.875000
0.249188 0.914444 0.865000
0.276984 0.890556 0.860000
0.256817 0.915000 0.875000
0.246348 0.907222 0.875000
0.265084 0.916667 0.875000
0.272757 0.914444 0.875000
0.272932 0.923889 0.880000
0.265876 0.913889 0.905000
0.280631 0.906111 0.890000
0.282548 0.926111 0.870000
0.241258 0.925000 0.880000
0.237964 0.926667 0.875000
0.274501 0.917222 0.880000
0.231843 0.911667 0.870000
0.275292 0.916111 0.885000
0.258648 0.897222 0.885000
0.270420 0.906667 0.875000
0.247514 0.917778 0.880000
0.259867 0.923889 0.890000
0.299320 0.914444 0.875000
0.260500 0.920000 0.870000
0.295275 0.904444 0.880000
0.268448 0.922222 0.880000
0.252013 0.922778 0.885000
0.258050 0.916667 0.895000
0.264549 0.918889 0.885000
0.242468 0.917778 0.885000
0.252804 0.923333 0.880000
0.264585 0.923333 0.885000
0.303506 0.928889 0.890000
0.251773 0.922222 0.885000
0.277107 0.923889 0.880000
0.268461 0.917222 0.875000
0.266214 0.918333 0.880000
0.242030 0.928889 0.885000
0.260855 0.918889 0.900000
0.262545 0.904444 0.880000
0.273542 0.928333 0.880000
0.250823 0.925000 0.885000
0.235178 0.917778 0.890000
0.255640 0.920000 0.890000
0.266310 0.923333 0.890000
0.244273 0.923889 0.880000
0.245639 0.923333 0.890000
0.233335 0.916111 0.885000
0.252575 0.926667 0.890000
0.230680 0.925556 0.890000
0.233395 0.923889 0.880000
0.257506 0.923333 0.890000
0.259497 0.912778 0.880000
0.242097 0.923333 0.890000
0.288581 0.923889 0.885000
0.243980 0.918889 0.880000
0.256715 0.931667 0.890000
0.263431 0.918333 0.880000
0.242755 0.922778 0.885000
0.241451 0.922778 0.880000
0.231306 0.934444 0.895000
0.254096 0.928889 0.885000
0.244038 0.923333 0.885000
0.255402 0.935556 0.885000
0.249781 0.906111 0.865000
0.267692 0.917778 0.880000
0.220558 0.927778 0.885000
0.239942 0.926667 0.885000
0.267509 0.912222 0.875000
0.258076 0.914444 0.880000
0.256495 0.931111 0.880000
0.267291 0.923333 0.880000
0.233382 0.925000 0.885000
0.239182 0.925000 0.880000
0.241764 0.916667 0.880000
0.267379 0.920556 0.880000
0.285242 0.931111 0.885000
0.273164 0.915556 0.870000
0.249514 0.928889 0.885000
0.249461 0.922222 0.880000
0.229385 0.931667 0.885000
0.245834 0.927222 0.885000
0.240875 0.925000 0.880000
0.214788 0.928333 0.890000
0.252584 0.925556 0.885000
0.229882 0.923333 0.890000
0.239464 0.928889 0.885000
0.252212 0.920556 0.885000
0.254752 0.927222 0.885000
0.248642 0.928333 0.890000
0.246079 0.922778 0.900000
0.266499 0.896667 0.870000
0.253970 0.921667 0.880000
0.255802 0.926667 0.880000
0.253658 0.911111 0.875000
0.247314 0.923333 0.890000
0.247142 0.921667 0.880000
0.243629 0.898889 0.875000
0.248941 0.922778 0.880000
0.230778 0.930000 0.885000
0.264711 0.929444 0.885000
0.240772 0.927778 0.885000
0.255915 0.926667 0.885000
0.254366 0.912778 0.870000
0.225509 0.930556 0.880000
0.240011 0.923333 0.880000
0.238306 0.928333 0.890000
0.248933 0.923889 0.885000
0.226115 0.925000 0.885000
0.246193 0.928333 0.895000
0.259090 0.915000 0.880000
0.238323 0.926111 0.885000
0.244796 0.926111 0.880000
0.251491 0.927222 0.880000
0.215836 0.922778 0.880000
0.247800 0.933889 0.890000
0.254596 0.928333 0.890000
0.245781 0.927778 0.885000
0.233752 0.925556 0.885000
0.226410 0.931111 0.890000
0.239514 0.931111 0.885000
0.243027 0.926667 0.885000
0.239535 0.903333 0.875000
0.265727 0.937778 0.890000
0.242313 0.930000 0.885000
0.258802 0.928333 0.885000
0.259407 0.930556 0.880000
0.249603 0.932222 0.900000
0.230554 0.928333 0.890000
0.227947 0.930556 0.885000
0.230738 0.922778 0.870000
0.252350 0.928333 0.880000
0.241174 0.933333 0.890000
0.232745 0.931111 0.885000
0.241030 0.932778 0.890000
0.226729 0.931111 0.885000
0.224576 0.928889 0.890000
0.265387 0.926667 0.885000
0.256420 0.927222 0.885000
0.228583 0.933889 0.885000
0.245886 0.927778 0.880000
0.243571 0.932222 0.885000
0.227409 0.921667 0.880000
0.232081 0.929444 0.885000
0.253991 0.927222 0.885000
0.247448 0.918889 0.880000
0.239963 0.910556 0.870000
0.235402 0.922222 0.885000
0.234749 0.921111 0.885000
0.233392 0.934444 0.880000
0.232786 0.929444 0.885000
0.246194 0.932778 0.885000
0.242499 0.932222 0.880000
0.243482 0.930556 0.880000
0.226767 0.926111 0.885000
0.251463 0.927222 0.885000
0.252175 0.932222 0.885000
0.240842 0.922778 0.885000
0.242860 0.927778 0.880000
0.238674 0.929444 0.880000
0.257092 0.902222 0.875000
0.265182 0.928889 0.885000
0.215468 0.928889 0.885000
0.247306 0.935556 0.880000
0.258505 0.936667 0.885000
0.221673 0.930556 0.885000
0.237442 0.925000 0.880000
0.217240 0.932778 0.885000
0.226071 0.936111 0.885000
0.260899 0.913889 0.880000
0.234089 0.928333 0.890000
0.219256 0.927222 0.885000
0.242416 0.928889 0.885000
0.256631 0.927778 0.885000
0.255236 0.925556 0.885000
0.259050 0.930000 0.885000
0.266539 0.931667 0.890000
0.227777 0.931667 0.885000
0.248316 0.926667 0.885000
0.249701 0.931111 0.890000
0.259144 0.927778 0.885000
0.227563 0.926667 0.880000
0.251751 0.925556 0.885000
0.218727 0.920000 0.880000
0.234598 0.922222 0.885000
0.254420 0.932778 0.885000
0.216577 0.918889 0.880000
0.253617 0.923333 0.880000
0.205695 0.927222 0.885000
0.230676 0.929444 0.885000
0.233925 0.922778 0.880000
0.235652 0.915556 0.875000
0.232592 0.932778 0.880000
