0.968813 0.672778 0.690000
0.708111 0.687222 0.695000
0.592629 0.684444 0.695000
0.548488 0.728889 0.755000
0.564186 0.727222 0.745000
0.535101 0.758889 0.770000
0.539093 0.746667 0.780000
0.554058 0.801111 0.835000
0.511233 0.792778 0.850000
0.486240 0.722222 0.690000
0.509404 0.761111 0.785000
0.510708 0.791111 0.820000
0.482301 0.785000 0.765000
0.484916 0.805000 0.835000
0.474774 0.786111 0.750000
0.474184 0.816667 0.830000
0.482096 0.809444 0.835000
0.486907 0.776111 0.790000
0.472945 0.815000 0.855000
0.463724 0.812778 0.790000
0.478091 0.790556 0.805000
0.482091 0.824444 0.850000
0.485797 0.766111 0.770000
0.452669 0.709444 0.665000
0.443258 0.827778 0.810000
0.475287 0.826667 0.830000
0.454177 0.750556 0.750000
0.440896 0.845556 0.840000
0.446389 0.830000 0.805000
0.424199 0.832222 0.830000
0.434305 0.751111 0.705000
0.436451 0.811111 0.815000
0.472310 0.746667 0.740000
0.461387 0.809444 0.790000
0.420907 0.832778 0.805000
0.475069 0.833889 0.830000
0.444966 0.831111 0.840000
0.461106 0.841111 0.855000
0.440504 0.798333 0.775000
0.435934 0.836667 0.855000
0.394395 0.839444 0.855000
0.385390 0.857222 0.860000
0.421813 0.835556 0.840000
0.410024 0.797222 0.775000
0.426966 0.850000 0.855000
0.396503 0.856111 0.870000
0.430120 0.831111 0.850000
0.419787 0.794444 0.775000
0.403445 0.846111 0.855000
0.387214 0.837222 0.845000
0.436850 0.833333 0.825000
0.376506 0.840000 0.845000
0.393569 0.856667 0.870000
0.386560 0.858889 0.865000
0.392656 0.870000 0.875000
0.402833 0.845000 0.835000
0.374368 0.865000 0.880000
0.382518 0.816111 0.795000
0.399825 0.871667 0.890000
0.386770 0.871667 0.875000
0.385024 0.742778 0.710000
0.361403 0.863333 0.880000
0.357687 0.868889 0.860000
0.353644 0.850556 0.850000
0.347746 0.880000 0.860000
0.378111 0.878333 0.875000
0.369243 0.873333 0.885000
0.392529 0.818889 0.825000
0.342796 0.805000 0.815000
0.371686 0.876667 0.880000
0.372715 0.863333 0.875000
0.371344 0.873333 0.865000
0.367440 0.876111 0.895000
0.356015 0.883333 0.895000
0.338060 0.876111 0.885000
0.335328 0.855556 0.860000
0.332485 0.880556 0.875000
0.354492 0.800556 0.780000
0.357718 0.897222 0.880000
0.338444 0.887222 0.885000
0.340423 0.836667 0.850000
0.390829 0.882222 0.880000
0.349466 0.891667 0.885000
0.357455 0.875556 0.855000
0.340955 0.848889 0.875000
0.341216 0.893889 0.885000
0.364649 0.905556 0.890000
0.323512 0.853333 0.840000
0.327144 0.869444 0.865000
0.324667 0.865000 0.845000
0.313547 0.874444 0.870000
0.317622 0.845556 0.840000
0.320929 0.878889 0.880000
0.343913 0.898333 0.880000
0.301890 0.882778 0.885000
0.319678 0.901111 0.860000
0.311069 0.865000 0.860000
0.304846 0.872778 0.865000
0.342217 0.900556 0.890000
0.301684 0.890000 0.880000
0.307990 0.898889 0.885000
0.292132 0.902778 0.895000
0.294036 0.913889 0.895000
0.302032 0.900000 0.900000
0.321814 0.882778 0.860000
0.279224 0.885556 0.860000
0.282820 0.873889 0.865000
0.298490 0.878889 0.870000
0.285981 0.884444 0.880000
0.287175 0.903333 0.885000
0.288032 0.902222 0.895000
0.291014 0.913889 0.880000
0.269531 0.907778 0.880000
0.300555 0.905556 0.890000
0.290319 0.882222 0.870000
0.278612 0.896111 0.875000
0.282944 0.916111 0.900000
0.264293 0.920000 0.885000
0.290980 0.885556 0.880000
0.276774 0.910000 0.880000
0.275545 0.901667 0.870000
0.277392 0.882222 0.860000
0.283686 0.888333 0.865000
0.277821 0.876111 0.865000
0.285850 0.900000 0.860000
0.261399 0.886667 0.845000
0.298218 0.868889 0.865000
0.280708 0.911667 0.865000
0.253710 0.897222 0.880000
0.277327 0.916111 0.870000
0.281497 0.896667 0.870000
0.275287 0.893889 0.870000
0.268131 0.866667 0.855000
0.274395 0.898333 0.865000
0.267666 0.902222 0.875000
0.301907 0.911667 0.890000
0.260482 0.913333 0.870000
0.275958 0.904444 0.855000
0.250409 0.912222 0.885000
0.272323 0.868333 0.850000
0.287600 0.921111 0.890000
0.282645 0.885556 0.865000
0.257674 0.898889 0.870000
0.240169 0.888889 0.855000
0.279633 0.869444 0.860000
0.257196 0.890000 0.860000
0.256417 0.912222 0.880000
0.263768 0.918333 0.880000
0.280561 0.907222 0.855000
0.273795 0.903333 0.865000
0.250809 0.893333 0.860000
0.253767 0.897222 0.865000
0.274730 0.888333 0.855000
0.256054 0.889444 0.850000
0.247556 0.923889 0.875000
0.250605 0.891111 0.835000
0.235798 0.902222 0.875000
0.234560 0.900000 0.855000
0.239459 0.897222 0.860000
0.270327 0.902778 0.850000
0.239121 0.882222 0.860000
0.267176 0.890000 0.845000
0.241844 0.907778 0.855000
0.229245 0.884444 0.850000
0.240330 0.888889 0.865000
0.267459 0.889444 0.845000
0.260634 0.918889 0.875000
0.253011 0.908889 0.875000
0.260128 0.908889 0.875000
0.280381 0.910000 0.870000
0.229240 0.917778 0.865000
0.220991 0.907778 0.855000
0.259230 0.880000 0.850000
0.223325 0.922778 0.880000
0.253877 0.909444 0.870000
0.260640 0.881111 0.850000
0.241419 0.894444 0.860000
0.235591 0.915000 0.865000
0.247238 0.909444 0.875000
0.276464 0.891111 0.855000
0.249575 0.909444 0.865000
0.258887 0.895000 0.855000
0.237153 0.918889 0.880000
0.243482 0.903333 0.865000
0.236742 0.910556 0.870000
0.245540 0.869444 0.840000
0.235828 0.893889 0.850000
0.231260 0.917778 0.870000
0.243280 0.893333 0.860000
0.282335 0.910556 0.860000
0.233550 0.900000 0.860000
0.248129 0.907222 0.865000
0.270801 0.887222 0.845000
0.246491 0.872778 0.845000
0.235913 0.907778 0.865000
0.236575 0.894444 0.855000
0.241350 0.872222 0.840000
0.269600 0.904444 0.855000
0.223994 0.906111 0.860000
0.227406 0.890556 0.850000
0.228852 0.911111 0.865000
0.248350 0.898333 0.855000
0.224378 0.908889 0.870000
0.221283 0.906667 0.855000
0.227287 0.897778 0.855000
0.236099 0.922778 0.870000
0.217466 0.893889 0.845000
0.205933 0.888333 0.850000
0.248004 0.890000 0.850000
0.251231 0.909444 0.860000
0.248673 0.916111 0.865000
0.267255 0.913333 0.875000
0.220878 0.898333 0.855000
0.247114 0.913889 0.880000
0.242070 0.891111 0.850000
0.229158 0.878333 0.845000
0.225927 0.885556 0.845000
0.215164 0.927778 0.870000
0.241057 0.911111 0.870000
0.225995 0.895556 0.850000
0.237842 0.910556 0.870000
0.228323 0.865556 0.830000
0.236673 0.871111 0.840000
0.216526 0.901667 0.855000
0.215624 0.892778 0.850000
0.247916 0.891111 0.840000
0.242015 0.863333 0.840000
0.235644 0.906667 0.865000
0.243965 0.922222 0.860000
0.218272 0.887778 0.830000
0.226751 0.909444 0.865000
0.214262 0.875556 0.845000
0.248586 0.911667 0.860000
0.264785 0.906667 0.875000
0.256912 0.866111 0.845000
0.234573 0.902778 0.865000
0.235170 0.867222 0.840000
0.221706 0.918889 0.875000
0.222236 0.900556 0.850000
0.221446 0.903889 0.860000
0.211182 0.906667 0.865000
0.221509 0.896111 0.855000
0.202809 0.897222 0.860000
0.228586 0.910556 0.865000
0.226923 0.897778 0.860000
0.248024 0.919444 0.865000
0.232829 0.892778 0.850000
0.226542 0.906111 0.855000
0.255809 0.862778 0.825000
0.241214 0.893333 0.855000
0.239566 0.898889 0.860000
0.251143 0.888333 0.860000
0.236472 0.895556 0.855000
0.235579 0.876667 0.850000
0.231448 0.851667 0.830000
0.229632 0.869444 0.835000
0.218104 0.877778 0.855000
0.242797 0.913889 0.865000
0.223118 0.896111 0.840000
0.225370 0.887778 0.840000
0.245476 0.864444 0.845000
0.211866 0.910556 0.870000
0.218219 0.897778 0.840000
0.221977 0.907222 0.850000
0.225257 0.884444 0.845000
0.218154 0.900000 0.855000
0.240164 0.915556 0.865000
0.239795 0.875556 0.840000
0.231162 0.870000 0.845000
0.227391 0.892222 0.840000
0.231040 0.893333 0.850000
0.204032 0.865000 0.825000
0.223781 0.900000 0.855000
0.235123 0.886667 0.840000
0.230550 0.887778 0.840000
0.224462 0.892222 0.855000
0.210370 0.907222 0.865000
0.227013 0.911111 0.870000
0.234445 0.903333 0.865000
0.227035 0.861111 0.830000
0.244799 0.919444 0.870000
0.236350 0.875000 0.850000
0.249972 0.877778 0.850000
0.235401 0.902222 0.865000
0.230197 0.909444 0.865000
0.226339 0.886111 0.860000
0.206152 0.917778 0.865000
0.222110 0.871667 0.850000
0.229742 0.893889 0.845000
0.220964 0.918333 0.865000
0.215848 0.908333 0.865000
0.222665 0.929444 0.860000
0.207609 0.907778 0.865000
0.194788 0.913889 0.850000
0.250776 0.901667 0.855000
0.236526 0.896111 0.850000
0.220115 0.906111 0.875000
0.240785 0.923333 0.860000
0.220335 0.894444 0.855000
0.214441 0.865556 0.835000
0.208062 0.921111 0.860000
0.241687 0.892222 0.860000
0.228865 0.876111 0.845000
0.218383 0.880000 0.830000
0.215857 0.877778 0.840000
0.215659 0.864444 0.840000
0.229889 0.910000 0.855000
0.217042 0.896667 0.850000
0.234567 0.907778 0.860000
0.216889 0.902222 0.860000
0.219627 0.899444 0.860000
0.217718 0.876111 0.845000
0.228105 0.894444 0.860000
0.225568 0.920000 0.860000
0.232965 0.865000 0.840000
0.232340 0.890000 0.860000
0.224331 0.867778 0.840000
0.254535 0.872778 0.835000
0.249882 0.880556 0.850000
0.196748 0.887222 0.835000
0.222540 0.906111 0.860000
0.233358 0.918889 0.865000
0.212735 0.900000 0.850000
0.228814 0.876667 0.840000
0.203193 0.911667 0.855000
0.220512 0.907778 0.860000
0.233211 0.855556 0.820000
0.218027 0.918333 0.865000
0.212169 0.891667 0.845000
0.218082 0.903889 0.865000
0.257212 0.885000 0.845000
0.241448 0.896111 0.850000
0.238694 0.897222 0.855000
0.241399 0.915000 0.865000
0.205112 0.898889 0.870000
0.234903 0.899444 0.865000
0.240964 0.911111 0.860000
0.241361 0.903333 0.860000
0.221825 0.893889 0.855000
0.228502 0.882778 0.840000
0.197456 0.868333 0.830000
0.218836 0.878889 0.835000
0.228640 0.894444 0.855000
0.221033 0.856667 0.835000
0.227078 0.871111 0.845000
0.206644 0.902222 0.850000
0.213070 0.906667 0.860000
0.215857 0.891667 0.840000
0.229886 0.878333 0.845000
0.198611 0.916111 0.855000
