1.123638 0.500000 0.500000
0.841291 0.500000 0.500000
0.721429 0.500000 0.500000
0.700605 0.500000 0.500000
0.682775 0.500000 0.500000
0.702917 0.500000 0.500000
0.676472 0.500000 0.500000
0.682974 0.500000 0.500000
0.661418 0.500000 0.500000
0.664701 0.500000 0.500000
0.661578 0.500000 0.500000
0.658960 0.500000 0.500000
0.653679 0.500000 0.500000
0.666939 0.500000 0.500000
0.654493 0.500000 0.500000
0.652898 0.500000 0.500000
0.650539 0.500000 0.500000
0.655249 0.500000 0.500000
0.654047 0.500000 0.500000
0.643546 0.500000 0.500000
0.644955 0.500000 0.500000
0.651345 0.500000 0.500000
0.649538 0.500000 0.500000
0.650328 0.500000 0.500000
0.640469 0.500000 0.500000
0.653557 0.500000 0.500000
0.658409 0.500000 0.500000
0.653711 0.500000 0.500000
0.639784 0.500000 0.500000
0.653313 0.500000 0.500000
0.646393 0.500000 0.500000
0.660200 0.500000 0.500000
0.641018 0.500000 0.500000
0.660214 0.500000 0.500000
0.652297 0.500000 0.500000
0.638010 0.500000 0.500000
0.635724 0.500000 0.500000
0.662938 0.500000 0.500000
0.639617 0.500000 0.500000
0.620379 0.500000 0.500000
0.651807 0.500000 0.500000
0.638295 0.500000 0.500000
0.635551 0.500000 0.500000
0.635763 0.500000 0.500000
0.648881 0.500000 0.500000
0.647868 0.500000 0.500000
0.639487 0.500000 0.500000
0.636708 0.500000 0.500000
0.648583 0.500000 0.500000
0.619715 0.500000 0.500000
0.630396 0.500000 0.500000
0.625891 0.500000 0.500000
0.633917 0.500000 0.500000
0.632513 0.500000 0.500000
0.619268 0.500000 0.500000
0.626258 0.500000 0.500000
0.617245 0.500000 0.500000
0.628795 0.500000 0.500000
0.637343 0.500000 0.500000
0.629910 0.500000 0.500000
0.629174 0.500000 0.500000
0.635251 0.500000 0.500000
0.625284 0.500000 0.500000
0.613672 0.500000 0.500000
0.616945 0.500000 0.500000
0.611180 0.500000 0.500000
0.622247 0.500000 0.500000
0.612436 0.500000 0.500000
0.612549 0.500000 0.500000
0.636346 0.500000 0.500000
0.617844 0.500000 0.500000
0.624177 0.500000 0.500000
0.629873 0.500000 0.500000
0.607912 0.500000 0.500000
0.617679 0.500000 0.500000
0.626049 0.500000 0.500000
0.618899 0.500000 0.500000
0.627512 0.500000 0.500000
0.615421 0.500000 0.500000
0.633172 0.500000 0.500000
0.621876 0.500000 0.500000
0.635131 0.500000 0.500000
0.625916 0.500000 0.500000
0.637857 0.500000 0.500000
0.614571 0.500000 0.500000
0.603431 0.500000 0.500000
0.626011 0.500000 0.500000
0.618461 0.500000 0.500000
0.622719 0.500000 0.500000
0.621141 0.500000 0.500000
0.610646 0.500000 0.500000
0.617400 0.500000 0.500000
0.627472 0.500000 0.500000
0.621711 0.500000 0.500000
0.618608 0.500000 0.500000
0.617178 0.500000 0.500000
0.630161 0.500000 0.500000
0.614113 0.500000 0.500000
0.617972 0.500000 0.500000
0.613387 0.500000 0.500000
0.615022 0.500000 0.500000
0.614261 0.500000 0.500000
0.608041 0.500000 0.500000
0.593123 0.500000 0.500000
0.615830 0.500000 0.500000
0.610912 0.500000 0.500000
0.612419 0.500000 0.500000
0.608701 0.500000 0.500000
0.610826 0.500000 0.500000
0.602050 0.500000 0.500000
0.619747 0.500000 0.500000
0.620620 0.500000 0.500000
0.596678 0.500000 0.500000
0.612922 0.500000 0.500000
0.596923 0.500000 0.500000
0.603696 0.500000 0.500000
0.617412 0.500000 0.500000
0.591334 0.500000 0.500000
0.610044 0.500000 0.500000
0.608469 0.500000 0.500000
0.609400 0.500000 0.500000
0.596921 0.500000 0.500000
0.591311 0.500000 0.500000
0.603538 0.500000 0.500000
0.606069 0.500000 0.500000
0.600399 0.500000 0.500000
0.610510 0.500000 0.500000
0.612223 0.500000 0.500000
0.608071 0.500000 0.500000
0.606615 0.500000 0.500000
0.606308 0.500000 0.500000
0.599814 0.500000 0.500000
0.616487 0.500000 0.500000
0.623975 0.500000 0.500000
0.619520 0.500000 0.500000
0.630632 0.500000 0.500000
0.614965 0.500000 0.500000
0.617909 0.500000 0.500000
0.618458 0.500000 0.500000
0.629297 0.500000 0.500000
0.616366 0.500000 0.500000
0.616149 0.500000 0.500000
0.603213 0.500000 0.500000
0.618134 0.500000 0.500000
0.614310 0.500000 0.500000
0.626393 0.500000 0.500000
0.617338 0.500000 0.500000
0.605158 0.500000 0.500000
0.618067 0.500000 0.500000
0.619240 0.500000 0.500000
0.616789 0.500000 0.500000
0.613034 0.500000 0.500000
0.609736 0.500000 0.500000
0.608338 0.500000 0.500000
0.600023 0.500000 0.500000
0.601862 0.500000 0.500000
0.604828 0.500000 0.500000
0.603494 0.500000 0.500000
0.620837 0.500000 0.500000
0.614986 0.500000 0.500000
0.604197 0.500000 0.500000
0.611424 0.500000 0.500000
0.605124 0.500000 0.500000
0.607093 0.500000 0.500000
0.615266 0.500000 0.500000
0.594635 0.500000 0.500000
0.622544 0.500000 0.500000
0.609332 0.500000 0.500000
0.618755 0.500000 0.500000
0.606837 0.500000 0.500000
0.598946 0.500000 0.500000
0.601186 0.500000 0.500000
0.597663 0.500000 0.500000
0.588323 0.500000 0.500000
0.591506 0.500000 0.500000
0.597259 0.500000 0.500000
0.587048 0.500000 0.500000
0.608053 0.500000 0.500000
0.596423 0.500000 0.500000
0.608608 0.500000 0.500000
0.612437 0.500000 0.500000
0.595047 0.500000 0.500000
0.614610 0.500000 0.500000
0.600573 0.500000 0.500000
0.614980 0.500000 0.500000
0.608240 0.500000 0.500000
0.600307 0.500000 0.500000
0.601681 0.500000 0.500000
0.593958 0.500000 0.500000
0.611938 0.500000 0.500000
0.600405 0.500000 0.500000
0.602937 0.500000 0.500000
0.613096 0.500000 0.500000
0.602164 0.500000 0.500000
0.583862 0.500000 0.500000
0.604527 0.500000 0.500000
0.617053 0.500000 0.500000
0.587833 0.500000 0.500000
0.592394 0.500000 0.500000
0.599704 0.500000 0.500000
0.605063 0.500000 0.500000
0.617248 0.500000 0.500000
0.608340 0.500000 0.500000
0.596853 0.500000 0.500000
0.611407 0.500000 0.500000
0.604268 0.500000 0.500000
0.595980 0.500000 0.500000
0.597428 0.500000 0.500000
0.601427 0.500000 0.500000
0.607737 0.500000 0.500000
0.603987 0.500000 0.500000
0.599626 0.500000 0.500000
0.601426 0.500000 0.500000
0.588123 0.500000 0.500000
0.598963 0.500000 0.500000
0.586602 0.500000 0.500000
0.601731 0.500000 0.500000
0.603828 0.500000 0.500000
0.593648 0.500000 0.500000
0.593457 0.500000 0.500000
0.590178 0.500000 0.500000
0.602050 0.500000 0.500000
0.612765 0.500000 0.500000
0.589693 0.500000 0.500000
0.598911 0.500000 0.500000
0.610241 0.500000 0.500000
0.589774 0.500000 0.500000
0.609961 0.500000 0.500000
0.608559 0.500000 0.500000
0.583689 0.500000 0.500000
0.584523 0.500000 0.500000
0.592475 0.500000 0.500000
0.591153 0.500000 0.500000
0.584764 0.500000 0.500000
0.602515 0.500000 0.500000
0.586757 0.500000 0.500000
0.606861 0.500000 0.500000
0.594129 0.500000 0.500000
0.582990 0.500000 0.500000
0.606207 0.500000 0.500000
0.594837 0.500000 0.500000
0.568113 0.500000 0.500000
0.601142 0.500000 0.500000
0.599774 0.500000 0.500000
0.601017 0.500000 0.500000
0.585444 0.500000 0.500000
0.582638 0.500000 0.500000
0.597247 0.500000 0.500000
0.588840 0.500000 0.500000
0.600998 0.500000 0.500000
0.604576 0.500000 0.500000
0.590458 0.500000 0.500000
0.598001 0.500000 0.500000
0.590775 0.500000 0.500000
0.597759 0.500000 0.500000
0.598772 0.500000 0.500000
0.597822 0.500000 0.500000
0.600508 0.500000 0.500000
0.589314 0.500000 0.500000
0.607104 0.500000 0.500000
0.584738 0.500000 0.500000
0.575442 0.500000 0.500000
0.587031 0.500000 0.500000
0.598917 0.500000 0.500000
0.587374 0.500000 0.500000
0.598730 0.500000 0.500000
0.601167 0.500000 0.500000
0.611477 0.500000 0.500000
0.596526 0.500000 0.500000
0.611138 0.500000 0.500000
0.583505 0.500000 0.500000
0.582219 0.500000 0.500000
0.599026 0.500000 0.500000
0.606808 0.500000 0.500000
0.604775 0.500000 0.500000
0.587154 0.500000 0.500000
0.586665 0.500000 0.500000
0.581166 0.500000 0.500000
0.598346 0.500000 0.500000
0.597856 0.500000 0.500000
0.606466 0.500000 0.500000
0.603750 0.500000 0.500000
0.595234 0.500000 0.500000
0.604109 0.500000 0.500000
0.594124 0.500000 0.500000
0.605430 0.500000 0.500000
0.591735 0.500000 0.500000
0.617171 0.500000 0.500000
0.588398 0.500000 0.500000
0.593758 0.500000 0.500000
0.606110 0.500000 0.500000
0.595328 0.500000 0.500000
0.589819 0.500000 0.500000
0.597345 0.500000 0.500000
0.605283 0.500000 0.500000
0.609236 0.500000 0.500000
0.591935 0.500000 0.500000
0.596406 0.500000 0.500000
0.612885 0.500000 0.500000
0.601588 0.500000 0.500000
0.582162 0.500000 0.500000
0.597240 0.500000 0.500000
0.613674 0.500000 0.500000
0.585691 0.500000 0.500000
0.581822 0.500000 0.500000
0.590067 0.500000 0.500000
0.587335 0.500000 0.500000
0.590264 0.500000 0.500000
0.594218 0.500000 0.500000
0.595282 0.500000 0.500000
0.587354 0.500000 0.500000
0.598925 0.500000 0.500000
0.580334 0.500000 0.500000
0.605585 0.500000 0.500000
0.591177 0.500000 0.500000
0.601683 0.500000 0.500000
0.595744 0.500000 0.500000
0.585559 0.500000 0.500000
0.608175 0.500000 0.500000
0.574602 0.500000 0.500000
0.584500 0.500000 0.500000
0.591709 0.500000 0.500000
0.590857 0.500000 0.500000
0.588238 0.500000 0.500000
0.589770 0.500000 0.500000
0.607790 0.500000 0.500000
0.607489 0.500000 0.500000
0.605606 0.500000 0.500000
0.609359 0.500000 0.500000
0.607549 0.500000 0.500000
0.595925 0.500000 0.500000
0.603667 0.500000 0.500000
0.589762 0.500000 0.500000
0.593177 0.500000 0.500000
0.589911 0.500000 0.500000
0.580834 0.500000 0.500000
0.603754 0.500000 0.500000
0.589528 0.500000 0.500000
0.595937 0.500000 0.500000
0.582440 0.500000 0.500000
0.580615 0.500000 0.500000
0.581503 0.500000 0.500000
0.580858 0.500000 0.500000
0.591935 0.500000 0.500000
0.595071 0.500000 0.500000
0.587298 0.500000 0.500000
0.585854 0.500000 0.500000
0.610337 0.500000 0.500000
0.607295 0.500000 0.500000
0.578624 0.500000 0.500000
