0.753875 0.500000 0.500000
0.694786 0.500000 0.500000
0.695762 0.500000 0.500000
0.696421 0.500000 0.500000
0.698976 0.500000 0.500000
0.696149 0.500000 0.500000
0.697417 0.500000 0.500000
0.696266 0.500000 0.500000
0.697224 0.500000 0.500000
0.696450 0.500000 0.500000
0.698101 0.500000 0.500000
0.699148 0.500000 0.500000
0.695944 0.500000 0.500000
0.696672 0.500000 0.500000
0.698916 0.500000 0.500000
0.695681 0.500000 0.500000
0.698214 0.500000 0.500000
0.696007 0.500000 0.500000
0.695426 0.500000 0.500000
0.695521 0.500000 0.500000
0.694119 0.500000 0.500000
0.697641 0.500000 0.500000
0.695868 0.500000 0.500000
0.696789 0.500000 0.500000
0.694563 0.500000 0.500000
0.699664 0.500000 0.500000
0.694729 0.500000 0.500000
0.697088 0.500000 0.500000
0.693216 0.500000 0.500000
0.696378 0.500000 0.500000
0.696033 0.500000 0.500000
0.694656 0.500000 0.500000
0.697924 0.500000 0.500000
0.699975 0.500000 0.500000
0.697155 0.500000 0.500000
0.697437 0.500000 0.500000
0.697605 0.500000 0.500000
0.699545 0.500000 0.500000
0.695473 0.500000 0.500000
0.694639 0.500000 0.500000
0.696988 0.500000 0.500000
0.697179 0.500000 0.500000
0.695222 0.500000 0.500000
0.695657 0.500000 0.500000
0.701499 0.500000 0.500000
0.698519 0.500000 0.500000
0.694700 0.500000 0.500000
0.695495 0.500000 0.500000
0.699068 0.500000 0.500000
0.695138 0.500000 0.500000
0.693864 0.500000 0.500000
0.698641 0.500000 0.500000
0.693430 0.500000 0.500000
0.695490 0.500000 0.500000
0.694601 0.500000 0.500000
0.694398 0.500000 0.500000
0.695109 0.500000 0.500000
0.694932 0.500000 0.500000
0.694513 0.500000 0.500000
0.696969 0.500000 0.500000
0.694833 0.500000 0.500000
0.694710 0.500000 0.500000
0.695569 0.500000 0.500000
0.693420 0.500000 0.500000
0.695269 0.500000 0.500000
0.695332 0.500000 0.500000
0.693975 0.500000 0.500000
0.694062 0.500000 0.500000
0.694089 0.500000 0.500000
0.693375 0.500000 0.500000
0.696425 0.500000 0.500000
0.693304 0.500000 0.500000
0.694611 0.500000 0.500000
0.695169 0.500000 0.500000
0.692703 0.500000 0.500000
0.694678 0.500000 0.500000
0.695813 0.500000 0.500000
0.693911 0.500000 0.500000
0.695733 0.500000 0.500000
0.696469 0.500000 0.500000
0.694760 0.500000 0.500000
0.695196 0.500000 0.500000
0.698320 0.500000 0.500000
0.694327 0.500000 0.500000
0.694755 0.500000 0.500000
0.692070 0.500000 0.500000
0.696649 0.500000 0.500000
0.695209 0.500000 0.500000
0.693936 0.500000 0.500000
0.695794 0.500000 0.500000
0.695028 0.500000 0.500000
0.696405 0.500000 0.500000
0.695216 0.500000 0.500000
0.694374 0.500000 0.500000
0.695728 0.500000 0.500000
0.693591 0.500000 0.500000
0.694798 0.500000 0.500000
0.694720 0.500000 0.500000
0.693802 0.500000 0.500000
0.694788 0.500000 0.500000
0.695012 0.500000 0.500000
0.693600 0.500000 0.500000
0.692759 0.500000 0.500000
0.695223 0.500000 0.500000
0.693080 0.500000 0.500000
0.693143 0.500000 0.500000
0.693769 0.500000 0.500000
0.694680 0.500000 0.500000
0.695379 0.500000 0.500000
0.694844 0.500000 0.500000
0.694125 0.500000 0.500000
0.694704 0.500000 0.500000
0.692741 0.500000 0.500000
0.691820 0.500000 0.500000
0.694522 0.500000 0.500000
0.693919 0.500000 0.500000
0.696302 0.500000 0.500000
0.693032 0.500000 0.500000
0.694743 0.500000 0.500000
0.693610 0.500000 0.500000
0.692668 0.500000 0.500000
0.697131 0.500000 0.500000
0.694212 0.500000 0.500000
0.694729 0.500000 0.500000
0.693122 0.500000 0.500000
0.695091 0.500000 0.500000
0.695150 0.500000 0.500000
0.693569 0.500000 0.500000
0.693304 0.500000 0.500000
0.694816 0.500000 0.500000
0.695018 0.500000 0.500000
0.693848 0.500000 0.500000
0.694655 0.500000 0.500000
0.692980 0.500000 0.500000
0.694888 0.500000 0.500000
0.694620 0.500000 0.500000
0.693442 0.500000 0.500000
0.693752 0.500000 0.500000
0.693899 0.500000 0.500000
0.694519 0.500000 0.500000
0.693665 0.500000 0.500000
0.693860 0.500000 0.500000
0.694312 0.500000 0.500000
0.694334 0.500000 0.500000
0.694309 0.500000 0.500000
0.692924 0.500000 0.500000
0.693859 0.500000 0.500000
0.693979 0.500000 0.500000
0.694362 0.500000 0.500000
0.695056 0.500000 0.500000
0.693964 0.500000 0.500000
0.692931 0.500000 0.500000
0.693342 0.500000 0.500000
0.693363 0.500000 0.500000
0.693909 0.500000 0.500000
0.693342 0.500000 0.500000
0.692937 0.500000 0.500000
0.693933 0.500000 0.500000
0.693557 0.500000 0.500000
0.695105 0.500000 0.500000
0.693794 0.500000 0.500000
0.693521 0.500000 0.500000
0.694044 0.500000 0.500000
0.693623 0.500000 0.500000
0.693966 0.500000 0.500000
0.692990 0.500000 0.500000
0.692669 0.500000 0.500000
0.694300 0.500000 0.500000
0.694057 0.500000 0.500000
0.693715 0.500000 0.500000
0.693536 0.500000 0.500000
0.693539 0.500000 0.500000
0.693552 0.500000 0.500000
0.693757 0.500000 0.500000
0.693834 0.500000 0.500000
0.694190 0.500000 0.500000
0.692255 0.500000 0.500000
0.693700 0.500000 0.500000
0.694607 0.500000 0.500000
0.693473 0.500000 0.500000
0.694082 0.500000 0.500000
0.693160 0.500000 0.500000
0.693447 0.500000 0.500000
0.693820 0.500000 0.500000
0.693737 0.500000 0.500000
0.693612 0.500000 0.500000
0.693930 0.500000 0.500000
0.693916 0.500000 0.500000
0.693939 0.500000 0.500000
0.693027 0.500000 0.500000
0.694116 0.500000 0.500000
0.693575 0.500000 0.500000
0.692445 0.500000 0.500000
0.695209 0.500000 0.500000
0.694028 0.500000 0.500000
0.693130 0.500000 0.500000
0.694190 0.500000 0.500000
0.693667 0.500000 0.500000
0.693588 0.500000 0.500000
0.693317 0.500000 0.500000
0.694383 0.500000 0.500000
0.693067 0.500000 0.500000
0.693432 0.500000 0.500000
0.693556 0.500000 0.500000
0.692219 0.500000 0.500000
0.694098 0.500000 0.500000
0.693214 0.500000 0.500000
0.693387 0.500000 0.500000
0.693316 0.500000 0.500000
0.692749 0.500000 0.500000
0.693982 0.500000 0.500000
0.693345 0.500000 0.500000
0.692506 0.500000 0.500000
0.693412 0.500000 0.500000
0.692914 0.500000 0.500000
0.694012 0.500000 0.500000
0.692866 0.500000 0.500000
0.694075 0.500000 0.500000
0.692757 0.500000 0.500000
0.693512 0.500000 0.500000
0.694022 0.500000 0.500000
0.693515 0.500000 0.500000
0.693258 0.500000 0.500000
0.693250 0.500000 0.500000
0.693105 0.500000 0.500000
0.693734 0.500000 0.500000
0.692972 0.500000 0.500000
0.693883 0.500000 0.500000
0.693086 0.500000 0.500000
0.693727 0.500000 0.500000
0.693346 0.500000 0.500000
0.693371 0.500000 0.500000
0.693606 0.500000 0.500000
0.693564 0.500000 0.500000
0.693461 0.500000 0.500000
0.693297 0.500000 0.500000
0.693502 0.500000 0.500000
0.692230 0.500000 0.500000
0.694106 0.500000 0.500000
0.693607 0.500000 0.500000
0.692996 0.500000 0.500000
0.693069 0.500000 0.500000
0.693150 0.500000 0.500000
0.693244 0.500000 0.500000
0.693601 0.500000 0.500000
0.692502 0.500000 0.500000
0.692579 0.500000 0.500000
0.693408 0.500000 0.500000
0.693219 0.500000 0.500000
0.693497 0.500000 0.500000
0.692525 0.500000 0.500000
0.693662 0.500000 0.500000
0.693859 0.500000 0.500000
0.693335 0.500000 0.500000
0.693580 0.500000 0.500000
0.693063 0.500000 0.500000
0.692785 0.500000 0.500000
0.692981 0.500000 0.500000
0.692763 0.500000 0.500000
0.693042 0.500000 0.500000
0.693417 0.500000 0.500000
0.692476 0.500000 0.500000
0.693829 0.500000 0.500000
0.693835 0.500000 0.500000
0.693404 0.500000 0.500000
0.693341 0.500000 0.500000
0.693420 0.500000 0.500000
0.693388 0.500000 0.500000
0.693678 0.500000 0.500000
0.693082 0.500000 0.500000
0.693552 0.500000 0.500000
0.693413 0.500000 0.500000
0.693299 0.500000 0.500000
0.693405 0.500000 0.500000
0.693209 0.500000 0.500000
0.693486 0.500000 0.500000
0.692890 0.500000 0.500000
0.693487 0.500000 0.500000
0.693554 0.500000 0.500000
0.692971 0.500000 0.500000
0.693375 0.500000 0.500000
0.693130 0.500000 0.500000
0.693015 0.500000 0.500000
0.692541 0.500000 0.500000
0.693698 0.500000 0.500000
0.692442 0.500000 0.500000
0.693377 0.500000 0.500000
0.693163 0.500000 0.500000
0.693771 0.500000 0.500000
0.692806 0.500000 0.500000
0.693208 0.500000 0.500000
0.693020 0.500000 0.500000
0.692698 0.500000 0.500000
0.693290 0.500000 0.500000
0.693192 0.500000 0.500000
0.693656 0.500000 0.500000
0.692929 0.500000 0.500000
0.693383 0.500000 0.500000
0.693357 0.500000 0.500000
0.693406 0.500000 0.500000
0.692961 0.500000 0.500000
0.693306 0.500000 0.500000
0.693011 0.500000 0.500000
0.693286 0.500000 0.500000
0.692747 0.500000 0.500000
0.692934 0.500000 0.500000
0.692894 0.500000 0.500000
0.692794 0.500000 0.500000
0.693258 0.500000 0.500000
0.692555 0.500000 0.500000
0.693424 0.500000 0.500000
0.692772 0.500000 0.500000
0.693851 0.500000 0.500000
0.693278 0.500000 0.500000
0.693470 0.500000 0.500000
0.692823 0.500000 0.500000
0.693142 0.500000 0.500000
0.692906 0.500000 0.500000
0.693681 0.500000 0.500000
0.693561 0.500000 0.500000
0.693545 0.500000 0.500000
0.693131 0.500000 0.500000
0.693250 0.500000 0.500000
0.692525 0.500000 0.500000
0.693300 0.500000 0.500000
0.693095 0.500000 0.500000
0.692537 0.500000 0.500000
0.693159 0.500000 0.500000
0.693378 0.500000 0.500000
0.693742 0.500000 0.500000
0.693145 0.500000 0.500000
0.693347 0.500000 0.500000
0.693336 0.500000 0.500000
0.693927 0.500000 0.500000
0.693455 0.500000 0.500000
0.693072 0.500000 0.500000
0.693053 0.500000 0.500000
0.693007 0.500000 0.500000
0.693404 0.500000 0.500000
0.693867 0.500000 0.500000
0.693085 0.500000 0.500000
0.693397 0.500000 0.500000
0.693260 0.500000 0.500000
0.693239 0.500000 0.500000
0.693479 0.500000 0.500000
0.693278 0.500000 0.500000
0.693369 0.500000 0.500000
0.693524 0.500000 0.500000
0.693492 0.500000 0.500000
0.693176 0.500000 0.500000
