0.764828 0.641111 0.670000
0.627979 0.661667 0.700000
0.614165 0.686111 0.725000
0.601065 0.708333 0.690000
0.593780 0.706111 0.685000
0.592240 0.697222 0.685000
0.610216 0.696111 0.705000
0.629862 0.707222 0.695000
0.597533 0.695556 0.700000
0.587186 0.703889 0.685000
0.586022 0.698889 0.710000
0.589728 0.698889 0.685000
0.590729 0.697222 0.695000
0.575524 0.705000 0.705000
0.575079 0.697222 0.715000
0.580744 0.693889 0.725000
0.570674 0.702222 0.715000
0.572699 0.705000 0.695000
0.569249 0.704444 0.695000
0.556235 0.711667 0.695000
0.565351 0.695556 0.710000
0.566992 0.712778 0.710000
0.575935 0.712222 0.690000
0.560893 0.707778 0.705000
0.573904 0.695000 0.710000
0.564912 0.708889 0.715000
0.565653 0.711111 0.700000
0.551964 0.697222 0.710000
0.542111 0.703333 0.695000
0.537959 0.705556 0.720000
0.550377 0.716111 0.705000
0.549544 0.706111 0.715000
0.554604 0.713889 0.710000
0.559202 0.702778 0.710000
0.547708 0.706111 0.705000
0.553222 0.711667 0.695000
0.557960 0.707778 0.695000
0.567424 0.692222 0.705000
0.568793 0.713889 0.730000
0.542198 0.704444 0.705000
0.549162 0.712778 0.725000
0.551193 0.710000 0.715000
0.551733 0.705556 0.720000
0.532043 0.685556 0.675000
0.568807 0.718333 0.720000
0.562768 0.716667 0.705000
0.543462 0.707778 0.720000
0.548935 0.692778 0.670000
0.541833 0.698333 0.690000
0.526517 0.720000 0.720000
0.571139 0.728889 0.725000
0.516287 0.719444 0.730000
0.530755 0.722778 0.730000
0.536451 0.717778 0.745000
0.525832 0.747222 0.750000
0.544659 0.725556 0.740000
0.494884 0.725556 0.755000
0.527604 0.732222 0.740000
0.537259 0.728333 0.730000
0.517895 0.748889 0.760000
0.503011 0.742778 0.765000
0.510784 0.747222 0.760000
0.493295 0.744444 0.745000
0.501869 0.743333 0.760000
0.482715 0.743333 0.755000
0.488281 0.766667 0.775000
0.484129 0.758889 0.755000
0.510799 0.766111 0.755000
0.478125 0.776667 0.785000
0.515784 0.757222 0.750000
0.492160 0.733333 0.745000
0.485393 0.772778 0.795000
0.499656 0.772222 0.780000
0.484067 0.777778 0.785000
0.502873 0.743889 0.745000
0.510592 0.775556 0.795000
0.458156 0.773889 0.785000
0.520951 0.738333 0.730000
0.510677 0.746111 0.760000
0.489925 0.750556 0.770000
0.522197 0.767778 0.770000
0.510914 0.787222 0.810000
0.505619 0.788889 0.790000
0.511050 0.769444 0.795000
0.467335 0.741667 0.740000
0.470839 0.780000 0.755000
0.498406 0.781667 0.810000
0.484880 0.767222 0.790000
0.478693 0.775000 0.790000
0.453815 0.777222 0.780000
0.458480 0.780000 0.770000
0.494493 0.793333 0.785000
0.476197 0.794444 0.815000
0.522383 0.760556 0.765000
0.487351 0.776111 0.775000
0.485949 0.792222 0.785000
0.491165 0.792222 0.810000
0.472697 0.805000 0.820000
0.486748 0.787222 0.805000
0.475295 0.803333 0.825000
0.459063 0.785000 0.800000
0.489791 0.726667 0.705000
0.500428 0.733889 0.705000
0.505089 0.749444 0.735000
0.464737 0.803333 0.805000
0.474954 0.785556 0.810000
0.444692 0.799444 0.810000
0.454099 0.809444 0.790000
0.474840 0.810556 0.830000
0.456796 0.806111 0.800000
0.466679 0.802778 0.820000
0.484181 0.815000 0.810000
0.461122 0.818889 0.820000
0.479833 0.751667 0.765000
0.475741 0.804444 0.800000
0.462953 0.813333 0.810000
0.475957 0.812778 0.825000
0.440952 0.811667 0.795000
0.469024 0.760556 0.775000
0.458693 0.800556 0.805000
0.451335 0.826667 0.850000
0.445940 0.822222 0.835000
0.454261 0.797222 0.805000
0.455828 0.775000 0.795000
0.450774 0.823889 0.870000
0.469935 0.764444 0.770000
0.464421 0.802778 0.830000
0.442967 0.830000 0.850000
0.482610 0.802222 0.810000
0.490205 0.804444 0.830000
0.469014 0.818889 0.830000
0.441506 0.815556 0.835000
0.434424 0.814444 0.850000
0.445139 0.830000 0.860000
0.444076 0.831111 0.860000
0.455426 0.790556 0.795000
0.448443 0.823889 0.830000
0.458291 0.816111 0.820000
0.444256 0.826111 0.870000
0.452502 0.841111 0.865000
0.454155 0.847222 0.850000
0.444136 0.831111 0.860000
0.428719 0.833333 0.835000
0.418933 0.837778 0.865000
0.442659 0.813889 0.780000
0.430962 0.806667 0.815000
0.429766 0.821111 0.850000
0.416707 0.847778 0.860000
0.439790 0.790000 0.790000
0.473767 0.822222 0.820000
0.435028 0.835000 0.840000
0.438940 0.842222 0.875000
0.460604 0.835556 0.850000
0.442692 0.825556 0.810000
0.430859 0.834444 0.860000
0.432228 0.830556 0.845000
0.399941 0.847222 0.870000
0.432982 0.835000 0.835000
0.420494 0.837222 0.850000
0.440201 0.840000 0.845000
0.425351 0.840000 0.860000
0.449606 0.852222 0.875000
0.419990 0.837222 0.830000
0.412665 0.850000 0.860000
0.429818 0.840556 0.870000
0.409969 0.848333 0.875000
0.431420 0.847778 0.870000
0.400083 0.833889 0.825000
0.422467 0.850000 0.835000
0.448520 0.850000 0.845000
0.400917 0.847778 0.865000
0.395877 0.841111 0.865000
0.419879 0.849444 0.865000
0.397705 0.848333 0.865000
0.424204 0.817222 0.825000
0.395978 0.838889 0.820000
0.400323 0.847778 0.840000
0.410584 0.855000 0.855000
0.419095 0.823333 0.805000
0.434142 0.855000 0.875000
0.414692 0.838889 0.870000
0.439856 0.821667 0.855000
0.398295 0.850000 0.865000
0.449019 0.856111 0.860000
0.399578 0.856111 0.860000
0.441092 0.831111 0.865000
0.390177 0.852778 0.855000
0.404514 0.856667 0.860000
0.421369 0.858333 0.865000
0.441726 0.852222 0.870000
0.407097 0.854444 0.865000
0.438021 0.856111 0.880000
0.420478 0.855000 0.865000
0.402756 0.821667 0.830000
0.385072 0.862778 0.890000
0.424688 0.850000 0.870000
0.410583 0.846111 0.865000
0.410067 0.858889 0.855000
0.396896 0.862222 0.890000
0.395412 0.856667 0.890000
0.420265 0.855000 0.880000
0.392907 0.858333 0.870000
0.382237 0.857222 0.885000
0.375784 0.845000 0.850000
0.387758 0.857778 0.855000
0.370943 0.866111 0.870000
0.383173 0.860556 0.880000
0.412603 0.867778 0.880000
0.384755 0.862222 0.885000
0.409680 0.863333 0.865000
0.396293 0.865556 0.885000
0.413361 0.865556 0.865000
0.376584 0.858333 0.870000
0.387355 0.851667 0.885000
0.401290 0.851111 0.860000
0.378478 0.853333 0.860000
0.376276 0.862778 0.860000
0.380542 0.855000 0.870000
0.387238 0.856111 0.880000
0.395695 0.871111 0.865000
0.373457 0.863333 0.860000
0.366077 0.861667 0.850000
0.397783 0.862222 0.880000
0.358229 0.850000 0.860000
0.375410 0.861111 0.885000
0.370406 0.853889 0.850000
0.398715 0.866667 0.865000
0.393085 0.841667 0.850000
0.414159 0.861111 0.845000
0.380397 0.837222 0.855000
0.376074 0.834444 0.820000
0.383170 0.852778 0.860000
0.395620 0.871111 0.870000
0.415701 0.865000 0.875000
0.394349 0.870556 0.865000
0.369864 0.854444 0.870000
0.379977 0.847778 0.860000
0.369653 0.876667 0.865000
0.372253 0.874444 0.885000
0.361229 0.848889 0.855000
0.338734 0.878889 0.880000
0.348883 0.871111 0.870000
0.344555 0.851667 0.870000
0.378419 0.870556 0.890000
0.369796 0.862222 0.860000
0.346114 0.869444 0.885000
0.352902 0.872778 0.880000
0.355888 0.870000 0.870000
0.362150 0.869444 0.880000
0.354464 0.872778 0.870000
0.357212 0.881111 0.875000
0.363222 0.873333 0.855000
0.374084 0.875556 0.870000
0.377185 0.861111 0.880000
0.386170 0.855556 0.845000
0.373632 0.857222 0.875000
0.342309 0.878889 0.875000
0.388780 0.865000 0.875000
0.377770 0.871667 0.865000
0.376337 0.871667 0.880000
0.361956 0.861111 0.855000
0.365934 0.867222 0.885000
0.343370 0.872222 0.860000
0.327726 0.875556 0.865000
0.360105 0.866111 0.870000
0.351276 0.873333 0.890000
0.367626 0.859444 0.895000
0.377785 0.868333 0.870000
0.373922 0.875000 0.890000
0.367098 0.872222 0.865000
0.363392 0.873889 0.880000
0.351652 0.863889 0.850000
0.364824 0.862222 0.875000
0.364512 0.871667 0.885000
0.355856 0.867222 0.865000
0.365678 0.870556 0.885000
0.350257 0.867778 0.880000
0.347614 0.866111 0.860000
0.373134 0.880000 0.865000
0.349120 0.862222 0.870000
0.389141 0.875556 0.895000
0.364322 0.847222 0.850000
0.370910 0.848333 0.835000
0.364662 0.878889 0.885000
0.350375 0.847778 0.845000
0.339836 0.854444 0.855000
0.346286 0.880556 0.880000
0.345623 0.876111 0.885000
0.347681 0.883889 0.870000
0.355948 0.871111 0.870000
0.327018 0.883333 0.890000
0.371483 0.876667 0.870000
0.338723 0.873333 0.890000
0.311659 0.875000 0.870000
0.385022 0.872222 0.880000
0.375323 0.878333 0.875000
0.343505 0.870000 0.890000
0.377822 0.872222 0.880000
0.340312 0.859444 0.875000
0.356430 0.870556 0.875000
0.336955 0.881667 0.890000
0.370356 0.873333 0.890000
0.368176 0.871667 0.870000
0.345344 0.865556 0.860000
0.326620 0.867222 0.865000
0.336229 0.865000 0.865000
0.352923 0.862222 0.865000
0.324613 0.882222 0.890000
0.348815 0.869444 0.890000
0.352132 0.879444 0.880000
0.349685 0.872778 0.885000
0.369194 0.877222 0.880000
0.342454 0.873333 0.880000
0.374008 0.874444 0.885000
0.359403 0.876667 0.885000
0.341504 0.864444 0.880000
0.363711 0.873333 0.875000
0.384941 0.869444 0.880000
0.370944 0.872778 0.885000
0.308161 0.875556 0.890000
0.361663 0.880556 0.880000
0.367943 0.876111 0.895000
0.335021 0.879444 0.885000
0.348005 0.877778 0.880000
0.329151 0.872778 0.895000
0.351780 0.873889 0.895000
0.362564 0.876667 0.885000
0.372157 0.877222 0.890000
0.335307 0.876667 0.885000
0.357242 0.872222 0.870000
0.364653 0.871111 0.880000
0.342282 0.872222 0.870000
0.361525 0.879444 0.880000
0.368759 0.872222 0.880000
0.330344 0.855556 0.855000
0.359639 0.852222 0.865000
0.371504 0.878333 0.890000
0.341071 0.880556 0.875000
0.360715 0.869444 0.880000
0.339514 0.877222 0.880000
0.323247 0.863333 0.850000
0.337875 0.874444 0.875000
0.354730 0.865556 0.860000
0.353562 0.857222 0.855000
0.335822 0.863333 0.865000
0.324328 0.878333 0.880000
0.329458 0.873889 0.875000
0.336479 0.871111 0.875000
0.360934 0.862778 0.860000
0.354451 0.877222 0.870000
