1.137258 0.324961 0.325349
1.024453 0.324961 0.325349
1.003043 0.324961 0.325349
0.990202 0.324961 0.325349
1.005495 0.324961 0.325349
1.010317 0.324961 0.325349
1.008402 0.324961 0.325349
0.986551 0.324961 0.325349
0.991219 0.324961 0.325349
0.978790 0.324961 0.325349
0.991022 0.324961 0.325349
0.988689 0.324961 0.325349
0.969959 0.324961 0.325349
1.002076 0.324961 0.325349
0.983876 0.324961 0.325349
0.947342 0.324961 0.325349
0.976640 0.324961 0.325349
0.975169 0.324961 0.325349
0.960895 0.324961 0.325349
0.968868 0.324961 0.325349
0.976014 0.324961 0.325349
0.957467 0.324961 0.325349
0.977957 0.324961 0.325349
0.982385 0.324961 0.325349
0.976040 0.324961 0.325349
0.974721 0.324961 0.325349
0.972026 0.324961 0.325349
0.987651 0.324961 0.325349
0.981448 0.324961 0.325349
0.962923 0.324961 0.325349
0.971426 0.324961 0.325349
1.000687 0.324961 0.325349
0.981952 0.324961 0.325349
0.956805 0.324961 0.325349
0.969499 0.324961 0.325349
0.983716 0.324961 0.325349
0.953536 0.324961 0.325349
0.977359 0.324961 0.325349
0.947691 0.324961 0.325349
0.970508 0.324961 0.325349
0.973066 0.324961 0.325349
0.960712 0.324961 0.325349
0.979967 0.324961 0.325349
0.966799 0.324961 0.325349
0.982308 0.324961 0.325349
0.952835 0.324961 0.325349
0.964572 0.324961 0.325349
0.954693 0.324961 0.325349
0.977306 0.324961 0.325349
0.942621 0.324961 0.325349
0.974048 0.324961 0.325349
0.988643 0.324961 0.325349
0.988328 0.324961 0.325349
0.954392 0.324961 0.325349
0.947397 0.324961 0.325349
0.959473 0.324961 0.325349
0.976294 0.324961 0.325349
0.971569 0.324961 0.325349
0.967588 0.324961 0.325349
0.982949 0.324961 0.325349
0.972456 0.324961 0.325349
0.963326 0.324961 0.325349
0.956505 0.324961 0.325349
0.974548 0.324961 0.325349
0.959755 0.324961 0.325349
0.932008 0.324961 0.325349
0.947478 0.324961 0.325349
0.966453 0.324961 0.325349
0.965762 0.324961 0.325349
0.948973 0.324961 0.325349
0.988418 0.324961 0.325349
0.963047 0.324961 0.325349
0.982150 0.324961 0.325349
0.981924 0.324961 0.325349
0.985220 0.324961 0.325349
0.971871 0.324961 0.325349
0.985360 0.324961 0.325349
0.950466 0.324961 0.325349
0.956363 0.324961 0.325349
0.979467 0.324961 0.325349
0.955923 0.324961 0.325349
0.974002 0.324961 0.325349
0.981111 0.324961 0.325349
0.971479 0.324961 0.325349
0.985048 0.324961 0.325349
0.957280 0.324961 0.325349
0.947651 0.324961 0.325349
0.969387 0.324961 0.325349
0.986146 0.324961 0.325349
0.969759 0.324961 0.325349
0.967893 0.324961 0.325349
0.964554 0.324961 0.325349
0.970481 0.324961 0.325349
0.961176 0.324961 0.325349
0.980420 0.324961 0.325349
0.959653 0.324961 0.325349
0.956357 0.324961 0.325349
0.975006 0.324961 0.325349
0.949765 0.324961 0.325349
0.957297 0.324961 0.325349
0.946460 0.324961 0.325349
0.956317 0.324961 0.325349
0.969293 0.324961 0.325349
0.975372 0.324961 0.325349
0.963514 0.324961 0.325349
0.953381 0.324961 0.325349
0.978399 0.324961 0.325349
0.954020 0.324961 0.325349
0.958740 0.324961 0.325349
0.939038 0.324961 0.325349
0.959138 0.324961 0.325349
0.971372 0.324961 0.325349
0.948521 0.324961 0.325349
0.970315 0.324961 0.325349
0.953058 0.324961 0.325349
0.951543 0.324961 0.325349
0.948951 0.324961 0.325349
0.952342 0.324961 0.325349
0.960212 0.324961 0.325349
0.956850 0.324961 0.325349
0.968284 0.324961 0.325349
0.956169 0.324961 0.325349
0.984607 0.324961 0.325349
0.971554 0.324961 0.325349
0.958548 0.324961 0.325349
0.974489 0.324961 0.325349
0.970079 0.324961 0.325349
0.974080 0.324961 0.325349
0.956521 0.324961 0.325349
0.961690 0.324961 0.325349
0.984192 0.324961 0.325349
0.989494 0.324961 0.325349
0.979046 0.324961 0.325349
0.989692 0.324961 0.325349
0.951417 0.324961 0.325349
0.961939 0.324961 0.325349
0.974256 0.324961 0.325349
0.963102 0.324961 0.325349
0.962530 0.324961 0.325349
0.958800 0.324961 0.325349
0.981203 0.324961 0.325349
0.999206 0.324961 0.325349
0.999925 0.324961 0.325349
0.999940 0.324961 0.325349
1.014543 0.324961 0.325349
1.026394 0.324961 0.325349
1.021520 0.324961 0.325349
0.989985 0.324961 0.325349
0.987492 0.324961 0.325349
1.010857 0.324961 0.325349
0.997934 0.324961 0.325349
1.015036 0.324961 0.325349
1.004095 0.324961 0.325349
1.002894 0.324961 0.325349
1.009452 0.324961 0.325349
1.004539 0.324961 0.325349
1.029876 0.324961 0.325349
1.002896 0.324961 0.325349
1.004955 0.324961 0.325349
1.014235 0.324961 0.325349
1.031240 0.324961 0.325349
0.988819 0.324961 0.325349
1.014903 0.324961 0.325349
1.015558 0.324961 0.325349
1.009228 0.324961 0.325349
0.994374 0.324961 0.325349
1.019035 0.324961 0.325349
1.004019 0.324961 0.325349
1.002048 0.324961 0.325349
1.007383 0.324961 0.325349
1.013081 0.324961 0.325349
0.989558 0.324961 0.325349
1.017339 0.324961 0.325349
1.012426 0.324961 0.325349
0.998319 0.324961 0.325349
0.996625 0.324961 0.325349
0.992058 0.324961 0.325349
1.017174 0.324961 0.325349
1.000237 0.324961 0.325349
1.011798 0.324961 0.325349
1.003656 0.324961 0.325349
1.012182 0.324961 0.325349
1.001775 0.324961 0.325349
1.001593 0.324961 0.325349
1.004506 0.324961 0.325349
1.011519 0.324961 0.325349
1.010499 0.324961 0.325349
0.995456 0.324961 0.325349
0.997973 0.324961 0.325349
1.009189 0.324961 0.325349
1.000890 0.324961 0.325349
1.007408 0.324961 0.325349
1.001030 0.324961 0.325349
1.000898 0.324961 0.325349
1.008967 0.324961 0.325349
1.010354 0.324961 0.325349
0.999463 0.324961 0.325349
1.012607 0.324961 0.325349
1.003811 0.324961 0.325349
0.979770 0.324961 0.325349
1.019909 0.324961 0.325349
1.009208 0.324961 0.325349
1.008106 0.324961 0.325349
1.007242 0.324961 0.325349
1.002826 0.324961 0.325349
1.016817 0.324961 0.325349
0.983094 0.324961 0.325349
1.018121 0.324961 0.325349
1.006648 0.324961 0.325349
1.022138 0.324961 0.325349
1.003006 0.324961 0.325349
1.005125 0.324961 0.325349
0.997817 0.324961 0.325349
0.994447 0.324961 0.325349
0.988960 0.324961 0.325349
1.012816 0.324961 0.325349
1.001255 0.324961 0.325349
1.002294 0.324961 0.325349
0.991594 0.324961 0.325349
0.989572 0.324961 0.325349
0.990745 0.324961 0.325349
1.009935 0.324961 0.325349
1.003431 0.324961 0.325349
1.026140 0.324961 0.325349
1.003052 0.324961 0.325349
1.007639 0.324961 0.325349
0.997500 0.324961 0.325349
1.006356 0.324961 0.325349
1.007374 0.324961 0.325349
0.999282 0.324961 0.325349
1.001366 0.324961 0.325349
1.012781 0.324961 0.325349
1.006362 0.324961 0.325349
0.988464 0.324961 0.325349
0.997234 0.324961 0.325349
1.010297 0.324961 0.325349
1.000317 0.324961 0.325349
0.996284 0.324961 0.325349
1.016438 0.324961 0.325349
1.005410 0.324961 0.325349
1.019507 0.324961 0.325349
0.999290 0.324961 0.325349
1.003264 0.324961 0.325349
0.996683 0.324961 0.325349
0.997172 0.324961 0.325349
1.005261 0.324961 0.325349
1.010646 0.324961 0.325349
0.998730 0.324961 0.325349
0.993783 0.324961 0.325349
0.993078 0.324961 0.325349
1.004431 0.324961 0.325349
1.008450 0.324961 0.325349
1.015383 0.324961 0.325349
1.014350 0.324961 0.325349
1.023724 0.324961 0.325349
1.009232 0.324961 0.325349
0.995299 0.324961 0.325349
1.002017 0.324961 0.325349
1.004150 0.324961 0.325349
1.018058 0.324961 0.325349
1.007951 0.324961 0.325349
1.018915 0.324961 0.325349
1.018257 0.324961 0.325349
1.009905 0.324961 0.325349
1.010806 0.324961 0.325349
1.014199 0.324961 0.325349
0.980453 0.324961 0.325349
0.983133 0.324961 0.325349
1.005940 0.324961 0.325349
1.013345 0.324961 0.325349
1.014570 0.324961 0.325349
0.996635 0.324961 0.325349
0.999280 0.324961 0.325349
1.021567 0.324961 0.325349
0.990192 0.324961 0.325349
0.983707 0.324961 0.325349
0.987133 0.324961 0.325349
1.010293 0.324961 0.325349
1.024187 0.324961 0.325349
0.990795 0.324961 0.325349
1.005142 0.324961 0.325349
1.013673 0.324961 0.325349
1.013930 0.324961 0.325349
1.005938 0.324961 0.325349
1.018500 0.324961 0.325349
0.993688 0.324961 0.325349
1.001845 0.324961 0.325349
1.002248 0.324961 0.325349
0.997518 0.324961 0.325349
1.008518 0.324961 0.325349
0.987633 0.324961 0.325349
1.018592 0.324961 0.325349
0.992343 0.324961 0.325349
1.019455 0.324961 0.325349
0.983472 0.324961 0.325349
1.008175 0.324961 0.325349
1.010184 0.324961 0.325349
1.017857 0.324961 0.325349
0.992581 0.324961 0.325349
1.015683 0.324961 0.325349
0.975609 0.324961 0.325349
0.976743 0.324961 0.325349
1.008918 0.324961 0.325349
1.017206 0.324961 0.325349
1.021020 0.324961 0.325349
1.002228 0.324961 0.325349
1.004623 0.324961 0.325349
0.987053 0.324961 0.325349
0.998682 0.324961 0.325349
0.991094 0.324961 0.325349
1.017641 0.324961 0.325349
1.009914 0.324961 0.325349
0.999666 0.324961 0.325349
1.009454 0.324961 0.325349
1.009060 0.324961 0.325349
1.000844 0.324961 0.325349
1.001971 0.324961 0.325349
1.004959 0.324961 0.325349
1.001568 0.324961 0.325349
0.996935 0.324961 0.325349
1.007766 0.324961 0.325349
0.992688 0.324961 0.325349
1.018778 0.324961 0.325349
1.027275 0.324961 0.325349
1.002221 0.324961 0.325349
1.000619 0.324961 0.325349
1.009481 0.324961 0.325349
1.001582 0.324961 0.325349
0.996495 0.324961 0.325349
1.010264 0.324961 0.325349
0.997201 0.324961 0.325349
1.028968 0.324961 0.325349
0.998383 0.324961 0.325349
1.002738 0.324961 0.325349
1.000820 0.324961 0.325349
1.010727 0.324961 0.325349
1.003812 0.324961 0.325349
1.008275 0.324961 0.325349
1.026394 0.324961 0.325349
1.000196 0.324961 0.325349
1.000931 0.324961 0.325349
1.018571 0.324961 0.325349
1.017119 0.324961 0.325349
1.012091 0.324961 0.325349
1.022698 0.324961 0.325349
1.001533 0.324961 0.325349
1.023962 0.324961 0.325349
0.993999 0.324961 0.325349
1.014623 0.324961 0.325349
1.002075 0.324961 0.325349
