0.949870 0.616137 0.644711
0.874656 0.679040 0.704591
0.870877 0.637697 0.668663
0.835005 0.645477 0.678643
0.788986 0.655701 0.654691
0.760806 0.641254 0.668663
0.830449 0.635030 0.662675
0.793930 0.676373 0.706587
0.804684 0.642143 0.672655
0.806878 0.615470 0.622754
0.833500 0.640587 0.672655
0.799360 0.672149 0.688623
0.772869 0.637920 0.668663
0.825449 0.637253 0.642715
0.810975 0.645477 0.680639
0.780479 0.650589 0.682635
0.793369 0.645921 0.676647
0.787910 0.677928 0.692615
0.761075 0.639253 0.674651
0.775824 0.620582 0.652695
0.806282 0.623250 0.650699
0.777807 0.654812 0.684631
0.740933 0.629029 0.660679
0.738189 0.643032 0.678643
0.773741 0.681929 0.702595
0.757880 0.644588 0.676647
0.764534 0.676817 0.702595
0.745865 0.675928 0.706587
0.743957 0.636364 0.670659
0.752863 0.649255 0.688623
0.756960 0.653256 0.686627
0.765897 0.641254 0.674651
0.807821 0.627695 0.640719
0.770475 0.632363 0.664671
0.735892 0.647255 0.680639
0.754008 0.677484 0.698603
0.735544 0.681929 0.704591
0.739650 0.681485 0.700599
0.706513 0.636586 0.674651
0.715780 0.686819 0.706587
0.716542 0.685041 0.698603
0.729498 0.680818 0.702595
0.711005 0.670149 0.696607
0.685094 0.659480 0.684631
0.707685 0.686152 0.710579
0.658102 0.688153 0.706587
0.700125 0.691932 0.702595
0.680983 0.668371 0.688623
0.676899 0.701045 0.722555
0.691772 0.665037 0.690619
0.712966 0.690820 0.714571
0.712923 0.685930 0.702595
0.665288 0.674372 0.688623
0.694465 0.658146 0.674651
0.658756 0.669260 0.686627
0.674903 0.705935 0.720559
0.681400 0.702156 0.724551
0.633781 0.705268 0.718563
0.678694 0.682374 0.688623
0.682616 0.616359 0.620758
0.686089 0.698155 0.726547
0.660657 0.704379 0.718563
0.652672 0.699044 0.714571
0.647857 0.699711 0.718563
0.689660 0.705268 0.718563
0.630447 0.712825 0.734531
0.674821 0.701489 0.722555
0.638762 0.708157 0.720559
0.654049 0.690598 0.696607
0.654187 0.691709 0.700599
0.680861 0.703934 0.726547
0.656024 0.706601 0.724551
0.675792 0.713714 0.726547
0.668299 0.655479 0.660679
0.648268 0.707046 0.732535
0.652477 0.690598 0.702595
0.697179 0.696155 0.714571
0.631555 0.716381 0.732535
0.659070 0.683485 0.704591
0.663121 0.689264 0.716567
0.674731 0.668593 0.682635
0.678267 0.706824 0.730539
0.685304 0.705935 0.724551
0.665938 0.720382 0.734531
0.657761 0.717937 0.728543
0.670110 0.703045 0.718563
0.649862 0.676150 0.688623
0.630366 0.714159 0.730539
0.671363 0.656590 0.666667
0.660295 0.711936 0.720559
0.642851 0.707935 0.718563
0.646115 0.711047 0.732535
0.655397 0.712158 0.738523
0.656904 0.716826 0.734531
0.662740 0.678373 0.710579
0.618887 0.713270 0.730539
0.648219 0.696155 0.724551
0.677635 0.712158 0.734531
0.650230 0.716826 0.738523
0.657434 0.715270 0.734531
0.647939 0.714603 0.730539
0.628125 0.716159 0.738523
0.615690 0.710602 0.728543
0.623347 0.705268 0.724551
0.613152 0.719938 0.736527
0.672273 0.661925 0.676647
0.617562 0.708157 0.738523
0.620046 0.700822 0.726547
0.610744 0.706601 0.726547
0.629296 0.703045 0.726547
0.678975 0.718604 0.740519
0.635679 0.679262 0.706587
0.607908 0.707491 0.722555
0.639718 0.705490 0.728543
0.627075 0.717493 0.740519
0.631199 0.703712 0.730539
0.650070 0.695710 0.720559
0.636094 0.704156 0.728543
0.633346 0.707268 0.732535
0.626589 0.716159 0.734531
0.635954 0.694377 0.714571
0.631880 0.659924 0.678643
0.646294 0.701711 0.720559
0.634884 0.702156 0.728543
0.622923 0.695932 0.724551
0.630004 0.701045 0.728543
0.623108 0.687042 0.712575
0.632742 0.645699 0.656687
0.652626 0.706157 0.740519
0.604031 0.713936 0.732535
0.640219 0.684597 0.720559
0.657923 0.700600 0.720559
0.615633 0.695932 0.720559
0.621728 0.693265 0.718563
0.613060 0.706157 0.726547
0.632125 0.694599 0.722555
0.633950 0.689264 0.716567
0.612839 0.695488 0.720559
0.648680 0.704156 0.724551
0.609294 0.711047 0.736527
0.643057 0.655924 0.660679
0.628497 0.696822 0.726547
0.643961 0.704601 0.732535
0.652600 0.702378 0.726547
0.615424 0.692376 0.708583
0.663794 0.669704 0.688623
0.635517 0.690376 0.712575
0.627672 0.698377 0.728543
0.591600 0.701267 0.726547
0.646086 0.666815 0.692615
0.609336 0.685486 0.718563
0.617343 0.718160 0.738523
0.600845 0.712158 0.736527
0.590765 0.690598 0.708583
0.597655 0.691932 0.722555
0.605275 0.697044 0.722555
0.650465 0.666815 0.696607
0.594279 0.700822 0.716567
0.619851 0.703045 0.730539
0.611834 0.703045 0.726547
0.661801 0.693932 0.716567
0.605845 0.701934 0.726547
0.624559 0.694377 0.722555
0.608212 0.679040 0.692615
0.612559 0.694599 0.722555
0.604934 0.712825 0.730539
0.610548 0.699933 0.732535
0.621884 0.679484 0.706587
0.600295 0.687486 0.712575
0.624198 0.691932 0.722555
0.616062 0.700378 0.722555
0.594756 0.684374 0.704591
0.637381 0.690153 0.714571
0.597865 0.693043 0.716567
0.625531 0.689042 0.712575
0.620206 0.703712 0.720559
0.608891 0.685041 0.708583
0.606279 0.681040 0.710579
0.580825 0.687264 0.714571
0.601627 0.677706 0.706587
0.619904 0.677039 0.706587
0.609727 0.675261 0.706587
0.579131 0.697711 0.720559
0.611008 0.682596 0.714571
0.600876 0.696599 0.720559
0.599144 0.695488 0.726547
0.629150 0.691487 0.714571
0.581049 0.678595 0.712575
0.614717 0.681929 0.698603
0.629504 0.699044 0.726547
0.608658 0.689709 0.716567
0.586386 0.699044 0.718563
0.601239 0.692821 0.718563
0.623798 0.670371 0.686627
0.597917 0.699933 0.726547
0.619465 0.688597 0.714571
0.595637 0.683263 0.710579
0.611583 0.691042 0.712575
0.613886 0.692821 0.720559
0.593702 0.693043 0.720559
0.620994 0.681707 0.712575
0.619951 0.692376 0.720559
0.580276 0.688820 0.718563
0.611323 0.678595 0.702595
0.625975 0.688375 0.714571
0.610579 0.688375 0.720559
0.580255 0.696155 0.720559
0.630677 0.696155 0.722555
0.582188 0.687708 0.712575
0.594122 0.691042 0.722555
0.607068 0.681485 0.710579
0.599394 0.685930 0.710579
0.590732 0.696377 0.722555
0.622746 0.691265 0.714571
0.591560 0.675039 0.706587
0.612118 0.691042 0.720559
0.597160 0.686375 0.716567
0.594796 0.714381 0.740519
0.595535 0.694599 0.722555
0.604616 0.684819 0.712575
0.580711 0.703934 0.740519
0.606912 0.701045 0.718563
0.596957 0.690153 0.716567
0.599468 0.698155 0.718563
0.589029 0.689931 0.708583
0.583678 0.687042 0.716567
0.615965 0.692154 0.720559
0.602536 0.684597 0.714571
0.580811 0.677039 0.710579
0.598713 0.676150 0.706587
0.606140 0.681485 0.710579
0.617948 0.680596 0.708583
0.619967 0.689487 0.724551
0.617885 0.681707 0.718563
0.616554 0.686597 0.708583
0.593703 0.678373 0.706587
0.582808 0.697266 0.722555
0.565384 0.701711 0.734531
0.599314 0.695710 0.734531
0.599449 0.685930 0.714571
0.595181 0.680596 0.696607
0.598091 0.668815 0.702595
0.573012 0.680151 0.700599
0.599024 0.678818 0.694611
0.584550 0.676595 0.706587
0.593352 0.685263 0.712575
0.590137 0.656813 0.702595
0.594979 0.681485 0.712575
0.583568 0.682152 0.718563
0.611208 0.676817 0.714571
0.595894 0.688820 0.726547
0.573068 0.682596 0.706587
0.569917 0.678818 0.714571
0.589753 0.670593 0.698603
0.576955 0.675039 0.712575
0.599473 0.685263 0.716567
0.589893 0.694821 0.732535
0.592178 0.675706 0.710579
0.567981 0.686375 0.712575
0.574523 0.680596 0.712575
0.603398 0.620360 0.626747
0.577538 0.676817 0.714571
0.603236 0.676817 0.708583
0.601736 0.681040 0.722555
0.600383 0.678373 0.708583
0.612585 0.686375 0.722555
0.564769 0.689042 0.708583
0.572464 0.689487 0.724551
0.585071 0.688597 0.712575
0.568687 0.681707 0.718563
0.589276 0.695710 0.724551
0.578158 0.661036 0.680639
0.579778 0.675261 0.714571
0.598429 0.674594 0.704591
0.564667 0.676595 0.710579
0.563859 0.686375 0.718563
0.575252 0.687931 0.714571
0.600214 0.646810 0.652695
0.598298 0.691487 0.710579
0.563168 0.651256 0.660679
0.584667 0.685041 0.724551
0.580567 0.683263 0.718563
0.595298 0.679707 0.710579
0.610336 0.684819 0.718563
0.598804 0.683707 0.718563
0.580028 0.640365 0.650699
0.576153 0.672372 0.712575
0.614802 0.679707 0.710579
0.576617 0.683707 0.714571
0.558969 0.691042 0.730539
0.586955 0.680373 0.712575
0.598202 0.682152 0.710579
0.596479 0.681707 0.710579
0.604004 0.667259 0.708583
0.588866 0.680596 0.710579
0.624775 0.681485 0.708583
0.569637 0.672594 0.710579
0.584765 0.675261 0.714571
0.570020 0.671483 0.706587
0.591919 0.677484 0.716567
0.574307 0.675039 0.708583
0.568514 0.686375 0.714571
0.587224 0.673705 0.712575
0.582453 0.641031 0.648703
0.588809 0.672594 0.706587
0.591782 0.673705 0.706587
0.569008 0.687042 0.716567
0.584137 0.671927 0.710579
0.565191 0.670149 0.708583
0.590831 0.678373 0.712575
0.567820 0.671260 0.712575
0.572888 0.671038 0.716567
0.620068 0.676817 0.712575
0.594567 0.684374 0.716567
0.609217 0.681263 0.710579
0.576944 0.666148 0.708583
0.580772 0.675706 0.710579
0.618315 0.621027 0.628743
0.609034 0.672594 0.708583
0.579692 0.673928 0.708583
0.569602 0.673038 0.708583
0.597139 0.637253 0.650699
0.604987 0.680818 0.712575
0.585457 0.674150 0.708583
0.576453 0.674594 0.710579
0.566583 0.670816 0.708583
0.586430 0.691265 0.722555
0.601976 0.693043 0.720559
0.608264 0.678151 0.714571
0.588972 0.692376 0.716567
0.555993 0.681707 0.710579
0.592386 0.676595 0.714571
0.592805 0.634363 0.646707
0.586389 0.675039 0.710579
0.571637 0.683930 0.712575
0.566272 0.667259 0.710579
0.570665 0.692376 0.728543
0.597058 0.671927 0.704591
0.600731 0.687708 0.718563
0.573473 0.665037 0.706587
0.569623 0.678818 0.712575
0.603641 0.680373 0.710579
0.583503 0.650367 0.700599
0.598286 0.670816 0.708583
0.611267 0.677484 0.708583
0.581102 0.666593 0.708583
0.599376 0.641920 0.652695
0.583777 0.642810 0.654691
0.580213 0.659258 0.682635
0.580673 0.669260 0.690619
