1.142101 0.324961 0.325349
1.008364 0.324961 0.325349
1.008283 0.324961 0.325349
0.984981 0.324961 0.325349
0.977068 0.324961 0.325349
0.961645 0.324961 0.325349
0.988012 0.324961 0.325349
0.959247 0.324961 0.325349
0.944384 0.324961 0.325349
0.949069 0.324961 0.325349
0.988205 0.324961 0.325349
0.951557 0.324961 0.325349
0.946695 0.324961 0.325349
0.974396 0.324961 0.325349
0.959537 0.324961 0.325349
0.921807 0.324961 0.325349
0.941782 0.324961 0.325349
0.944049 0.324961 0.325349
0.954851 0.324961 0.325349
0.936430 0.324961 0.325349
0.921621 0.324961 0.325349
0.915534 0.324961 0.325349
0.967047 0.324961 0.325349
0.951617 0.324961 0.325349
0.940166 0.324961 0.325349
0.929650 0.324961 0.325349
0.942972 0.324961 0.325349
0.911608 0.324961 0.325349
0.935784 0.324961 0.325349
0.929210 0.324961 0.325349
0.920736 0.324961 0.325349
0.961110 0.324961 0.325349
0.950648 0.324961 0.325349
0.940841 0.324961 0.325349
0.917984 0.324961 0.325349
0.954844 0.324961 0.325349
0.929115 0.324961 0.325349
0.943313 0.324961 0.325349
0.911585 0.324961 0.325349
0.939437 0.324961 0.325349
0.946585 0.324961 0.325349
0.940112 0.324961 0.325349
0.963402 0.324961 0.325349
0.959535 0.324961 0.325349
0.940759 0.324961 0.325349
0.889409 0.324961 0.325349
0.926672 0.324961 0.325349
0.925960 0.324961 0.325349
0.968247 0.324961 0.325349
0.896779 0.324961 0.325349
0.944735 0.324961 0.325349
0.944072 0.324961 0.325349
0.937034 0.324961 0.325349
0.942527 0.324961 0.325349
0.917383 0.324961 0.325349
0.932444 0.324961 0.325349
0.925098 0.324961 0.325349
0.913383 0.324961 0.325349
0.932673 0.324961 0.325349
0.921587 0.324961 0.325349
0.914828 0.324961 0.325349
0.918452 0.324961 0.325349
0.921691 0.324961 0.325349
0.926365 0.324961 0.325349
0.934843 0.324961 0.325349
0.900316 0.324961 0.325349
0.918440 0.324961 0.325349
0.897928 0.324961 0.325349
0.947022 0.324961 0.325349
0.912931 0.324961 0.325349
0.965859 0.324961 0.325349
0.924019 0.324961 0.325349
0.967444 0.324961 0.325349
0.976198 0.324961 0.325349
0.946259 0.324961 0.325349
0.974601 0.324961 0.325349
0.951075 0.324961 0.325349
0.921648 0.324961 0.325349
0.944905 0.324961 0.325349
0.955165 0.324961 0.325349
0.937625 0.324961 0.325349
0.968659 0.324961 0.325349
0.962407 0.324961 0.325349
0.941774 0.324961 0.325349
0.948815 0.324961 0.325349
0.952845 0.324961 0.325349
0.920650 0.324961 0.325349
0.932665 0.324961 0.325349
0.950163 0.324961 0.325349
0.931063 0.324961 0.325349
0.947448 0.324961 0.325349
0.935242 0.324961 0.325349
0.944385 0.324961 0.325349
0.911368 0.324961 0.325349
0.940915 0.324961 0.325349
0.943975 0.324961 0.325349
0.946898 0.324961 0.325349
0.972716 0.324961 0.325349
0.931277 0.324961 0.325349
0.965148 0.324961 0.325349
0.926495 0.324961 0.325349
0.926369 0.324961 0.325349
0.919016 0.324961 0.325349
0.933605 0.324961 0.325349
0.924829 0.324961 0.325349
0.942784 0.324961 0.325349
0.939933 0.324961 0.325349
0.908884 0.324961 0.325349
0.921796 0.324961 0.325349
0.916121 0.324961 0.325349
0.912087 0.324961 0.325349
0.918248 0.324961 0.325349
0.924239 0.324961 0.325349
0.949202 0.324961 0.325349
0.911413 0.324961 0.325349
0.917803 0.324961 0.325349
0.910017 0.324961 0.325349
0.929531 0.324961 0.325349
0.921469 0.324961 0.325349
0.903960 0.324961 0.325349
0.947568 0.324961 0.325349
0.908138 0.324961 0.325349
0.938870 0.520116 0.518962
0.939130 0.324961 0.325349
0.931226 0.324961 0.325349
0.942153 0.324961 0.325349
0.929542 0.324961 0.325349
0.931605 0.324961 0.325349
0.928873 0.324961 0.325349
0.918751 0.324961 0.325349
0.934233 0.324961 0.325349
0.926211 0.520116 0.518962
0.933397 0.520116 0.518962
0.928281 0.324961 0.325349
0.909168 0.520116 0.518962
0.937150 0.520116 0.518962
0.949206 0.324961 0.325349
0.933176 0.520116 0.518962
0.928740 0.324961 0.325349
0.915090 0.324961 0.325349
0.919966 0.324961 0.325349
0.912321 0.324961 0.325349
0.916017 0.324961 0.325349
0.927701 0.324961 0.325349
0.910377 0.324961 0.325349
0.942890 0.324961 0.325349
0.943071 0.324961 0.325349
0.893394 0.520116 0.518962
0.907157 0.520116 0.518962
0.928014 0.520116 0.518962
0.898813 0.520116 0.518962
0.906617 0.520116 0.518962
0.901190 0.520116 0.518962
0.926389 0.520116 0.518962
0.913662 0.324961 0.325349
0.938534 0.324961 0.325349
0.939414 0.324961 0.325349
0.931353 0.520116 0.518962
0.910190 0.520116 0.518962
0.904379 0.520116 0.518962
0.967471 0.520116 0.518962
0.889395 0.520116 0.518962
0.944889 0.520116 0.518962
0.953354 0.520116 0.518962
0.894162 0.520116 0.518962
0.911088 0.520116 0.518962
0.912964 0.520116 0.518962
0.917545 0.520116 0.518962
0.886435 0.520116 0.518962
0.905978 0.520116 0.518962
0.922171 0.520116 0.518962
0.910257 0.520116 0.518962
0.919771 0.520116 0.518962
0.913925 0.520116 0.518962
0.922156 0.520116 0.518962
0.912495 0.520116 0.518962
0.894433 0.520116 0.518962
0.934943 0.520116 0.518962
0.884936 0.520116 0.518962
0.913808 0.520116 0.518962
0.938424 0.520116 0.518962
0.929388 0.520116 0.518962
0.907768 0.324961 0.325349
0.920149 0.520116 0.518962
0.893109 0.520116 0.518962
0.913373 0.520116 0.518962
0.919302 0.520116 0.518962
0.906075 0.520116 0.518962
0.927064 0.520116 0.518962
0.943048 0.520116 0.518962
0.918398 0.520116 0.518962
0.935194 0.520116 0.518962
0.922909 0.520116 0.518962
0.895608 0.520116 0.518962
0.923590 0.520116 0.518962
0.928855 0.520116 0.518962
0.910549 0.520116 0.518962
0.917111 0.520116 0.518962
0.911916 0.520116 0.518962
0.897406 0.520116 0.518962
0.914698 0.520116 0.518962
0.924034 0.520116 0.518962
0.930450 0.520116 0.518962
0.922390 0.520116 0.518962
0.909469 0.520116 0.518962
0.923733 0.520116 0.518962
0.863571 0.520116 0.518962
0.896964 0.324961 0.325349
0.920673 0.324961 0.325349
0.907109 0.520116 0.518962
0.889075 0.520116 0.518962
0.911211 0.520116 0.518962
0.882124 0.324961 0.325349
0.882704 0.324961 0.325349
0.912500 0.520116 0.518962
0.923040 0.520116 0.518962
0.897197 0.520116 0.518962
0.904755 0.520116 0.518962
0.905923 0.520116 0.518962
0.887394 0.520116 0.518962
0.885028 0.520116 0.518962
0.905941 0.520116 0.518962
0.907788 0.520116 0.518962
0.930139 0.520116 0.518962
0.900839 0.520116 0.518962
0.917352 0.324961 0.325349
0.914549 0.324961 0.325349
0.890210 0.520116 0.518962
0.873924 0.324961 0.325349
0.893542 0.324961 0.325349
0.910375 0.324961 0.325349
0.908667 0.324961 0.325349
0.939392 0.324961 0.325349
0.884792 0.324961 0.325349
0.903749 0.324961 0.325349
0.920939 0.324961 0.325349
0.927235 0.520116 0.518962
0.897343 0.520116 0.518962
0.924177 0.520116 0.518962
0.936753 0.520116 0.518962
0.924163 0.520116 0.518962
0.910907 0.520116 0.518962
0.882435 0.520116 0.518962
0.884281 0.520116 0.518962
0.918355 0.520116 0.518962
0.909890 0.520116 0.518962
0.912193 0.520116 0.518962
0.908625 0.520116 0.518962
0.893365 0.520116 0.518962
0.911398 0.520116 0.518962
0.887457 0.520116 0.518962
0.903582 0.520116 0.518962
0.893830 0.520116 0.518962
0.887150 0.520116 0.518962
0.911319 0.520116 0.518962
0.915101 0.520116 0.518962
0.867351 0.520116 0.518962
0.904207 0.520116 0.518962
0.881700 0.324961 0.325349
0.918338 0.520116 0.518962
0.919671 0.520116 0.518962
0.933894 0.520116 0.518962
0.917462 0.520116 0.518962
0.888498 0.520116 0.518962
0.917473 0.520116 0.518962
0.924679 0.520116 0.518962
0.890782 0.520116 0.518962
0.896503 0.520116 0.518962
0.906816 0.520116 0.518962
0.910349 0.520116 0.518962
0.914363 0.520116 0.518962
0.909320 0.520116 0.518962
0.905513 0.520116 0.518962
0.930529 0.520116 0.518962
0.888634 0.520116 0.518962
0.897239 0.520116 0.518962
0.905430 0.520116 0.518962
0.905169 0.520116 0.518962
0.930617 0.324961 0.325349
0.884671 0.520116 0.518962
0.907902 0.520116 0.518962
0.935308 0.520116 0.518962
0.915102 0.520116 0.518962
0.888338 0.520116 0.518962
0.913186 0.520116 0.518962
0.899782 0.520116 0.518962
0.924547 0.520116 0.518962
0.908760 0.520116 0.518962
0.908090 0.520116 0.518962
0.891801 0.520116 0.518962
0.896813 0.520116 0.518962
0.917826 0.520116 0.518962
0.883174 0.520116 0.518962
0.927109 0.520116 0.518962
0.898076 0.520116 0.518962
0.891382 0.520116 0.518962
0.896117 0.520116 0.518962
0.925764 0.520116 0.518962
0.892061 0.520116 0.518962
0.905053 0.520116 0.518962
0.871088 0.520116 0.518962
0.886132 0.520116 0.518962
0.910461 0.520116 0.518962
0.912695 0.520116 0.518962
0.909417 0.520116 0.518962
0.915299 0.520116 0.518962
0.902970 0.520116 0.518962
0.899094 0.520116 0.518962
0.872738 0.520116 0.518962
0.893930 0.520116 0.518962
0.887834 0.520116 0.518962
0.897815 0.520116 0.518962
0.953972 0.520116 0.518962
0.882895 0.520116 0.518962
0.925988 0.520116 0.518962
0.909011 0.520116 0.518962
0.895894 0.520116 0.518962
0.914433 0.520116 0.518962
0.880952 0.520116 0.518962
0.894239 0.520116 0.518962
0.907401 0.520116 0.518962
0.894687 0.520116 0.518962
0.923174 0.520116 0.518962
0.912685 0.520116 0.518962
0.915577 0.520116 0.518962
0.900316 0.520116 0.518962
0.899165 0.520116 0.518962
0.888142 0.520116 0.518962
0.891143 0.520116 0.518962
0.906849 0.520116 0.518962
0.882213 0.520116 0.518962
0.925084 0.520116 0.518962
0.888770 0.520116 0.518962
0.909146 0.520116 0.518962
0.910038 0.520116 0.518962
0.894599 0.520116 0.518962
0.904138 0.520116 0.518962
0.885943 0.520116 0.518962
0.907125 0.520116 0.518962
0.911824 0.520116 0.518962
0.903478 0.520116 0.518962
0.919697 0.520116 0.518962
0.881020 0.520116 0.518962
0.878834 0.520116 0.518962
0.947115 0.520116 0.518962
0.889790 0.520116 0.518962
0.922562 0.520116 0.518962
0.906259 0.520116 0.518962
0.898164 0.520116 0.518962
0.917722 0.520116 0.518962
