0.956419 0.621471 0.646707
0.883066 0.676373 0.690619
0.885250 0.635030 0.670659
0.837259 0.646588 0.680639
0.785201 0.641698 0.634731
0.752368 0.641698 0.672655
0.832484 0.636808 0.660679
0.801687 0.671483 0.690619
0.803773 0.666370 0.682635
0.806617 0.633030 0.634731
0.838566 0.651700 0.680639
0.793112 0.666593 0.686627
0.756849 0.658146 0.690619
0.806545 0.615915 0.620758
0.794779 0.646588 0.680639
0.759065 0.642365 0.674651
0.768066 0.645255 0.682635
0.758851 0.675261 0.696607
0.750908 0.639698 0.672655
0.757726 0.663259 0.682635
0.798367 0.632585 0.666667
0.773844 0.676150 0.700599
0.739633 0.626361 0.656687
0.739872 0.671705 0.692615
0.752308 0.671038 0.692615
0.756524 0.645477 0.682635
0.760344 0.668815 0.698603
0.739874 0.681263 0.718563
0.735616 0.611469 0.634731
0.741365 0.654368 0.688623
0.747707 0.651256 0.684631
0.758016 0.624806 0.658683
0.792749 0.660591 0.674651
0.751659 0.653701 0.674651
0.736454 0.610580 0.648703
0.766931 0.655701 0.688623
0.736635 0.678818 0.706587
0.742549 0.686375 0.710579
0.711334 0.670149 0.692615
0.715296 0.697488 0.714571
0.730782 0.692598 0.712575
0.756567 0.664148 0.682635
0.715175 0.688153 0.710579
0.695891 0.675039 0.696607
0.729332 0.693932 0.706587
0.691868 0.694377 0.714571
0.724967 0.687708 0.708583
0.697296 0.685708 0.700599
0.705929 0.679040 0.706587
0.718265 0.670371 0.682635
0.723925 0.682374 0.710579
0.726240 0.692154 0.710579
0.682732 0.686597 0.708583
0.710391 0.680151 0.708583
0.681571 0.671705 0.688623
0.704526 0.685041 0.708583
0.700796 0.676817 0.712575
0.663314 0.690376 0.712575
0.704683 0.693710 0.716567
0.701911 0.561014 0.548902
0.714045 0.677039 0.704591
0.687779 0.697711 0.718563
0.673982 0.703934 0.720559
0.672514 0.692154 0.718563
0.704309 0.700156 0.734531
0.649820 0.697933 0.716567
0.691418 0.701489 0.728543
0.660302 0.695932 0.706587
0.662262 0.691932 0.700599
0.662655 0.689487 0.706587
0.686816 0.699711 0.722555
0.674955 0.697711 0.710579
0.722298 0.688597 0.718563
0.709221 0.644365 0.656687
0.670559 0.685263 0.718563
0.680570 0.685041 0.714571
0.716102 0.685263 0.708583
0.648937 0.707268 0.734531
0.677364 0.684374 0.710579
0.668790 0.705268 0.714571
0.682227 0.672149 0.696607
0.701902 0.697711 0.722555
0.691274 0.677484 0.710579
0.685208 0.695932 0.720559
0.685612 0.692376 0.708583
0.695969 0.679707 0.706587
0.676915 0.685486 0.694611
0.656505 0.710825 0.722555
0.694897 0.669038 0.700599
0.673118 0.713714 0.728543
0.662895 0.707935 0.726547
0.660688 0.698377 0.720559
0.670557 0.705268 0.728543
0.680927 0.705712 0.722555
0.676353 0.637253 0.648703
0.641028 0.714603 0.734531
0.678234 0.686597 0.714571
0.711705 0.715492 0.730539
0.663501 0.711491 0.724551
0.670227 0.704823 0.724551
0.666533 0.691265 0.714571
0.638403 0.706601 0.720559
0.645797 0.687486 0.704591
0.648852 0.706379 0.736527
0.628801 0.711936 0.734531
0.680743 0.707713 0.720559
0.655077 0.703934 0.728543
0.647389 0.673928 0.702595
0.637192 0.705046 0.722555
0.637227 0.694377 0.706587
0.713052 0.711047 0.720559
0.661923 0.710158 0.726547
0.634865 0.696155 0.720559
0.649579 0.698377 0.718563
0.649231 0.705935 0.722555
0.661170 0.691932 0.716567
0.671668 0.707268 0.724551
0.677549 0.704823 0.712575
0.654112 0.706379 0.722555
0.646593 0.701711 0.710579
0.654974 0.672372 0.688623
0.670788 0.659924 0.668663
0.670662 0.704379 0.722555
0.665998 0.695932 0.718563
0.641710 0.687042 0.702595
0.662239 0.681263 0.700599
0.640596 0.695266 0.714571
0.649295 0.680818 0.694611
0.663560 0.704379 0.730539
0.629795 0.706379 0.724551
0.660085 0.712381 0.724551
0.679590 0.683041 0.710579
0.651202 0.698155 0.714571
0.643397 0.717715 0.726547
0.638680 0.702156 0.712575
0.652682 0.696377 0.714571
0.650241 0.698822 0.718563
0.633851 0.689042 0.704591
0.680039 0.655924 0.660679
0.617855 0.692821 0.704591
0.677227 0.642810 0.642715
0.644970 0.694154 0.722555
0.653426 0.634141 0.636727
0.671262 0.636808 0.634731
0.649391 0.713047 0.730539
0.680844 0.713492 0.730539
0.655312 0.708824 0.728543
0.645180 0.704379 0.720559
0.600765 0.695043 0.700599
0.677324 0.648366 0.646707
0.638577 0.687264 0.710579
0.631560 0.713714 0.722555
0.620704 0.713492 0.724551
0.614327 0.699933 0.710579
0.610259 0.715270 0.736527
0.620939 0.703712 0.716567
0.647368 0.690376 0.724551
0.611509 0.686152 0.706587
0.647060 0.696377 0.710579
0.637709 0.711714 0.728543
0.686533 0.715270 0.728543
0.623835 0.697044 0.712575
0.633549 0.715492 0.730539
0.644789 0.635919 0.644711
0.622320 0.665037 0.666667
0.619458 0.711936 0.722555
0.619221 0.701267 0.720559
0.637744 0.644810 0.644711
0.611351 0.667037 0.662675
0.647844 0.698155 0.716567
0.629136 0.709713 0.726547
0.622989 0.652367 0.652695
0.654870 0.693487 0.704591
0.616089 0.710158 0.718563
0.643558 0.661480 0.658683
0.638289 0.721049 0.736527
0.622461 0.659702 0.658683
0.619462 0.713714 0.734531
0.606433 0.705490 0.712575
0.613836 0.693710 0.700599
0.634875 0.656813 0.658683
0.619214 0.693265 0.722555
0.589244 0.674817 0.668663
0.616217 0.708157 0.720559
0.613680 0.701489 0.714571
0.598192 0.711491 0.732535
0.637226 0.707713 0.734531
0.581139 0.714381 0.728543
0.622555 0.659035 0.658683
0.648857 0.704156 0.714571
0.617332 0.717048 0.726547
0.601437 0.719938 0.730539
0.616314 0.711714 0.728543
0.627337 0.669038 0.668663
0.611766 0.710825 0.726547
0.624280 0.659702 0.658683
0.609748 0.716826 0.736527
0.604003 0.709491 0.720559
0.626981 0.681040 0.690619
0.589367 0.693265 0.712575
0.627158 0.711491 0.722555
0.624388 0.715937 0.732535
0.588386 0.706601 0.720559
0.617706 0.659702 0.662675
0.634245 0.708157 0.716567
0.623455 0.724161 0.734531
0.598176 0.707268 0.716567
0.632587 0.716159 0.726547
0.586273 0.710602 0.726547
0.611133 0.708602 0.724551
0.611427 0.714826 0.728543
0.612727 0.661258 0.656687
0.594037 0.656813 0.654691
0.627451 0.661480 0.658683
0.602760 0.683041 0.702595
0.622981 0.675039 0.670659
0.589848 0.706824 0.726547
0.594182 0.714159 0.718563
0.604883 0.723716 0.728543
0.601988 0.652589 0.650699
0.584367 0.728829 0.732535
0.607214 0.709713 0.710579
0.593184 0.712381 0.718563
0.603270 0.671260 0.666667
0.594254 0.653256 0.654691
0.591419 0.701267 0.716567
0.625330 0.663925 0.658683
0.599161 0.706379 0.714571
0.592739 0.701489 0.720559
0.604247 0.660147 0.656687
0.605813 0.705268 0.720559
0.637314 0.709713 0.718563
0.634309 0.708380 0.722555
0.621304 0.725050 0.728543
0.621876 0.672816 0.660679
0.602721 0.659924 0.660679
0.597070 0.724828 0.720559
0.563835 0.723716 0.732535
0.617928 0.724605 0.736527
0.594242 0.701489 0.708583
0.603451 0.708157 0.722555
0.607979 0.707713 0.716567
0.583215 0.704156 0.716567
0.594516 0.659924 0.654691
0.593964 0.692376 0.700599
0.608783 0.713270 0.720559
0.606521 0.705268 0.722555
0.593326 0.721271 0.734531
0.584674 0.716159 0.718563
0.612315 0.719049 0.724551
0.604208 0.719493 0.730539
0.577574 0.714826 0.730539
0.578637 0.710602 0.734531
0.591796 0.709713 0.726547
0.593013 0.720160 0.728543
0.611381 0.715270 0.722555
0.588650 0.717048 0.724551
0.599020 0.723272 0.728543
0.575178 0.714826 0.728543
0.581593 0.713270 0.714571
0.603614 0.671483 0.664671
0.576144 0.721271 0.736527
0.611244 0.677262 0.668663
0.613730 0.723716 0.744511
0.596977 0.710825 0.724551
0.627737 0.720605 0.724551
0.584048 0.714381 0.724551
0.582243 0.712603 0.724551
0.593495 0.713936 0.722555
0.571563 0.720160 0.730539
0.606594 0.728829 0.746507
0.590093 0.679484 0.674651
0.586366 0.715492 0.728543
0.607520 0.719715 0.736527
0.573582 0.715492 0.720559
0.575680 0.725050 0.732535
0.577426 0.719493 0.736527
0.605732 0.676150 0.676647
0.601060 0.705712 0.706587
0.571947 0.666370 0.666667
0.574734 0.708824 0.724551
0.598362 0.727273 0.744511
0.601114 0.660369 0.658683
0.626609 0.668371 0.672655
0.633571 0.670149 0.680639
0.602671 0.641254 0.654691
0.598897 0.660147 0.672655
0.660565 0.660814 0.672655
0.603879 0.689487 0.710579
0.568172 0.708380 0.728543
0.609552 0.696822 0.722555
0.615809 0.688153 0.714571
0.619827 0.711491 0.718563
0.623446 0.688597 0.708583
0.602419 0.657924 0.656687
0.629005 0.647033 0.656687
0.587533 0.718382 0.736527
0.599544 0.705712 0.726547
0.583914 0.691487 0.718563
0.606046 0.689042 0.692615
0.567327 0.659924 0.658683
0.591559 0.706379 0.700599
0.601109 0.712603 0.718563
0.594134 0.646144 0.646707
0.604846 0.694599 0.706587
0.593270 0.726161 0.736527
0.587970 0.721271 0.732535
0.597676 0.708157 0.722555
0.572084 0.710602 0.724551
0.604635 0.703934 0.732535
0.578106 0.715937 0.734531
0.591890 0.723050 0.738523
0.627638 0.670149 0.662675
0.605474 0.721716 0.730539
0.624076 0.691932 0.710579
0.587475 0.713714 0.740519
0.593445 0.714603 0.738523
0.630700 0.655701 0.652695
0.615022 0.722383 0.728543
0.592438 0.715492 0.736527
0.586693 0.726384 0.738523
0.595152 0.664370 0.654691
0.618550 0.729495 0.740519
0.595767 0.724605 0.746507
0.580589 0.719049 0.736527
0.578158 0.718604 0.730539
0.602239 0.720827 0.734531
0.607769 0.720382 0.736527
0.612945 0.704156 0.730539
0.599905 0.696822 0.700599
0.569215 0.722605 0.740519
0.604650 0.706379 0.722555
0.614590 0.656590 0.652695
0.599932 0.712381 0.720559
0.586930 0.719938 0.726547
0.576664 0.722827 0.726547
0.587299 0.721049 0.740519
0.608470 0.711491 0.734531
0.613117 0.715937 0.732535
0.586525 0.712603 0.740519
0.583710 0.721938 0.738523
0.621917 0.716159 0.726547
0.583529 0.704156 0.710579
0.591157 0.723272 0.748503
0.612422 0.721049 0.732535
0.582768 0.728606 0.744511
0.611774 0.668815 0.656687
0.598046 0.660147 0.662675
0.586246 0.661480 0.660679
0.587296 0.660369 0.652695
