1.129380 0.520116 0.518962
1.035484 0.154923 0.155689
1.017427 0.154923 0.155689
1.009163 0.154923 0.155689
1.021020 0.520116 0.518962
1.031980 0.520116 0.518962
1.023636 0.520116 0.518962
1.014951 0.520116 0.518962
1.008578 0.154923 0.155689
1.021229 0.154923 0.155689
1.039159 0.154923 0.155689
1.019873 0.520116 0.518962
1.003861 0.154923 0.155689
1.036579 0.154923 0.155689
1.025539 0.154923 0.155689
0.994703 0.520116 0.518962
1.019081 0.520116 0.518962
1.019782 0.154923 0.155689
0.998719 0.520116 0.518962
1.007089 0.154923 0.155689
1.016192 0.520116 0.518962
0.998703 0.520116 0.518962
1.010565 0.520116 0.518962
1.023856 0.154923 0.155689
1.016776 0.154923 0.155689
1.010818 0.154923 0.155689
1.012075 0.520116 0.518962
1.018682 0.154923 0.155689
1.010277 0.154923 0.155689
1.013954 0.154923 0.155689
1.013642 0.154923 0.155689
1.026618 0.520116 0.518962
1.024548 0.154923 0.155689
1.000258 0.520116 0.518962
0.991897 0.520116 0.518962
1.024203 0.520116 0.518962
0.999063 0.520116 0.518962
1.014978 0.520116 0.518962
0.983020 0.154923 0.155689
1.012980 0.154923 0.155689
1.004533 0.154923 0.155689
1.000632 0.154923 0.155689
1.039031 0.520116 0.518962
1.013604 0.520116 0.518962
1.008527 0.520116 0.518962
0.981631 0.520116 0.518962
1.007633 0.154923 0.155689
0.995149 0.154923 0.155689
1.016224 0.154923 0.155689
0.979435 0.154923 0.155689
1.017675 0.520116 0.518962
1.019250 0.154923 0.155689
1.014394 0.154923 0.155689
0.999436 0.154923 0.155689
0.995617 0.520116 0.518962
1.016385 0.154923 0.155689
1.007367 0.154923 0.155689
1.001793 0.520116 0.518962
1.013283 0.520116 0.518962
0.997263 0.520116 0.518962
1.006503 0.520116 0.518962
1.007324 0.154923 0.155689
1.002291 0.520116 0.518962
1.010457 0.520116 0.518962
1.002898 0.154923 0.155689
1.002659 0.520116 0.518962
1.013612 0.520116 0.518962
0.998184 0.520116 0.518962
1.013012 0.154923 0.155689
0.986842 0.520116 0.518962
1.020259 0.154923 0.155689
1.009668 0.520116 0.518962
1.008756 0.520116 0.518962
1.016060 0.520116 0.518962
1.012736 0.520116 0.518962
1.022080 0.154923 0.155689
1.008073 0.154923 0.155689
0.999085 0.520116 0.518962
1.006895 0.154923 0.155689
1.011771 0.154923 0.155689
0.998172 0.154923 0.155689
1.029093 0.154923 0.155689
1.016318 0.520116 0.518962
1.015034 0.520116 0.518962
1.019323 0.520116 0.518962
1.002978 0.154923 0.155689
0.994633 0.154923 0.155689
1.004168 0.154923 0.155689
1.010561 0.154923 0.155689
1.006603 0.154923 0.155689
1.006493 0.154923 0.155689
1.006422 0.520116 0.518962
1.016803 0.520116 0.518962
1.002984 0.520116 0.518962
1.006446 0.154923 0.155689
1.010845 0.154923 0.155689
1.006536 0.520116 0.518962
1.020376 0.154923 0.155689
1.006620 0.154923 0.155689
1.008097 0.154923 0.155689
0.996950 0.154923 0.155689
0.998842 0.520116 0.518962
1.006185 0.154923 0.155689
1.012605 0.154923 0.155689
1.009221 0.154923 0.155689
1.002025 0.154923 0.155689
1.015068 0.154923 0.155689
0.992705 0.520116 0.518962
1.004911 0.154923 0.155689
0.987875 0.154923 0.155689
1.001831 0.520116 0.518962
1.020892 0.154923 0.155689
1.007204 0.520116 0.518962
1.017369 0.154923 0.155689
1.001077 0.520116 0.518962
0.999605 0.154923 0.155689
1.003664 0.520116 0.518962
1.006624 0.154923 0.155689
1.000845 0.154923 0.155689
