1.014870 0.614581 0.634731
0.966550 0.675928 0.696607
0.902624 0.655034 0.672655
0.870177 0.663481 0.684631
0.818229 0.647699 0.664671
0.799711 0.666148 0.674651
0.867185 0.635030 0.656687
0.837967 0.667037 0.696607
0.819920 0.663481 0.688623
0.845927 0.571460 0.582834
0.877223 0.680596 0.690619
0.820183 0.644365 0.672655
0.795210 0.641920 0.674651
0.843735 0.605468 0.608782
0.847395 0.671705 0.700599
0.790201 0.668148 0.688623
0.795968 0.641254 0.672655
0.793160 0.670816 0.670659
0.777098 0.647033 0.676647
0.785252 0.668148 0.690619
0.823763 0.641476 0.672655
0.805678 0.667482 0.692615
0.775818 0.669927 0.700599
0.752109 0.675261 0.694611
0.792237 0.684152 0.706587
0.802328 0.638809 0.672655
0.784604 0.654368 0.682635
0.774743 0.661703 0.686627
0.772843 0.638586 0.674651
0.777077 0.648144 0.682635
0.777992 0.647477 0.676647
0.801049 0.645032 0.668663
0.831777 0.683485 0.696607
0.783792 0.655034 0.680639
0.755632 0.645921 0.680639
0.782607 0.678818 0.698603
0.767432 0.673038 0.680639
0.768910 0.670371 0.694611
0.742608 0.661925 0.686627
0.751858 0.677484 0.688623
0.749591 0.679040 0.708583
0.796930 0.656146 0.672655
0.753966 0.655034 0.680639
0.736266 0.682596 0.706587
0.744645 0.699933 0.720559
0.705768 0.692376 0.716567
0.743968 0.696599 0.712575
0.725277 0.680373 0.706587
0.730438 0.684152 0.712575
0.740654 0.665481 0.688623
0.753746 0.701045 0.718563
0.759866 0.697711 0.714571
0.716299 0.696822 0.708583
0.726492 0.692376 0.704591
0.706482 0.681707 0.698603
0.759833 0.706601 0.726547
0.734164 0.701711 0.706587
0.707146 0.698155 0.722555
0.739267 0.694821 0.724551
0.738649 0.655257 0.676647
0.748036 0.696599 0.710579
0.732419 0.686819 0.714571
0.705754 0.691487 0.710579
0.709261 0.685041 0.706587
0.744594 0.697711 0.702595
0.682762 0.691042 0.710579
0.722415 0.701934 0.716567
0.692621 0.705046 0.718563
0.700551 0.681263 0.698603
0.679418 0.679484 0.700599
0.720253 0.682596 0.704591
0.706385 0.693710 0.710579
0.735968 0.703490 0.728543
0.734059 0.646366 0.644711
0.689263 0.673928 0.692615
0.696821 0.681485 0.692615
0.732861 0.648144 0.654691
0.687417 0.701045 0.718563
0.703536 0.697488 0.716567
0.725171 0.696155 0.710579
0.710135 0.697711 0.708583
0.719124 0.681929 0.702595
0.714998 0.658813 0.666667
0.715082 0.703267 0.720559
0.720858 0.705935 0.726547
0.721400 0.692154 0.718563
0.691605 0.629695 0.634731
0.699150 0.683263 0.694611
0.722506 0.637030 0.638723
0.701140 0.697933 0.712575
0.705465 0.697711 0.704591
0.678004 0.700156 0.712575
0.701307 0.707046 0.728543
0.696922 0.696155 0.708583
0.715086 0.695710 0.718563
0.663283 0.700600 0.716567
0.702257 0.702823 0.726547
0.716666 0.683263 0.690619
0.691996 0.701267 0.704591
0.687588 0.706824 0.724551
0.700440 0.706379 0.728543
0.679740 0.652145 0.652695
0.663813 0.670593 0.682635
0.678719 0.656590 0.654691
0.664522 0.704156 0.710579
0.702323 0.707491 0.716567
0.686214 0.684819 0.714571
0.675322 0.701267 0.718563
0.672295 0.660814 0.658683
0.654925 0.657035 0.646707
0.730885 0.695932 0.712575
0.687207 0.661925 0.664671
0.665266 0.707935 0.720559
0.688608 0.698600 0.732535
0.679153 0.698822 0.716567
0.684823 0.692598 0.704591
0.710085 0.661258 0.664671
0.709398 0.676817 0.688623
0.685379 0.690598 0.702595
0.673946 0.703267 0.716567
0.699058 0.656146 0.658683
0.685078 0.662147 0.662675
0.703590 0.711269 0.722555
0.696262 0.708157 0.732535
0.676024 0.687486 0.696607
0.704927 0.699711 0.714571
0.676654 0.713936 0.740519
0.687346 0.663036 0.666667
0.674517 0.710602 0.720559
0.667717 0.689709 0.698603
0.691379 0.662369 0.670659
0.702797 0.664592 0.662675
0.683331 0.718826 0.732535
0.686913 0.658369 0.660679
0.655134 0.662147 0.660679
0.686907 0.665703 0.674651
0.682285 0.699267 0.726547
0.672839 0.668371 0.668663
0.720525 0.668148 0.668663
0.660626 0.683263 0.680639
0.705706 0.658813 0.658683
0.683903 0.680596 0.692615
0.686259 0.664814 0.674651
0.699471 0.651700 0.644711
0.677498 0.660591 0.658683
0.708714 0.651478 0.652695
0.678215 0.653034 0.656687
0.666844 0.712825 0.730539
0.640609 0.655701 0.654691
0.703736 0.662592 0.658683
0.670838 0.682152 0.698603
0.668796 0.712603 0.722555
0.662251 0.703490 0.716567
0.656748 0.655257 0.658683
0.649033 0.656590 0.664671
0.664992 0.696155 0.714571
0.678718 0.664370 0.670659
0.653420 0.647033 0.642715
0.690845 0.653256 0.658683
0.681136 0.686597 0.696607
0.723342 0.658591 0.652695
0.673229 0.706157 0.714571
0.675226 0.695932 0.704591
0.681299 0.659702 0.662675
0.656910 0.667037 0.668663
0.661813 0.694154 0.714571
0.671908 0.700600 0.712575
0.679061 0.659035 0.656687
0.655092 0.661480 0.662675
0.678117 0.706157 0.726547
0.661434 0.698377 0.710579
0.659467 0.661925 0.666667
0.682821 0.657479 0.662675
0.657938 0.654812 0.658683
0.673585 0.657035 0.658683
0.677984 0.687708 0.698603
0.667136 0.661703 0.664671
0.670325 0.695932 0.720559
0.653637 0.670371 0.670659
0.662624 0.658813 0.654691
0.684520 0.658813 0.668663
0.668314 0.668148 0.672655
0.638173 0.662369 0.668663
0.658468 0.663481 0.662675
0.649294 0.666815 0.674651
0.660661 0.700156 0.714571
0.688353 0.693265 0.702595
0.632125 0.665259 0.662675
0.690467 0.651700 0.656687
0.686001 0.693710 0.702595
0.662135 0.703712 0.724551
0.658241 0.665481 0.662675
0.672486 0.655924 0.658683
0.664539 0.664592 0.668663
0.649478 0.689042 0.694611
0.683574 0.661036 0.662675
0.663624 0.693487 0.704591
0.680346 0.666593 0.664671
0.658027 0.657035 0.654691
0.632095 0.658369 0.660679
0.679158 0.664148 0.662675
0.665936 0.659480 0.654691
0.648294 0.655034 0.658683
0.683182 0.664592 0.668663
0.680884 0.662814 0.662675
0.673066 0.693710 0.726547
0.639262 0.657924 0.652695
0.680794 0.662592 0.662675
0.644085 0.676595 0.686627
0.661127 0.719493 0.742515
0.664021 0.692598 0.714571
0.658254 0.669260 0.664671
0.645405 0.655257 0.656687
0.668840 0.649033 0.654691
0.645703 0.664148 0.668663
0.686851 0.655257 0.654691
0.647030 0.703267 0.722555
0.654503 0.703934 0.718563
0.643346 0.667037 0.676647
0.669262 0.667926 0.678643
0.641221 0.708157 0.726547
0.659351 0.669038 0.672655
0.656870 0.668593 0.668663
0.659971 0.663036 0.664671
0.659228 0.663259 0.658683
0.657960 0.663036 0.666667
0.666609 0.653256 0.658683
0.651159 0.661703 0.666667
0.632005 0.712603 0.728543
0.674162 0.659702 0.658683
0.670579 0.667926 0.668663
0.689081 0.667259 0.672655
0.678042 0.707713 0.730539
0.676835 0.659258 0.656687
0.666993 0.655479 0.654691
0.662977 0.662147 0.660679
0.646028 0.682152 0.694611
0.612818 0.694821 0.706587
0.662631 0.690376 0.708583
0.653005 0.658146 0.654691
0.676108 0.664148 0.662675
0.642842 0.663703 0.664671
0.641644 0.679929 0.680639
0.663164 0.658813 0.656687
0.662326 0.665703 0.668663
0.668698 0.663036 0.664671
0.647686 0.659258 0.668663
0.646910 0.689042 0.698603
0.637091 0.683707 0.684631
0.666317 0.659258 0.652695
0.649695 0.704156 0.726547
0.644572 0.654812 0.654691
0.635858 0.657702 0.652695
0.659256 0.667037 0.670659
0.663321 0.656813 0.662675
0.654101 0.700822 0.718563
0.641167 0.717271 0.728543
0.649635 0.660591 0.666667
0.634241 0.695932 0.718563
0.656234 0.667259 0.670659
0.653928 0.658369 0.664671
0.656704 0.669704 0.678643
0.674127 0.658369 0.658683
0.670076 0.693932 0.712575
0.664528 0.663259 0.670659
0.672316 0.718160 0.744511
0.631034 0.666148 0.672655
0.627324 0.715492 0.732535
0.640311 0.653923 0.652695
0.637351 0.681040 0.700599
0.666324 0.693710 0.704591
0.641722 0.661925 0.660679
0.637058 0.659480 0.656687
0.665967 0.653034 0.652695
0.627227 0.659702 0.662675
0.633597 0.677928 0.690619
0.639897 0.657479 0.668663
0.664406 0.659035 0.652695
0.657370 0.663036 0.664671
0.652860 0.666370 0.670659
0.641652 0.711269 0.728543
0.647958 0.712603 0.734531
0.657720 0.660814 0.660679
0.677947 0.659035 0.664671
0.660781 0.669038 0.678643
0.646575 0.663925 0.666667
0.633521 0.715048 0.738523
0.683388 0.669482 0.680639
0.629716 0.673928 0.680639
0.621140 0.713047 0.730539
0.653199 0.699711 0.718563
0.654385 0.660369 0.664671
0.654717 0.695266 0.710579
0.647233 0.669260 0.672655
0.640792 0.663925 0.664671
0.673618 0.662369 0.658683
0.639074 0.700600 0.722555
0.656358 0.714381 0.742515
0.638616 0.668371 0.672655
0.660808 0.657479 0.660679
0.626750 0.664148 0.666667
0.631203 0.655924 0.658683
0.667040 0.690376 0.706587
0.648060 0.648811 0.646707
0.659217 0.653923 0.656687
0.659927 0.662592 0.670659
0.637467 0.715937 0.730539
0.640236 0.697933 0.714571
0.625475 0.712158 0.738523
0.664049 0.667259 0.672655
0.642669 0.658591 0.656687
0.644727 0.679040 0.694611
0.676074 0.658146 0.660679
0.658978 0.711047 0.728543
0.681505 0.655924 0.652695
0.628505 0.664814 0.670659
0.649079 0.659035 0.660679
0.687321 0.667259 0.666667
0.662660 0.695266 0.712575
0.643398 0.661925 0.662675
0.631826 0.695043 0.710579
0.658119 0.669927 0.672655
0.681546 0.682818 0.696607
0.654989 0.659702 0.660679
0.645198 0.659035 0.666667
0.634206 0.698377 0.710579
0.646025 0.709936 0.732535
0.660244 0.655701 0.656687
0.676456 0.665259 0.666667
0.646998 0.659258 0.660679
0.619100 0.669038 0.668663
0.652603 0.699267 0.726547
0.653137 0.665037 0.662675
0.642165 0.659480 0.666667
0.634907 0.701045 0.730539
0.626628 0.663259 0.672655
0.648829 0.688153 0.704591
0.663408 0.656368 0.662675
0.668030 0.655924 0.664671
0.641652 0.658369 0.662675
0.643117 0.664370 0.668663
0.661825 0.659924 0.672655
0.643645 0.663481 0.670659
0.638408 0.661258 0.662675
0.663209 0.657702 0.662675
0.638234 0.709269 0.728543
0.661576 0.661703 0.674651
0.645562 0.667482 0.664671
0.640462 0.661925 0.662675
0.639679 0.665481 0.660679
