1.875311 0.263836 0.296000
1.546932 0.234052 0.236000
1.370934 0.430762 0.458000
1.342164 0.375194 0.390000
1.306339 0.426984 0.460000
1.309909 0.404090 0.398000
1.311018 0.486108 0.502000
1.320283 0.377417 0.398000
1.309609 0.382974 0.394000
1.306934 0.486108 0.514000
1.321310 0.469215 0.502000
1.309213 0.449211 0.478000
1.266366 0.483441 0.516000
1.308573 0.416315 0.442000
1.309689 0.473216 0.490000
1.279507 0.422094 0.434000
1.294174 0.529896 0.540000
1.240656 0.498333 0.522000
1.264771 0.487886 0.518000
1.271046 0.496555 0.506000
1.260099 0.486775 0.510000
1.255559 0.521671 0.548000
1.263365 0.513447 0.548000
1.279573 0.487442 0.530000
1.222524 0.525672 0.558000
1.273344 0.505890 0.526000
1.232874 0.514559 0.544000
1.282990 0.522338 0.530000
1.269572 0.477884 0.508000
1.228287 0.499889 0.528000
1.226767 0.507668 0.516000
1.246126 0.501222 0.522000
1.238912 0.516337 0.544000
1.259362 0.512558 0.546000
1.235847 0.510780 0.536000
1.267249 0.482996 0.516000
1.211166 0.488553 0.506000
1.233189 0.513670 0.540000
1.207944 0.459880 0.488000
1.241989 0.510780 0.528000
1.226116 0.533452 0.560000
1.254444 0.516559 0.542000
1.203736 0.527895 0.546000
1.236369 0.497666 0.532000
1.202422 0.517893 0.528000
1.220250 0.524783 0.538000
1.258039 0.526117 0.550000
1.207881 0.464103 0.486000
1.285240 0.518337 0.534000
1.245852 0.535452 0.566000
1.197967 0.510113 0.564000
1.240308 0.530562 0.566000
1.225108 0.533007 0.548000
1.211089 0.531007 0.556000
1.233831 0.514559 0.530000
1.203548 0.539453 0.566000
1.214480 0.509224 0.546000
1.188715 0.533896 0.562000
1.229678 0.491887 0.520000
1.187014 0.510558 0.566000
1.237971 0.524561 0.558000
1.226647 0.530785 0.548000
1.215417 0.528340 0.564000
1.195476 0.525895 0.568000
1.184340 0.526561 0.546000
1.183043 0.534786 0.572000
1.171617 0.532563 0.554000
1.196710 0.506779 0.534000
1.236576 0.499444 0.528000
1.179773 0.539453 0.534000
1.235514 0.521227 0.520000
1.174487 0.527895 0.548000
1.177005 0.523227 0.542000
1.218261 0.534341 0.564000
1.205897 0.519671 0.580000
1.185337 0.507891 0.524000
1.196037 0.511892 0.522000
1.177286 0.524116 0.550000
1.201261 0.518782 0.560000
1.215561 0.544343 0.578000
1.155036 0.520560 0.562000
1.201485 0.487442 0.518000
1.154743 0.528340 0.550000
1.211333 0.537897 0.562000
1.206718 0.529451 0.556000
1.200358 0.519449 0.540000
1.199444 0.492109 0.536000
1.203506 0.541231 0.566000
1.186381 0.513003 0.536000
1.208993 0.501889 0.528000
1.181410 0.523005 0.534000
1.206026 0.523005 0.554000
1.200560 0.532118 0.552000
1.175225 0.531229 0.572000
1.184051 0.534119 0.580000
1.218896 0.528562 0.582000
1.222295 0.515003 0.572000
1.201651 0.540787 0.554000
1.173680 0.525006 0.556000
1.189391 0.542565 0.582000
1.160820 0.523227 0.564000
1.204050 0.523450 0.554000
1.161252 0.535230 0.560000
1.183359 0.535675 0.584000
1.196583 0.536119 0.576000
1.152808 0.532341 0.572000
1.221313 0.540120 0.578000
1.196858 0.545677 0.572000
1.169758 0.544343 0.568000
1.140737 0.540787 0.578000
1.180734 0.540565 0.568000
1.189912 0.538342 0.568000
1.163332 0.531229 0.552000
1.162947 0.536564 0.570000
1.174019 0.521671 0.554000
1.161939 0.544343 0.572000
1.178291 0.537453 0.574000
1.179132 0.542565 0.566000
1.168386 0.538786 0.566000
1.167600 0.544788 0.568000
1.174895 0.473661 0.516000
1.196950 0.526117 0.532000
1.158870 0.535452 0.562000
1.161262 0.546566 0.568000
1.197324 0.545010 0.568000
1.166672 0.515448 0.544000
1.144507 0.544788 0.578000
1.180909 0.536119 0.574000
1.159906 0.543454 0.576000
1.159842 0.527895 0.564000
1.155525 0.543232 0.570000
1.167952 0.543232 0.570000
1.209879 0.519893 0.538000
1.174724 0.540342 0.572000
1.175294 0.543232 0.554000
1.136541 0.532785 0.560000
1.174984 0.531451 0.540000
1.161487 0.544343 0.572000
1.169476 0.537008 0.576000
1.162086 0.541009 0.568000
1.175484 0.541898 0.568000
1.198980 0.514781 0.536000
1.151403 0.552567 0.570000
1.192268 0.533674 0.566000
1.208763 0.545899 0.564000
1.172265 0.527451 0.550000
1.196580 0.540120 0.566000
1.151987 0.532785 0.564000
1.170052 0.528784 0.544000
1.145748 0.544788 0.586000
1.153126 0.538342 0.582000
1.168557 0.539898 0.566000
1.110409 0.553234 0.586000
1.147031 0.509669 0.518000
1.176226 0.542120 0.574000
1.154033 0.543010 0.586000
1.160209 0.541009 0.574000
1.145368 0.549011 0.578000
1.133756 0.547233 0.580000
1.165742 0.511002 0.546000
1.162283 0.522338 0.546000
1.117585 0.541009 0.570000
1.155987 0.540342 0.588000
1.098854 0.508113 0.516000
1.134212 0.546788 0.576000
1.144448 0.520338 0.536000
1.166570 0.554568 0.582000
1.159701 0.535452 0.566000
1.130061 0.540342 0.574000
1.115737 0.549455 0.590000
1.195244 0.551900 0.596000
1.158060 0.543232 0.592000
1.118755 0.551456 0.594000
1.153542 0.545232 0.570000
1.178624 0.552567 0.586000
1.190952 0.548789 0.578000
1.140659 0.548344 0.586000
1.146125 0.548344 0.586000
1.141042 0.548566 0.580000
1.144983 0.553012 0.582000
1.154156 0.537008 0.574000
1.129331 0.551456 0.594000
1.124878 0.530118 0.556000
1.131906 0.535230 0.564000
1.147993 0.535675 0.576000
1.146995 0.554790 0.582000
1.136281 0.533674 0.572000
1.111902 0.551678 0.562000
1.146883 0.548122 0.578000
1.174722 0.552790 0.584000
1.160361 0.557013 0.596000
1.159339 0.553901 0.560000
1.140438 0.559902 0.586000
1.129481 0.550345 0.570000
1.149340 0.546566 0.578000
1.170411 0.543232 0.552000
1.131818 0.552567 0.578000
1.172093 0.561236 0.566000
1.134828 0.545010 0.566000
1.109934 0.556346 0.572000
1.156859 0.542565 0.570000
1.145599 0.557679 0.578000
1.134672 0.538564 0.570000
1.127077 0.557013 0.590000
1.123991 0.527673 0.546000
1.102497 0.558124 0.586000
1.129684 0.553234 0.588000
1.123078 0.554123 0.570000
1.134245 0.553679 0.588000
1.134156 0.561014 0.598000
1.121411 0.559013 0.594000
1.108810 0.542787 0.568000
1.150421 0.560124 0.596000
1.162345 0.545232 0.586000
1.112756 0.563459 0.590000
1.122286 0.546344 0.560000
1.105817 0.541454 0.574000
1.132628 0.557013 0.610000
1.106605 0.549678 0.594000
1.164981 0.551456 0.578000
1.143915 0.561458 0.590000
1.112506 0.551456 0.594000
1.154116 0.542565 0.564000
1.168570 0.555012 0.590000
1.134286 0.551011 0.574000
1.138159 0.564570 0.598000
1.158241 0.525672 0.534000
1.128740 0.562347 0.594000
1.141398 0.557013 0.586000
1.114291 0.551678 0.578000
1.144911 0.551011 0.580000
1.100897 0.555901 0.594000
1.139491 0.562569 0.598000
1.124105 0.546788 0.570000
1.143295 0.551234 0.574000
1.145644 0.566793 0.588000
1.125093 0.558791 0.582000
1.132364 0.559902 0.596000
1.120498 0.560569 0.588000
1.130865 0.515003 0.540000
1.144250 0.549678 0.580000
1.132983 0.553012 0.590000
1.122042 0.553901 0.580000
1.164914 0.543454 0.580000
1.106576 0.539453 0.572000
1.163596 0.543676 0.568000
1.110308 0.556568 0.576000
1.132133 0.547010 0.564000
1.122565 0.552345 0.582000
1.117229 0.563236 0.596000
1.116168 0.561014 0.580000
1.131058 0.561680 0.604000
1.086042 0.551900 0.572000
1.111622 0.556124 0.590000
1.133187 0.558346 0.594000
1.135603 0.558346 0.596000
1.119832 0.556568 0.586000
1.155010 0.557457 0.600000
1.116103 0.555901 0.598000
1.146153 0.537008 0.566000
1.113313 0.562792 0.594000
1.156440 0.556790 0.582000
1.125728 0.559013 0.578000
1.127201 0.562569 0.602000
1.144211 0.560347 0.588000
1.104949 0.564125 0.596000
1.121107 0.557235 0.588000
1.122815 0.553901 0.594000
1.152601 0.558569 0.586000
1.147418 0.548566 0.576000
1.110269 0.562347 0.590000
1.086703 0.558124 0.588000
1.133199 0.542787 0.564000
1.103195 0.566570 0.600000
1.115510 0.549900 0.586000
1.140701 0.556790 0.576000
1.122774 0.549011 0.582000
1.164986 0.558346 0.582000
1.119474 0.569015 0.596000
1.136297 0.561014 0.594000
1.088340 0.554123 0.582000
1.096780 0.563903 0.588000
1.138882 0.563236 0.602000
1.135757 0.552790 0.582000
1.120899 0.560791 0.590000
1.125881 0.549233 0.572000
1.131935 0.561903 0.592000
1.101741 0.557902 0.594000
1.119837 0.542787 0.570000
1.110585 0.551234 0.582000
1.104279 0.559680 0.598000
1.086798 0.566126 0.590000
1.132027 0.564570 0.592000
1.101211 0.562347 0.584000
1.078156 0.562125 0.594000
1.123938 0.551234 0.578000
1.131845 0.559458 0.588000
1.135514 0.549678 0.582000
1.104459 0.549233 0.576000
1.110239 0.546121 0.566000
1.115746 0.549233 0.574000
1.132934 0.557235 0.584000
1.138356 0.559235 0.578000
1.104201 0.552567 0.588000
1.120140 0.561014 0.588000
1.121717 0.565237 0.598000
1.164009 0.549233 0.574000
1.120604 0.559013 0.586000
1.084370 0.563681 0.588000
1.097959 0.563459 0.588000
1.153010 0.563236 0.592000
1.128464 0.563903 0.592000
1.114602 0.561236 0.574000
1.159252 0.563903 0.582000
1.101738 0.559458 0.580000
1.083555 0.558569 0.590000
1.137037 0.552790 0.578000
1.102595 0.558791 0.586000
1.126149 0.558569 0.586000
1.162270 0.562125 0.592000
1.105561 0.562569 0.590000
1.122035 0.562792 0.588000
1.172160 0.561014 0.580000
1.125034 0.561903 0.584000
1.111993 0.562569 0.582000
1.108976 0.561458 0.584000
1.126356 0.568126 0.594000
1.106225 0.566348 0.588000
1.125976 0.561236 0.588000
1.136191 0.560569 0.588000
1.144691 0.552345 0.582000
1.143099 0.554345 0.572000
1.128475 0.558346 0.590000
1.113206 0.567904 0.598000
1.120688 0.562125 0.598000
1.130896 0.561236 0.586000
1.132563 0.562347 0.600000
1.109405 0.571683 0.598000
1.130204 0.560347 0.590000
1.107468 0.562569 0.586000
1.151587 0.561458 0.600000
1.121423 0.567237 0.598000
1.144841 0.566793 0.600000
1.135808 0.570127 0.586000
1.112892 0.565237 0.582000
1.124777 0.563681 0.590000
1.110805 0.551234 0.594000
1.123614 0.566570 0.596000
1.141800 0.559902 0.582000
1.127219 0.560791 0.594000
