1.705155 0.370971 0.376000
1.544743 0.345632 0.370000
1.484138 0.383419 0.396000
1.445837 0.429873 0.422000
1.417993 0.330073 0.344000
1.408283 0.474105 0.472000
1.387891 0.407202 0.400000
1.412921 0.371860 0.374000
1.413239 0.434541 0.448000
1.402627 0.474550 0.488000
1.403604 0.484552 0.492000
1.400444 0.470771 0.476000
1.354632 0.448989 0.458000
1.379645 0.470771 0.480000
1.395456 0.459213 0.480000
1.379106 0.498111 0.522000
1.382023 0.498555 0.484000
1.348003 0.477884 0.490000
1.356298 0.464992 0.518000
1.356633 0.478773 0.494000
1.360943 0.438320 0.458000
1.367794 0.484552 0.500000
1.350996 0.462770 0.472000
1.344463 0.429429 0.428000
1.328207 0.486330 0.506000
1.380759 0.477439 0.502000
1.349356 0.486775 0.506000
1.354141 0.469215 0.488000
1.360828 0.495666 0.508000
1.330304 0.490109 0.528000
1.299332 0.511447 0.506000
1.333804 0.487442 0.506000
1.332498 0.413203 0.418000
1.340143 0.477662 0.494000
1.329021 0.488553 0.492000
1.330549 0.446099 0.480000
1.298973 0.477662 0.486000
1.321533 0.490109 0.518000
1.289183 0.457657 0.464000
1.312885 0.476550 0.492000
1.304582 0.507446 0.522000
1.331817 0.486108 0.494000
1.274476 0.451656 0.470000
1.326127 0.483218 0.510000
1.284757 0.509002 0.528000
1.298546 0.485441 0.514000
1.338184 0.447655 0.458000
1.301510 0.401423 0.412000
1.345156 0.499444 0.536000
1.306734 0.526561 0.544000
1.261079 0.513670 0.548000
1.293755 0.526117 0.544000
1.284972 0.517448 0.524000
1.283156 0.514781 0.542000
1.308485 0.501667 0.508000
1.259098 0.515670 0.552000
1.293753 0.520116 0.560000
1.237921 0.531451 0.532000
1.278823 0.499444 0.504000
1.234734 0.500778 0.518000
1.288951 0.528784 0.538000
1.291851 0.527673 0.560000
1.278645 0.505446 0.538000
1.253464 0.516115 0.564000
1.247232 0.521227 0.532000
1.246247 0.520560 0.544000
1.232347 0.529451 0.544000
1.250245 0.521005 0.544000
1.294128 0.503001 0.536000
1.231330 0.522783 0.516000
1.289167 0.495666 0.506000
1.251560 0.522783 0.534000
1.233786 0.506112 0.526000
1.277978 0.518337 0.534000
1.255958 0.502556 0.522000
1.247121 0.506779 0.534000
1.248001 0.516559 0.534000
1.253148 0.517004 0.536000
1.245037 0.511892 0.544000
1.285395 0.520560 0.532000
1.215662 0.498555 0.514000
1.268939 0.506557 0.524000
1.218254 0.505223 0.528000
1.268336 0.511225 0.534000
1.264304 0.525006 0.534000
1.258688 0.497666 0.516000
1.254069 0.499444 0.526000
1.261408 0.528562 0.536000
1.251733 0.504779 0.512000
1.267555 0.512114 0.538000
1.236791 0.512558 0.516000
1.260472 0.492109 0.518000
1.242441 0.516115 0.534000
1.240400 0.508113 0.538000
1.246386 0.526117 0.542000
1.269765 0.523005 0.542000
1.284990 0.519893 0.548000
1.242814 0.529896 0.534000
1.216462 0.507446 0.522000
1.259433 0.531674 0.550000
1.224535 0.519893 0.520000
1.259257 0.525672 0.538000
1.222081 0.524783 0.554000
1.237580 0.532341 0.558000
1.259327 0.534341 0.558000
1.211806 0.521005 0.550000
1.267285 0.535008 0.546000
1.260205 0.538120 0.560000
1.224239 0.522561 0.540000
1.193726 0.529006 0.558000
1.235310 0.532563 0.546000
1.228071 0.526561 0.566000
1.233323 0.523672 0.540000
1.211182 0.535008 0.546000
1.225530 0.512558 0.538000
1.211797 0.524561 0.532000
1.227743 0.534563 0.552000
1.222691 0.519449 0.538000
1.230353 0.529229 0.562000
1.227397 0.539009 0.552000
1.247560 0.489664 0.508000
1.252194 0.507891 0.514000
1.209152 0.534119 0.546000
1.214996 0.535675 0.558000
1.261880 0.523672 0.536000
1.230884 0.532785 0.560000
1.195586 0.508113 0.530000
1.235785 0.523672 0.554000
1.212850 0.520782 0.534000
1.220862 0.525006 0.548000
1.197934 0.535230 0.554000
1.218044 0.528340 0.558000
1.262071 0.507002 0.534000
1.229023 0.532785 0.556000
1.245611 0.533230 0.550000
1.198469 0.507002 0.524000
1.227570 0.540565 0.552000
1.224923 0.534119 0.544000
1.239011 0.516782 0.528000
1.220938 0.525895 0.550000
1.220384 0.535897 0.542000
1.244273 0.505001 0.520000
1.210462 0.522116 0.532000
1.290770 0.531896 0.546000
1.257566 0.533007 0.558000
1.233753 0.528784 0.540000
1.238876 0.530340 0.548000
1.223563 0.512336 0.514000
1.230674 0.536119 0.546000
1.222406 0.533230 0.556000
1.216059 0.533230 0.566000
1.228540 0.533007 0.546000
1.179204 0.536564 0.558000
1.212439 0.525450 0.544000
1.226621 0.536786 0.546000
1.207678 0.537675 0.556000
1.215859 0.530785 0.538000
1.208071 0.529451 0.558000
1.199584 0.539009 0.566000
1.241364 0.533452 0.548000
1.225876 0.520116 0.522000
1.181248 0.529896 0.564000
1.216970 0.535675 0.534000
1.152190 0.514559 0.550000
1.198191 0.534341 0.536000
1.207301 0.529673 0.552000
1.242148 0.531229 0.550000
1.209837 0.533230 0.542000
1.197368 0.534341 0.552000
1.181448 0.540787 0.544000
1.261480 0.543010 0.568000
1.217181 0.531451 0.566000
1.193217 0.541676 0.566000
1.233094 0.538342 0.548000
1.247111 0.545455 0.570000
1.245961 0.535675 0.562000
1.203128 0.544565 0.558000
1.211553 0.532118 0.554000
1.212798 0.539898 0.566000
1.211714 0.539898 0.560000
1.237071 0.531229 0.558000
1.189828 0.544343 0.560000
1.189594 0.541676 0.568000
1.204407 0.537230 0.534000
1.224082 0.510113 0.540000
1.220260 0.538342 0.562000
1.200852 0.530785 0.552000
1.179772 0.536341 0.560000
1.210444 0.533896 0.536000
1.232450 0.538120 0.544000
1.221136 0.540787 0.556000
1.227357 0.537008 0.546000
1.215875 0.541231 0.568000
1.178727 0.537675 0.552000
1.218947 0.539675 0.538000
1.238122 0.537230 0.540000
1.182619 0.538564 0.572000
1.221380 0.539009 0.550000
1.198774 0.537897 0.550000
1.181433 0.540565 0.550000
1.231918 0.533674 0.550000
1.209894 0.539898 0.552000
1.204705 0.540120 0.550000
1.201954 0.542565 0.552000
1.197776 0.532118 0.560000
1.182687 0.543010 0.556000
1.205567 0.537897 0.558000
1.191741 0.539453 0.548000
1.199961 0.539898 0.570000
1.212143 0.542343 0.566000
1.193631 0.543010 0.558000
1.180205 0.536341 0.548000
1.220006 0.539898 0.570000
1.221709 0.536341 0.576000
1.196057 0.546566 0.568000
1.187785 0.544788 0.562000
1.183746 0.539009 0.562000
1.198110 0.537897 0.566000
1.173420 0.537897 0.564000
1.226458 0.538120 0.560000
1.212515 0.541898 0.560000
1.186098 0.537008 0.560000
1.234165 0.533674 0.548000
1.247014 0.543232 0.548000
1.194065 0.546344 0.570000
1.235796 0.544565 0.558000
1.229729 0.501445 0.540000
1.188412 0.541009 0.558000
1.219929 0.541231 0.566000
1.197887 0.534341 0.566000
1.224053 0.541676 0.558000
1.170265 0.537008 0.556000
1.212272 0.545232 0.570000
1.185520 0.533007 0.562000
1.221350 0.539231 0.560000
1.214866 0.543454 0.564000
1.197917 0.539898 0.566000
1.209051 0.543676 0.568000
1.197075 0.543232 0.562000
1.197204 0.539009 0.566000
1.206569 0.538342 0.556000
1.210004 0.540787 0.556000
1.193413 0.535675 0.544000
1.234717 0.533674 0.550000
1.181138 0.539675 0.566000
1.230317 0.536119 0.560000
1.190598 0.543676 0.570000
1.226301 0.533452 0.552000
1.197075 0.537230 0.562000
1.193759 0.542565 0.566000
1.196404 0.541676 0.564000
1.198664 0.541898 0.562000
1.169238 0.542120 0.568000
1.197162 0.539453 0.566000
1.216011 0.539675 0.560000
1.208776 0.538120 0.566000
1.189641 0.541231 0.564000
1.241536 0.544788 0.562000
1.187895 0.542120 0.562000
1.215234 0.531896 0.554000
1.206856 0.542343 0.562000
1.234426 0.540120 0.560000
1.192182 0.540342 0.562000
1.193842 0.543676 0.554000
1.238611 0.535452 0.552000
1.178344 0.546121 0.574000
1.193075 0.541009 0.568000
1.206145 0.539675 0.552000
1.241475 0.540787 0.572000
1.209175 0.533896 0.560000
1.176287 0.540120 0.560000
1.183080 0.542343 0.556000
1.199488 0.540787 0.548000
1.178440 0.545899 0.562000
1.191108 0.537453 0.560000
1.205560 0.538342 0.570000
1.206293 0.536786 0.552000
1.206656 0.538120 0.564000
1.197985 0.546121 0.562000
1.195404 0.543676 0.568000
1.159478 0.540120 0.550000
1.167935 0.542565 0.570000
1.217993 0.542120 0.556000
1.199868 0.532118 0.560000
1.206168 0.538564 0.556000
1.203621 0.540120 0.556000
1.189082 0.542565 0.562000
1.187051 0.535452 0.562000
1.189807 0.527451 0.558000
1.183251 0.538120 0.550000
1.183778 0.538564 0.558000
1.168262 0.542565 0.566000
1.213159 0.541454 0.560000
1.174633 0.543899 0.564000
1.178060 0.540120 0.552000
1.198536 0.537453 0.556000
1.205325 0.540342 0.568000
1.204273 0.533896 0.554000
1.177860 0.533674 0.554000
1.194272 0.532341 0.548000
1.202909 0.533452 0.552000
1.197919 0.539898 0.558000
1.218862 0.540787 0.556000
1.192033 0.538120 0.554000
1.215912 0.543676 0.560000
1.198114 0.540342 0.572000
1.244117 0.534341 0.548000
1.190666 0.540565 0.558000
1.156876 0.541009 0.566000
1.159548 0.544343 0.572000
1.217631 0.541009 0.560000
1.205558 0.541676 0.570000
1.180718 0.540565 0.566000
1.235936 0.540342 0.564000
1.199262 0.537897 0.560000
1.165861 0.533452 0.556000
1.191562 0.533674 0.554000
1.185612 0.537897 0.562000
1.210354 0.530118 0.564000
1.222756 0.540120 0.568000
1.180958 0.540120 0.562000
1.189556 0.540565 0.570000
1.247737 0.539675 0.564000
1.183124 0.541009 0.550000
1.197633 0.541898 0.558000
1.174714 0.542120 0.568000
1.201030 0.542565 0.558000
1.182737 0.541454 0.570000
1.208605 0.544343 0.562000
1.206671 0.541454 0.564000
1.213575 0.536119 0.556000
1.224968 0.538564 0.554000
1.205722 0.540342 0.554000
1.175470 0.543232 0.560000
1.198180 0.541676 0.560000
1.202089 0.542120 0.572000
1.201897 0.543454 0.566000
1.163237 0.541009 0.562000
1.203060 0.532563 0.566000
1.185104 0.540787 0.564000
1.197534 0.539898 0.564000
1.203149 0.543676 0.560000
1.217364 0.543454 0.560000
1.200011 0.547233 0.562000
1.185414 0.538564 0.576000
1.195538 0.540342 0.562000
1.199660 0.532563 0.552000
1.190075 0.543454 0.554000
1.204652 0.539453 0.558000
1.204855 0.541231 0.572000
