1.693627 0.200044 0.200000
1.619477 0.200044 0.200000
1.620110 0.200044 0.200000
1.617143 0.200044 0.200000
1.616055 0.200044 0.200000
1.618320 0.199822 0.200000
1.617574 0.200044 0.200000
1.616098 0.200044 0.200000
1.618047 0.200044 0.200000
1.618576 0.200044 0.200000
1.619971 0.200044 0.200000
1.616559 0.200044 0.200000
1.612980 0.200044 0.200000
1.618700 0.200044 0.200000
1.614191 0.199822 0.200000
1.612808 0.200044 0.200000
1.616436 0.200044 0.200000
1.614123 0.200044 0.200000
1.617455 0.200044 0.200000
1.617961 0.200044 0.200000
1.617739 0.200044 0.200000
1.618326 0.199822 0.200000
1.614292 0.200044 0.200000
1.616152 0.199822 0.200000
1.614461 0.200044 0.200000
1.622178 0.200044 0.200000
1.619409 0.200044 0.200000
1.612978 0.199822 0.200000
1.615853 0.200044 0.200000
1.613758 0.200044 0.200000
1.613567 0.200044 0.200000
1.619360 0.200044 0.200000
1.614985 0.199822 0.200000
1.618021 0.200044 0.200000
1.614517 0.200044 0.200000
1.617844 0.199822 0.200000
1.616973 0.200044 0.200000
1.617750 0.200044 0.200000
1.614505 0.200044 0.200000
1.617436 0.200044 0.200000
1.613928 0.200044 0.200000
1.613464 0.200044 0.200000
1.613390 0.199822 0.200000
1.616407 0.200044 0.200000
1.618770 0.200044 0.200000
1.621957 0.200044 0.200000
1.614297 0.200044 0.200000
1.616406 0.200044 0.200000
1.619949 0.200044 0.200000
1.611982 0.200044 0.200000
1.615234 0.199822 0.200000
1.613993 0.200044 0.200000
1.612896 0.200044 0.200000
1.614315 0.200044 0.200000
1.612580 0.200044 0.200000
1.615222 0.200044 0.200000
1.611125 0.200044 0.200000
1.613294 0.200044 0.200000
1.615797 0.200044 0.200000
1.612332 0.200044 0.200000
1.613941 0.200044 0.200000
1.615274 0.199822 0.200000
1.613286 0.200044 0.200000
1.611843 0.200044 0.200000
1.611535 0.200044 0.200000
1.613170 0.200044 0.200000
1.609870 0.199822 0.200000
1.614496 0.200044 0.200000
1.613350 0.200044 0.200000
1.614753 0.200044 0.200000
1.614460 0.200044 0.200000
1.611747 0.200044 0.200000
1.616097 0.200044 0.200000
1.611072 0.200044 0.200000
1.614480 0.199822 0.200000
1.611862 0.200044 0.200000
1.616009 0.200044 0.200000
1.614112 0.200044 0.200000
1.613053 0.200044 0.200000
1.612411 0.200044 0.200000
1.614216 0.199822 0.200000
1.613425 0.200044 0.200000
1.611846 0.200044 0.200000
1.614414 0.199822 0.200000
1.612782 0.200044 0.200000
1.613914 0.200044 0.200000
1.611393 0.200044 0.200000
1.612458 0.200044 0.200000
1.612969 0.200044 0.200000
1.612860 0.200044 0.200000
1.613975 0.200044 0.200000
1.612446 0.200044 0.200000
1.616444 0.200044 0.200000
1.613076 0.200044 0.200000
1.613637 0.199822 0.200000
1.612725 0.199822 0.200000
1.613476 0.199822 0.200000
1.614377 0.200044 0.200000
1.611899 0.200044 0.200000
1.612682 0.200044 0.200000
1.611540 0.200044 0.200000
1.612253 0.200044 0.200000
1.611556 0.200044 0.200000
1.612477 0.199822 0.200000
1.611045 0.200044 0.200000
1.611326 0.200044 0.200000
1.612976 0.200044 0.200000
1.611039 0.200044 0.200000
1.610670 0.200044 0.200000
1.611988 0.200044 0.200000
1.612844 0.200044 0.200000
1.611586 0.200044 0.200000
1.611837 0.200044 0.200000
1.612238 0.200044 0.200000
1.612603 0.200044 0.200000
1.610380 0.200044 0.200000
1.610156 0.200044 0.200000
1.609748 0.200044 0.200000
1.612977 0.200044 0.200000
1.611877 0.200044 0.200000
1.610836 0.200044 0.200000
1.610075 0.199822 0.200000
1.611684 0.200044 0.200000
1.610889 0.200044 0.200000
1.610935 0.200044 0.200000
1.613872 0.199822 0.200000
1.610321 0.200044 0.200000
1.611675 0.200044 0.200000
1.612569 0.200044 0.200000
1.610923 0.200044 0.200000
1.609809 0.200044 0.200000
1.610418 0.199822 0.200000
1.611920 0.200044 0.200000
1.613702 0.200044 0.200000
1.611136 0.200044 0.200000
1.611034 0.200044 0.200000
1.609839 0.199822 0.200000
1.610897 0.200044 0.200000
1.610977 0.200044 0.200000
1.611972 0.200044 0.200000
1.610321 0.200044 0.200000
1.613061 0.199822 0.200000
1.612634 0.200044 0.200000
1.611888 0.200044 0.200000
1.611828 0.200044 0.200000
1.609999 0.200044 0.200000
1.613074 0.200044 0.200000
1.609671 0.200044 0.200000
1.609997 0.200044 0.200000
1.611222 0.200044 0.200000
1.608928 0.200044 0.200000
1.613080 0.200044 0.200000
1.609659 0.200044 0.200000
1.611174 0.200044 0.200000
1.609446 0.199822 0.200000
1.609893 0.200044 0.200000
1.611288 0.200044 0.200000
1.612102 0.200044 0.200000
1.610049 0.200044 0.200000
1.608989 0.200044 0.200000
1.610615 0.200044 0.200000
1.610865 0.200044 0.200000
1.611271 0.200044 0.200000
1.609366 0.200044 0.200000
1.610542 0.200044 0.200000
1.609980 0.200044 0.200000
1.611617 0.199822 0.200000
1.610469 0.200044 0.200000
1.608832 0.200044 0.200000
1.609599 0.200044 0.200000
1.610093 0.199822 0.200000
1.612372 0.200044 0.200000
1.611948 0.200044 0.200000
1.610175 0.200044 0.200000
1.610653 0.200044 0.200000
1.610940 0.200044 0.200000
1.609860 0.200044 0.200000
1.610138 0.200044 0.200000
1.610863 0.200044 0.200000
1.611061 0.200044 0.200000
1.611126 0.200044 0.200000
1.609095 0.199822 0.200000
1.611588 0.200044 0.200000
1.610912 0.200044 0.200000
1.610620 0.200044 0.200000
1.611459 0.200044 0.200000
1.610389 0.200044 0.200000
1.610740 0.199822 0.200000
1.610760 0.200044 0.200000
1.610420 0.199822 0.200000
1.608340 0.200044 0.200000
1.611306 0.200044 0.200000
1.611199 0.200044 0.200000
1.609839 0.200044 0.200000
1.610719 0.200044 0.200000
1.608203 0.200044 0.200000
1.610582 0.200044 0.200000
1.611496 0.200044 0.200000
1.610146 0.199822 0.200000
1.610032 0.200044 0.200000
1.610248 0.200044 0.200000
1.608860 0.200044 0.200000
1.609134 0.200044 0.200000
1.609426 0.200044 0.200000
1.610417 0.200044 0.200000
1.609898 0.200044 0.200000
1.611218 0.200044 0.200000
1.610039 0.200044 0.200000
1.610524 0.200044 0.200000
1.610569 0.200044 0.200000
1.611000 0.200044 0.200000
1.609810 0.200044 0.200000
1.609970 0.200044 0.200000
1.609709 0.200044 0.200000
1.608913 0.200044 0.200000
1.609077 0.200044 0.200000
1.609784 0.200044 0.200000
1.610582 0.200044 0.200000
1.610155 0.200044 0.200000
1.609113 0.200044 0.200000
1.609394 0.200044 0.200000
1.610096 0.200044 0.200000
1.609303 0.200044 0.200000
1.610746 0.200044 0.200000
1.611318 0.200044 0.200000
1.609017 0.200044 0.200000
1.609573 0.200044 0.200000
1.610205 0.200044 0.200000
1.610321 0.200044 0.200000
1.608628 0.200044 0.200000
1.609280 0.200044 0.200000
1.609390 0.200044 0.200000
1.609692 0.200044 0.200000
1.610249 0.200044 0.200000
1.609427 0.200044 0.200000
1.609400 0.200044 0.200000
1.610605 0.200044 0.200000
1.608640 0.200044 0.200000
1.610312 0.200044 0.200000
1.607861 0.200044 0.200000
1.611659 0.200044 0.200000
1.610188 0.199822 0.200000
1.608836 0.200044 0.200000
1.610045 0.200044 0.200000
1.610160 0.200044 0.200000
1.610034 0.200044 0.200000
1.609577 0.200044 0.200000
1.610427 0.200044 0.200000
1.610204 0.200044 0.200000
1.609806 0.200044 0.200000
1.610124 0.200044 0.200000
1.609440 0.200044 0.200000
1.610313 0.200044 0.200000
1.609943 0.200044 0.200000
1.609795 0.200044 0.200000
1.610304 0.200044 0.200000
1.609732 0.200044 0.200000
1.609539 0.200044 0.200000
1.609448 0.200044 0.200000
1.609095 0.200044 0.200000
1.609791 0.200044 0.200000
1.610087 0.200044 0.200000
1.608947 0.200044 0.200000
1.611172 0.200044 0.200000
1.609875 0.199822 0.200000
1.609357 0.199822 0.200000
1.609491 0.200044 0.200000
1.609353 0.200044 0.200000
1.610714 0.200044 0.200000
1.608636 0.200044 0.200000
1.609361 0.200044 0.200000
1.609604 0.200044 0.200000
1.610512 0.200044 0.200000
1.608890 0.199822 0.200000
1.610425 0.200044 0.200000
1.609593 0.200044 0.200000
1.609457 0.200044 0.200000
1.610652 0.200044 0.200000
1.609500 0.200044 0.200000
1.608499 0.200044 0.200000
1.608609 0.200044 0.200000
1.609843 0.200044 0.200000
1.609392 0.200044 0.200000
1.609670 0.200044 0.200000
1.609363 0.200044 0.200000
1.609090 0.200044 0.200000
1.608423 0.200044 0.200000
1.609784 0.200044 0.200000
1.609646 0.200044 0.200000
1.610455 0.200044 0.200000
1.609172 0.200044 0.200000
1.609743 0.200044 0.200000
1.609775 0.200044 0.200000
1.609385 0.200044 0.200000
1.609521 0.200044 0.200000
1.609436 0.200044 0.200000
1.609929 0.200044 0.200000
1.609756 0.200044 0.200000
1.609989 0.200044 0.200000
1.610261 0.200044 0.200000
1.609006 0.200044 0.200000
1.610346 0.200044 0.200000
1.610034 0.200044 0.200000
1.609713 0.200044 0.200000
1.610252 0.200044 0.200000
1.610334 0.200044 0.200000
1.609615 0.200044 0.200000
1.609326 0.200044 0.200000
1.609314 0.200044 0.200000
1.609885 0.200044 0.200000
1.610500 0.200044 0.200000
1.609855 0.200044 0.200000
1.609982 0.200044 0.200000
1.609400 0.200044 0.200000
1.609238 0.200044 0.200000
1.609607 0.200044 0.200000
1.609935 0.200044 0.200000
1.609423 0.200044 0.200000
1.609262 0.200044 0.200000
1.609007 0.200044 0.200000
1.609707 0.200044 0.200000
1.609841 0.200044 0.200000
1.609521 0.200044 0.200000
1.609568 0.200044 0.200000
1.609582 0.200044 0.200000
1.609162 0.200044 0.200000
1.609323 0.200044 0.200000
1.610182 0.200044 0.200000
1.609566 0.200044 0.200000
1.609472 0.200044 0.200000
1.610023 0.200044 0.200000
1.610061 0.199822 0.200000
1.609637 0.200044 0.200000
1.609271 0.199822 0.200000
1.609499 0.199822 0.200000
1.609663 0.199822 0.200000
1.609463 0.199822 0.200000
1.609365 0.200044 0.200000
1.610051 0.200044 0.200000
1.609676 0.200044 0.200000
1.609673 0.200044 0.200000
1.609448 0.200044 0.200000
1.609686 0.200044 0.200000
1.608904 0.199822 0.200000
1.609327 0.199822 0.200000
1.609575 0.199822 0.200000
1.610059 0.199822 0.200000
1.610129 0.200044 0.200000
1.610324 0.199822 0.200000
1.609699 0.199822 0.200000
