1.874864 0.294288 0.316000
1.548777 0.244054 0.250000
1.388346 0.369193 0.372000
1.353652 0.375639 0.390000
1.309744 0.441654 0.474000
1.321898 0.495443 0.528000
1.323750 0.479884 0.482000
1.323582 0.396533 0.420000
1.310616 0.362970 0.372000
1.306722 0.422983 0.420000
1.331458 0.506335 0.512000
1.310376 0.454545 0.504000
1.268729 0.468771 0.468000
1.307076 0.491665 0.524000
1.311230 0.412536 0.434000
1.284527 0.462103 0.488000
1.292399 0.502778 0.532000
1.246448 0.496999 0.524000
1.268081 0.459880 0.504000
1.273450 0.478995 0.484000
1.270885 0.493443 0.508000
1.267092 0.502112 0.530000
1.270141 0.483885 0.532000
1.275911 0.474105 0.494000
1.220996 0.519226 0.530000
1.276327 0.495221 0.500000
1.241809 0.502556 0.534000
1.295325 0.526117 0.520000
1.274618 0.490553 0.504000
1.238776 0.512558 0.534000
1.235112 0.520116 0.546000
1.254537 0.507224 0.526000
1.244960 0.512558 0.534000
1.264777 0.486997 0.516000
1.245928 0.507224 0.534000
1.274187 0.429429 0.446000
1.218969 0.501889 0.514000
1.233300 0.505446 0.522000
1.209637 0.485663 0.504000
1.251522 0.501667 0.534000
1.230715 0.511447 0.510000
1.273641 0.505001 0.526000
1.215427 0.521449 0.546000
1.242717 0.491220 0.516000
1.206976 0.514559 0.538000
1.223548 0.526784 0.548000
1.257856 0.515003 0.556000
1.222380 0.458769 0.482000
1.295008 0.536341 0.550000
1.248337 0.539453 0.550000
1.205682 0.519449 0.568000
1.247666 0.523227 0.556000
1.225846 0.527673 0.544000
1.210532 0.535897 0.548000
1.240984 0.505668 0.500000
1.201240 0.534563 0.552000
1.213056 0.531229 0.558000
1.186400 0.517226 0.526000
1.230549 0.497222 0.520000
1.186437 0.531451 0.552000
1.237537 0.532341 0.560000
1.225751 0.534341 0.546000
1.211516 0.524116 0.572000
1.204982 0.528340 0.576000
1.197081 0.530118 0.560000
1.178128 0.538120 0.574000
1.169327 0.533896 0.544000
1.202757 0.531896 0.566000
1.236735 0.505890 0.518000
1.182770 0.524339 0.524000
1.240621 0.508780 0.520000
1.172097 0.529673 0.558000
1.176728 0.515448 0.506000
1.221604 0.499889 0.512000
1.206364 0.525228 0.562000
1.184533 0.523227 0.538000
1.192266 0.514114 0.526000
1.180878 0.533007 0.544000
1.197216 0.505446 0.526000
1.213903 0.531007 0.566000
1.163034 0.450767 0.470000
1.204012 0.508335 0.522000
1.156390 0.520782 0.532000
1.210610 0.532785 0.558000
1.208530 0.423872 0.430000
1.197878 0.524561 0.536000
1.195052 0.437431 0.450000
1.201654 0.529229 0.556000
1.186114 0.528784 0.544000
1.207987 0.528117 0.550000
1.188072 0.532118 0.542000
1.206476 0.536119 0.566000
1.195080 0.521005 0.534000
1.181922 0.525006 0.552000
1.184486 0.501000 0.532000
1.220516 0.525895 0.582000
1.220696 0.523227 0.582000
1.201165 0.416092 0.426000
1.166667 0.522116 0.552000
1.188800 0.545899 0.566000
1.159762 0.520782 0.542000
1.199310 0.542787 0.582000
1.161746 0.537008 0.566000
1.184502 0.542343 0.580000
1.198280 0.544121 0.570000
1.153969 0.539453 0.554000
1.214368 0.543010 0.552000
1.196815 0.548122 0.576000
1.168103 0.542565 0.566000
1.138054 0.547900 0.576000
1.178005 0.542787 0.548000
1.194739 0.544565 0.564000
1.163489 0.538786 0.562000
1.153002 0.540565 0.556000
1.176224 0.535008 0.566000
1.164320 0.543010 0.570000
1.171975 0.547677 0.578000
1.177710 0.535008 0.570000
1.162614 0.533674 0.566000
1.165355 0.546788 0.556000
1.174635 0.414759 0.418000
1.194056 0.542787 0.570000
1.161101 0.544121 0.564000
1.158671 0.546344 0.570000
1.198007 0.539453 0.576000
1.156372 0.538786 0.574000
1.141583 0.543676 0.564000
1.182683 0.521449 0.546000
1.162196 0.540565 0.576000
1.158617 0.542565 0.576000
1.159154 0.549455 0.556000
1.171952 0.541898 0.572000
1.201411 0.535452 0.550000
1.170829 0.543899 0.578000
1.170438 0.545899 0.564000
1.147741 0.539898 0.568000
1.172507 0.548344 0.564000
1.163025 0.552790 0.568000
1.166816 0.546344 0.574000
1.162846 0.544565 0.568000
1.166415 0.512558 0.542000
1.197840 0.532785 0.546000
1.152804 0.547010 0.564000
1.198826 0.538120 0.564000
1.209568 0.537897 0.556000
1.164230 0.541676 0.556000
1.198189 0.546566 0.568000
1.146194 0.544565 0.564000
1.173118 0.536119 0.568000
1.143677 0.549455 0.580000
1.158867 0.547010 0.578000
1.177714 0.544343 0.564000
1.103505 0.549011 0.560000
1.149743 0.551456 0.588000
1.172286 0.549900 0.574000
1.149294 0.549678 0.584000
1.159169 0.543010 0.572000
1.137663 0.551234 0.578000
1.139849 0.551678 0.570000
1.162621 0.545232 0.578000
1.153953 0.547233 0.558000
1.113014 0.547677 0.576000
1.157699 0.549678 0.568000
1.099547 0.542120 0.562000
1.136907 0.548566 0.574000
1.139962 0.554123 0.576000
1.164176 0.547010 0.578000
1.156553 0.545677 0.590000
1.129082 0.553234 0.586000
1.125339 0.546344 0.578000
1.190467 0.551011 0.582000
1.155774 0.547900 0.580000
1.112850 0.548122 0.584000
1.157789 0.548344 0.594000
1.178944 0.549900 0.574000
1.183706 0.557235 0.598000
1.135756 0.549900 0.592000
1.144743 0.549011 0.576000
1.141400 0.553679 0.576000
1.142783 0.555234 0.576000
1.153701 0.552790 0.596000
1.121422 0.551900 0.578000
1.130011 0.550345 0.580000
1.130838 0.551234 0.570000
1.157326 0.547010 0.590000
1.157050 0.555234 0.580000
1.136522 0.542787 0.558000
1.112825 0.556346 0.582000
1.147140 0.549455 0.586000
1.179422 0.551456 0.576000
1.152932 0.541676 0.582000
1.166267 0.551011 0.580000
1.144215 0.552345 0.574000
1.126262 0.551234 0.566000
1.153618 0.555457 0.578000
1.180355 0.543010 0.572000
1.145569 0.550345 0.584000
1.163586 0.554568 0.576000
1.135427 0.554790 0.572000
1.120130 0.560124 0.584000
1.159201 0.552790 0.586000
1.153230 0.551234 0.568000
1.149519 0.554790 0.578000
1.131584 0.554790 0.582000
1.133558 0.533452 0.554000
1.104650 0.553456 0.574000
1.145849 0.555457 0.606000
1.135610 0.550789 0.580000
1.142057 0.550567 0.580000
1.140317 0.559013 0.588000
1.131170 0.553679 0.582000
1.114398 0.553456 0.566000
1.151870 0.555457 0.582000
1.164226 0.553679 0.584000
1.120080 0.558124 0.570000
1.129355 0.550789 0.566000
1.120075 0.557013 0.586000
1.125870 0.552123 0.580000
1.110870 0.551234 0.584000
1.165861 0.557902 0.600000
1.141624 0.556790 0.580000
1.111847 0.547233 0.588000
1.161295 0.547010 0.570000
1.176242 0.554790 0.578000
1.142231 0.555234 0.580000
1.151816 0.549678 0.570000
1.165482 0.543454 0.564000
1.128254 0.551234 0.572000
1.148863 0.557902 0.568000
1.129311 0.557902 0.578000
1.151826 0.558346 0.580000
1.108841 0.554123 0.568000
1.151571 0.563236 0.568000
1.123076 0.554790 0.576000
1.145118 0.557013 0.584000
1.141900 0.557013 0.562000
1.137085 0.551234 0.582000
1.132754 0.557013 0.586000
1.130754 0.551900 0.570000
1.116252 0.555012 0.574000
1.127850 0.553012 0.578000
1.143765 0.559680 0.594000
1.125101 0.562792 0.596000
1.175937 0.555901 0.594000
1.117920 0.552790 0.584000
1.154413 0.561458 0.592000
1.111799 0.554123 0.584000
1.134350 0.552790 0.576000
1.128810 0.549455 0.578000
1.118580 0.556346 0.584000
1.123751 0.554568 0.584000
1.134494 0.554790 0.582000
1.096599 0.554123 0.600000
1.118542 0.557013 0.596000
1.144659 0.555679 0.580000
1.139930 0.561903 0.598000
1.125330 0.559902 0.580000
1.158008 0.558346 0.588000
1.119313 0.556568 0.586000
1.156480 0.552567 0.576000
1.119122 0.557013 0.586000
1.166973 0.560347 0.590000
1.127119 0.560347 0.582000
1.132997 0.559235 0.588000
1.152524 0.558791 0.584000
1.108613 0.554790 0.584000
1.125669 0.557902 0.584000
1.116555 0.557235 0.588000
1.161817 0.558569 0.596000
1.154052 0.552567 0.584000
1.106439 0.557457 0.586000
1.099098 0.554123 0.576000
1.131624 0.555234 0.584000
1.115845 0.555679 0.590000
1.133384 0.552345 0.586000
1.151455 0.551456 0.584000
1.127112 0.555234 0.586000
1.158995 0.560791 0.590000
1.130969 0.557902 0.582000
1.136042 0.559013 0.568000
1.095422 0.548789 0.568000
1.105403 0.554345 0.582000
1.146084 0.553679 0.584000
1.143409 0.558124 0.584000
1.121201 0.560791 0.594000
1.130876 0.551011 0.574000
1.137734 0.561458 0.584000
1.112328 0.557013 0.582000
1.122315 0.552345 0.582000
1.111353 0.556346 0.586000
1.114007 0.557902 0.588000
1.095330 0.557457 0.582000
1.146049 0.557235 0.592000
1.110410 0.556124 0.570000
1.085301 0.559235 0.600000
1.125174 0.551011 0.582000
1.134576 0.561903 0.592000
1.146224 0.561680 0.590000
1.111194 0.554568 0.578000
1.111138 0.550345 0.582000
1.117731 0.557679 0.574000
1.130814 0.553901 0.586000
1.146060 0.558346 0.594000
1.109755 0.558346 0.580000
1.126926 0.559680 0.584000
1.119095 0.560791 0.580000
1.169118 0.554123 0.594000
1.125471 0.562347 0.586000
1.103534 0.557457 0.584000
1.100524 0.557679 0.584000
1.161122 0.558569 0.580000
1.136051 0.561236 0.574000
1.108254 0.555234 0.598000
1.163015 0.557235 0.578000
1.108953 0.555012 0.584000
1.087167 0.557457 0.582000
1.133429 0.560347 0.578000
1.103533 0.558569 0.586000
1.135167 0.555012 0.586000
1.158204 0.556346 0.580000
1.108136 0.557013 0.584000
1.120676 0.559235 0.582000
1.173885 0.556568 0.582000
1.126015 0.557235 0.586000
1.120158 0.558346 0.578000
1.115115 0.557679 0.584000
1.133250 0.559680 0.584000
1.103903 0.557235 0.582000
1.138206 0.560347 0.612000
1.136097 0.557679 0.574000
1.143767 0.555234 0.582000
1.154118 0.555234 0.578000
1.134366 0.561236 0.594000
1.112056 0.558569 0.586000
1.133495 0.559013 0.590000
1.141106 0.559680 0.596000
1.130992 0.558346 0.582000
1.111242 0.562125 0.572000
1.132056 0.560124 0.598000
1.118347 0.560347 0.568000
1.149263 0.558346 0.582000
1.124969 0.560347 0.578000
1.138005 0.557679 0.588000
1.136484 0.560791 0.576000
1.116691 0.558124 0.584000
1.131371 0.559458 0.596000
1.115904 0.554568 0.578000
1.122304 0.561680 0.586000
1.141486 0.553234 0.572000
1.134840 0.560124 0.586000
