1.984623 0.200044 0.200000
1.679551 0.200044 0.200000
1.682405 0.200044 0.200000
1.647960 0.199822 0.200000
1.633170 0.199822 0.200000
1.624550 0.200044 0.200000
1.615159 0.199822 0.200000
1.615087 0.200044 0.200000
1.612748 0.200044 0.200000
1.614342 0.200044 0.200000
1.618203 0.200044 0.200000
1.604211 0.200044 0.200000
1.603866 0.199822 0.200000
1.609803 0.200044 0.200000
1.605172 0.200044 0.200000
1.601890 0.200044 0.200000
1.608813 0.200044 0.200000
1.607308 0.200044 0.200000
1.607889 0.200044 0.200000
1.602624 0.200044 0.200000
1.604732 0.200044 0.200000
1.612294 0.200044 0.200000
1.598629 0.200044 0.200000
1.596224 0.200044 0.200000
1.596262 0.200044 0.200000
1.600997 0.200044 0.200000
1.596788 0.200044 0.200000
1.598209 0.200044 0.200000
1.594667 0.200044 0.200000
1.586964 0.200044 0.200000
1.585998 0.200044 0.200000
1.592821 0.200044 0.200000
1.596133 0.200044 0.200000
1.613735 0.200044 0.200000
1.616118 0.200044 0.200000
1.620838 0.200044 0.200000
1.604814 0.200044 0.200000
1.605042 0.200044 0.200000
1.600620 0.200044 0.200000
1.596243 0.200044 0.200000
1.597407 0.200044 0.200000
1.601527 0.200044 0.200000
1.600465 0.200044 0.200000
1.608790 0.200044 0.200000
1.608816 0.200044 0.200000
1.605078 0.200044 0.200000
1.592970 0.200044 0.200000
1.598465 0.200044 0.200000
1.620416 0.200044 0.200000
1.594002 0.200044 0.200000
1.596428 0.200044 0.200000
1.593066 0.200044 0.200000
1.593988 0.200044 0.200000
1.589284 0.200044 0.200000
1.585229 0.200044 0.200000
1.601682 0.200044 0.200000
1.589828 0.200044 0.200000
1.589025 0.200044 0.200000
1.590048 0.200044 0.200000
1.581225 0.200044 0.200000
1.596437 0.200044 0.200000
1.582961 0.200044 0.200000
1.585091 0.200044 0.200000
1.592032 0.200044 0.200000
1.587635 0.200044 0.200000
1.580216 0.200044 0.200000
1.581461 0.200044 0.200000
1.592319 0.200044 0.200000
1.593422 0.200044 0.200000
1.584189 0.200044 0.200000
1.590523 0.200044 0.200000
1.582385 0.200044 0.200000
1.590200 0.200044 0.200000
1.590226 0.200044 0.200000
1.580213 0.200044 0.200000
1.574779 0.200044 0.200000
1.591260 0.200044 0.200000
1.598401 0.200044 0.200000
1.588273 0.200044 0.200000
1.601671 0.200044 0.200000
1.580106 0.200044 0.200000
1.605924 0.200044 0.200000
1.597569 0.200044 0.200000
1.589532 0.200044 0.200000
1.593432 0.200044 0.200000
1.586557 0.200044 0.200000
1.586329 0.200044 0.200000
1.573990 0.200044 0.200000
1.596646 0.200044 0.200000
1.587722 0.200044 0.200000
1.584428 0.200044 0.200000
1.589867 0.200044 0.200000
1.585777 0.200044 0.200000
1.564709 0.200044 0.200000
1.589696 0.200044 0.200000
1.580110 0.200044 0.200000
1.600211 0.200044 0.200000
1.590480 0.200044 0.200000
1.578670 0.200044 0.200000
1.574157 0.200044 0.200000
1.563545 0.200044 0.200000
1.579094 0.200044 0.200000
1.569594 0.200044 0.200000
1.576750 0.200044 0.200000
1.568364 0.200044 0.200000
1.568919 0.200044 0.200000
1.592358 0.200044 0.200000
1.557436 0.200044 0.200000
1.563685 0.200044 0.200000
1.547503 0.200044 0.200000
1.587881 0.200044 0.200000
1.566628 0.200044 0.200000
1.561091 0.200044 0.200000
1.570516 0.200044 0.200000
1.562610 0.200044 0.200000
1.565912 0.200044 0.200000
1.558333 0.200044 0.200000
1.560964 0.200044 0.200000
1.548538 0.200044 0.200000
1.562634 0.200044 0.200000
1.567211 0.200044 0.200000
1.563509 0.200044 0.200000
1.560254 0.200044 0.200000
1.568150 0.200044 0.200000
1.580214 0.200044 0.200000
1.567166 0.200044 0.200000
1.556178 0.200044 0.200000
1.581161 0.200044 0.200000
1.566938 0.200044 0.200000
1.558840 0.200044 0.200000
1.550702 0.200044 0.200000
1.567289 0.200044 0.200000
1.563786 0.200044 0.200000
1.564178 0.200044 0.200000
1.567666 0.200044 0.200000
1.569530 0.200044 0.200000
1.554715 0.200044 0.200000
1.558228 0.200044 0.200000
1.562026 0.200044 0.200000
1.558040 0.200044 0.200000
1.560996 0.200044 0.200000
1.563567 0.200044 0.200000
1.566271 0.200044 0.200000
1.557283 0.200044 0.200000
1.568575 0.200044 0.200000
1.554945 0.200044 0.200000
1.558943 0.200044 0.200000
1.552198 0.200044 0.200000
1.561131 0.200044 0.200000
1.557549 0.200044 0.200000
1.549675 0.200044 0.200000
1.552393 0.200044 0.200000
1.555121 0.200044 0.200000
1.558177 0.200044 0.200000
1.548855 0.200044 0.200000
1.562032 0.200044 0.200000
1.542820 0.200044 0.200000
1.547382 0.200044 0.200000
1.559957 0.200044 0.200000
1.543888 0.200044 0.200000
1.567039 0.200044 0.200000
1.541513 0.200044 0.200000
1.562530 0.200044 0.200000
1.541499 0.200044 0.200000
1.540795 0.200044 0.200000
1.558715 0.200044 0.200000
1.548343 0.200044 0.200000
1.534941 0.200044 0.200000
1.537707 0.200044 0.200000
1.548819 0.200044 0.200000
1.553250 0.200044 0.200000
1.542738 0.200044 0.200000
1.536397 0.200044 0.200000
1.551100 0.200044 0.200000
1.552210 0.200044 0.200000
1.538461 0.200044 0.200000
1.542585 0.200044 0.200000
1.546391 0.200044 0.200000
1.529685 0.200044 0.200000
1.551206 0.200044 0.200000
1.551151 0.200044 0.200000
1.558188 0.200044 0.200000
1.532473 0.200044 0.200000
1.537121 0.200044 0.200000
1.541665 0.200044 0.200000
1.557118 0.200044 0.200000
1.535328 0.200044 0.200000
1.534585 0.200044 0.200000
1.555120 0.200044 0.200000
1.543142 0.200044 0.200000
1.534883 0.200044 0.200000
1.532883 0.200044 0.200000
1.545452 0.200044 0.200000
1.530493 0.200044 0.200000
1.541118 0.200044 0.200000
1.557696 0.200044 0.200000
1.531804 0.200044 0.200000
1.538276 0.200044 0.200000
1.541666 0.200044 0.200000
1.522181 0.200044 0.200000
1.550618 0.200044 0.200000
1.532450 0.200044 0.200000
1.532383 0.200044 0.200000
1.525426 0.200044 0.200000
1.538185 0.200044 0.200000
1.520607 0.200044 0.200000
1.521187 0.200044 0.200000
1.544903 0.200044 0.200000
1.529947 0.200044 0.200000
1.539528 0.200044 0.200000
1.551508 0.200044 0.200000
1.525809 0.200044 0.200000
1.531434 0.200044 0.200000
1.532665 0.200044 0.200000
1.533933 0.200044 0.200000
1.530686 0.200044 0.200000
1.529267 0.200044 0.200000
1.552743 0.200044 0.200000
1.521153 0.200044 0.200000
1.540450 0.200044 0.200000
1.532547 0.200044 0.200000
1.516967 0.200044 0.200000
1.526869 0.200044 0.200000
1.546073 0.200044 0.200000
1.533214 0.200044 0.200000
1.545371 0.200044 0.200000
1.529466 0.200044 0.200000
1.537319 0.200044 0.200000
1.534782 0.200044 0.200000
1.512828 0.200044 0.200000
1.532333 0.200044 0.200000
1.517550 0.200044 0.200000
1.541467 0.200044 0.200000
1.518962 0.200044 0.200000
1.518210 0.200044 0.200000
1.552999 0.200044 0.200000
1.538720 0.200044 0.200000
1.521831 0.200044 0.200000
1.531484 0.200044 0.200000
1.525369 0.200044 0.200000
1.527825 0.200044 0.200000
1.535990 0.200044 0.200000
1.530881 0.200044 0.200000
1.523318 0.200044 0.200000
1.517585 0.200044 0.200000
1.533077 0.200044 0.200000
1.529658 0.200044 0.200000
1.536069 0.200044 0.200000
1.538498 0.200044 0.200000
1.530831 0.200044 0.200000
1.519088 0.200044 0.200000
1.520297 0.200044 0.200000
1.519288 0.200044 0.200000
1.520616 0.200044 0.200000
1.519240 0.200044 0.200000
1.540751 0.200044 0.200000
1.537075 0.200044 0.200000
1.531970 0.200044 0.200000
1.515107 0.200044 0.200000
1.522359 0.200044 0.200000
1.521905 0.200044 0.200000
1.541611 0.200044 0.200000
1.516064 0.200044 0.200000
1.504171 0.200044 0.200000
1.535107 0.200044 0.200000
1.535924 0.200044 0.200000
1.499421 0.200044 0.200000
1.531429 0.200044 0.200000
1.525557 0.200044 0.200000
1.541899 0.200044 0.200000
1.513322 0.200044 0.200000
1.525640 0.200044 0.200000
1.530660 0.200044 0.200000
1.534469 0.200044 0.200000
1.511813 0.200044 0.200000
1.535814 0.200044 0.200000
1.519851 0.200044 0.200000
1.516181 0.200044 0.200000
1.507965 0.200044 0.200000
1.519385 0.200044 0.200000
1.516153 0.200044 0.200000
1.520747 0.200044 0.200000
1.529014 0.200044 0.200000
1.538419 0.200044 0.200000
1.518794 0.200044 0.200000
1.530018 0.200044 0.200000
1.518076 0.200044 0.200000
1.523694 0.200044 0.200000
1.508989 0.200044 0.200000
1.532840 0.200044 0.200000
1.514112 0.200044 0.200000
1.519834 0.200044 0.200000
1.517146 0.200044 0.200000
1.517173 0.200044 0.200000
1.513607 0.200044 0.200000
1.521023 0.200044 0.200000
1.512615 0.200044 0.200000
1.517859 0.200044 0.200000
1.522183 0.200044 0.200000
1.544707 0.200044 0.200000
1.520117 0.200044 0.200000
1.510217 0.200044 0.200000
1.532230 0.200044 0.200000
1.527311 0.200044 0.200000
1.535289 0.200044 0.200000
1.531195 0.200044 0.200000
1.545442 0.200044 0.200000
1.517571 0.200044 0.200000
1.519182 0.200044 0.200000
1.520512 0.200044 0.200000
1.523670 0.200044 0.200000
1.526682 0.200044 0.200000
1.519959 0.200044 0.200000
1.523390 0.200044 0.200000
1.506257 0.200044 0.200000
1.513172 0.200044 0.200000
1.542325 0.200044 0.200000
1.519244 0.200044 0.200000
1.526140 0.200044 0.200000
1.527459 0.200044 0.200000
1.528261 0.200044 0.200000
1.540247 0.200044 0.200000
1.521430 0.200044 0.200000
1.508736 0.200044 0.200000
1.520173 0.200044 0.200000
1.509230 0.200044 0.200000
1.531347 0.200044 0.200000
1.501812 0.200044 0.200000
1.517642 0.200044 0.200000
1.513406 0.200044 0.200000
1.515274 0.200044 0.200000
1.522798 0.200044 0.200000
1.535647 0.200044 0.200000
1.521759 0.200044 0.200000
1.503452 0.200044 0.200000
1.512478 0.200044 0.200000
1.533144 0.200044 0.200000
1.514300 0.200044 0.200000
1.525476 0.200044 0.200000
1.512591 0.200044 0.200000
1.528733 0.200044 0.200000
1.523369 0.200044 0.200000
1.520297 0.200044 0.200000
1.516968 0.200044 0.200000
1.509954 0.200044 0.200000
1.516496 0.200044 0.200000
1.514377 0.200044 0.200000
1.516439 0.200044 0.200000
1.513464 0.200044 0.200000
1.533575 0.200044 0.200000
